0
4.001642387820302
13.998299037025873
14.54233245562761
11.05249568423349
10.22361730748959
10.467868333619778
4.721018217503496
11.512053656928527
17.820882257901783
8.480077278539474
5.21956628178997
11.262734448170214
12.429641623956853
9.469767256379608
10.936402045462689
9.84662639587792
11.176058588339624
7.104419842605017
10.621881068812622
5.936379324975808
8.450180881495996
8.153321165022232
24.72066965941652
7.951381674275232
9.9811477501338
5.741794752514291
8.76264705440085
7.8946000633344555
31.343691052108145
7.117376613612615
31.626873332974288
10.718020886339085
11.821835749155055
7.013577800951567
9.861968389728318
7.606791287395767
8.566572042538374
6.260273739222577
15.998488659870347
6.008583714154226
9.181489648744355
9.01577917320516
24.656391140026926
18.371701773379648
13.964468271294807
18.63222863347276
18.030537508626917
22.32111445179199
10.887164779225088
25.264966101896945
9.825271502609988
12.504777290699737
7.0641552736332125
5.7759571163574215
6.667653723762275
8.203491749858735
8.775393546160776
10.5437776441843
30.29232532375154
21.621548540749775
10.844823766664001
7.334979239916063
7.188309712303724
26.6972772802771
8.525202853891498
6.224463041901634
10.413553463155628
8.431046343722699
7.085565412865802
11.68260232054485
10.596129465517103
15.670493575506821
25.48969828872052
9.168565995836005
11.208437055183035
15.894250082341141
8.543187014223644
9.00249238377911
18.39732671694453
5.080284389677362
7.273910945976748
12.157631588841681
8.374633821845622
9.592139829047541
14.88861960357646
7.526649682959849
14.396101952959375
8.399803622109236
17.509380421077164
8.269724859389221
18.85845256111974
5.963340159675541
8.144909159714425
8.600437366204105
11.269649347694909
33.74952253365961
7.188614576536999
10.782242602538679
8.177512101489084
7.786145978595571
8.175059883572704
11.358279877252558
23.852621429520116
8.012391928756346
8.398599507060668
8.310958596936949
9.979062212953682
7.942058083393816
4.875393436431475
18.856679636935027
24.144279498465053
10.885459208503784
24.16556343828963
9.79575896242857
11.320790485650726
27.18422318864379
8.948251355991303
8.118723200725631
8.991809373535444
5.201126298216583
19.082595866390925
6.751696108386389
15.646673965095554
5.605663314898603
26.71348387350484
5.894930904599265
13.355219537693872
12.047665065480473
22.34032227005695
17.7327097638799
14.238549663501482
12.292483723804528
19.73128003653087
22.671403500004132
23.300501896954938
11.32282281500509
8.315675438591846
7.90272986378756
18.648392662639885
9.20688793675685
5.505735029040259
8.014867794917075
13.941031052615871
10.414319596113883
7.346925874813219
4.558149362405668
6.3240852682423565
35.9669013800188
22.03125698297764
16.540789642577508
7.9956901872196084
10.15586320605001
25.904106754914334
14.433182194166436
8.16286787103665
8.344744967343173
13.0260502079487
7.933284074076751
9.528290803706565
6.369123891085797
13.049767198689741
16.807106407707455
7.4471358266114995
8.972535062623002
14.061801716707542
7.803131454742977
8.152086972671455
9.990822839486338
15.820605653703645
27.945582065507207
16.845119597675776
12.899650293709506
10.751668114762557
8.708215821854708
6.791647827294929
20.666696659359918
9.157640956054125
11.39887508309477
6.670539861960191
16.05279829469
9.480614292860913
15.74510365319963
7.806371044858146
9.319200569254908
10.23871638683288
9.68054564836101
19.438984504597894
6.9616491358010135
13.545184936352852
10.67219248374022
7.149048277917844
8.20933379026578
9.763396927299468
8.202887711044228
17.623090395557792
7.7030447201090135
22.256381442633394
17.070356055454756
9.678190308626917
8.23495659854977
9.44890761993155
6.2090724242836295
18.23241134381304
5.9236331503562045
12.341025272237317
9.911035126564752
7.465040378323565
16.949658273841475
17.747776179003363
10.407465537776368
6.4311590526124185
26.942880061715744
20.23385831768121
7.777405552624813
10.859815104319207
16.28332379737028
8.454834880114277
7.877211593578141
12.814626980524993
5.370347878862241
13.820195176624736
11.215726673738068
8.001878275130176
6.720576097329752
9.064201498753297
8.636968524893318
6.572993257261119
12.142027805107395
6.9315567263062325
9.08820946611589
6.079632530013697
13.47876617053653
19.342404732866097
4.7752882656443605
9.609186706480271
7.022407273862917
6.310445665719494
7.969743388591699
9.551110053287
17.408901809419184
10.333895692332195
8.834712736133492
9.067116695510249
8.029896279529359
7.350570923404559
6.968199058580265
7.430690695352659
33.30490667349192
6.322038766885174
6.7930912734925615
17.99272614141609
25.892422958271027
17.74871462275508
12.618628028434689
7.402102890395419
7.280993691111151
6.563738801171192
12.65239711082452
8.628520496585763
8.204022116620598
7.909034100950735
6.2861731164515655
9.565886994941962
12.413037185556199
9.004233184452708
17.190831996735923
13.138232411553588
13.238252213944268
9.356832252423876
21.280636220282485
7.309012462022518
10.950972546764884
8.00082548241102
17.10743251338433
24.07472967989459
5.875004327658054
13.079105754217313
11.818096935209157
19.128057394570945
9.496906149899612
7.74280948299785
7.472755846406333
6.842316479088074
8.613075386875547
18.667636333505016
6.642141559768291
16.54982699184501
18.22523030526633
28.027244312097547
9.016612445924478
9.502215543755998
15.257061107893554
6.1597748473463
10.475731306691662
10.13085929474889
16.86681199782587
6.196774623140641
6.877521130465526
13.041552881846435
8.26687792700483
