0
13.191581486690653
6.356472308600167
13.813095146997306
10.071531683413344
14.258365525192579
8.023591742480418
8.125338679095167
8.572327213190112
6.331623993889726
9.540037994159137
7.605798672723325
8.21905926307879
8.741673831709782
7.5347858901231675
10.16708479998083
8.353859953937475
8.031725917883339
19.718032401839686
9.878438727855668
6.943124625123795
17.979245920227
14.047851164146065
6.9458505865012645
7.8300492495258
28.982691850999704
6.99829740008244
16.647080771414558
10.51778843673896
25.853476577242027
8.07071424100745
13.680432019859625
11.736239139093898
11.675428959143206
12.381560420237868
9.165102129272709
10.383005326975448
16.008475484255197
6.614268849993874
9.639181977740666
11.94783644347383
8.297272798335564
6.950274708959316
7.533133642781059
12.800805545355315
14.81966289090284
11.386451293093767
12.107215738145621
12.9530221218834
8.042041054981008
8.554245510271416
7.609672493609759
16.502807739896877
11.6356656814297
10.253002004291288
10.394175378547308
13.19191044542071
11.966188230593692
14.51636576350981
14.33043025627634
8.757640765069022
18.47412118613502
6.300765261458263
7.670429482760355
9.08456731936086
7.99998982499361
12.971324156384432
8.90101509548202
8.779271318281397
7.758320182230338
7.2938934527450385
7.246058714915479
8.040639085296476
7.30504851866169
9.565454746116353
22.090190597864936
8.906850507895578
9.0822837794246
10.123406388168117
9.134009742166805
15.79481033757606
7.238814279286425
7.249454382917282
9.619939773719976
6.516212485792676
7.325652926531416
9.033066403497767
11.28471865223051
9.774761563332374
9.386803452187513
11.127886701885634
10.729066301407599
7.924542562192539
6.765997228790464
12.356979786743906
5.897643034297766
4.8213188703921706
7.268884880777832
8.80029748644898
11.136529148706945
8.03772615669399
9.689311709817103
11.941722072213844
11.766867104289018
7.640520997942569
9.380322862780396
5.298825199985416
30.690878708991086
6.590125680895587
7.063555365394862
8.975128783477173
7.806342129960685
11.399453194342247
7.553676933785358
10.395793728234445
11.189395958674432
7.394805728347406
13.959302872278403
6.986865624155174
9.021527208294644
11.39889779452378
7.767626434117453
8.381180871452312
17.02571369928433
9.047804296070929
11.418366062620295
7.8958145526601715
12.287451870912868
7.1288316714592295
20.958225833547935
9.562496637385054
8.676812803097684
10.456458300973612
7.150387268533109
6.707622148720146
10.182002760262712
18.397844409604083
21.792617992797513
9.559374904772758
9.638578354197211
7.716341685021489
9.804866341261366
10.331056985613868
6.753725671064806
7.081689754571429
9.566506537393865
12.853867738933582
6.029755300175993
14.261738037840917
7.311029816653644
18.3873549821608
11.643372456895664
10.419049340990904
27.60809618789399
15.533298249245169
10.463151669071777
8.869344040006453
10.132919800827432
8.094323591875966
6.502134431861601
7.656840852466547
7.689937240316081
8.246959124428832
10.339926862894238
7.571958337180745
8.852488377851785
6.897599818052689
7.786944923395766
6.589297993716836
15.622319700031703
10.114819824890585
8.805913018534689
6.623209319506791
25.232501811948747
10.812464725954266
9.528622243535548
9.427129448564852
12.169441473214802
16.774522858191983
7.769642256886593
6.1183593764996385
40.59749935266927
8.12302656157163
6.957341245763438
8.332013625169013
11.983256193539338
16.40812041947526
7.3250037542652935
7.7107714335206206
10.008105223767313
8.772465501214729
9.531745901460043
8.480316904455767
6.69810363087941
9.026475188577137
11.222000959721957
7.575371254268603
9.801452784664347
7.659099109555814
9.716530098754399
6.082308735998203
14.018829911230029
8.688198343154912
8.528897952842417
14.529994151753794
10.877506575498016
8.370080800685182
6.719608060742814
7.0408105896979185
7.18917394142049
10.304561694705885
8.206432044439248
8.314474579911774
12.646217431706674
8.529800324157526
13.131394178075642
9.287390878497742
6.562932912196999
7.997500129415425
8.990356083048137
8.598555869446907
7.103085459854653
11.297885423387694
27.336179144313434
10.890202793336703
15.55831762273817
8.314531982017902
15.833734380113881
8.49284755367736
10.978818370389414
6.553637131395037
10.691224742750595
8.554445452511823
8.273604366296228
9.115436074044943
7.737599134744598
6.827130940592858
7.336136330521628
5.856566342149656
8.76382287874428
7.723114656665289
7.660191564184308
13.353465005383438
7.285634306633979
18.24249773057418
6.7663320676714624
5.598175547444067
8.275517048499148
7.866633587501035
8.79232386630524
7.16659715415896
8.652832743674187
11.711981571877647
15.972904723938157
9.209870788452811
7.4062232912598445
11.572833350567416
9.943644286678786
7.484535449177805
6.991162953329061
12.198129686554559
7.53059607534476
6.531230005136887
8.307584125965873
8.090777911919004
7.413553634391532
8.814977765145128
7.107885568155807
9.749828965166678
11.03063402166866
7.409151644419497
15.708094480235449
9.430003233297446
11.26557680769166
7.454712614849607
9.550780326758451
14.975049801586545
7.441916250536833
18.964666067716433
10.133322134423782
14.282141310391777
8.662202925353434
8.364048051631533
10.07211591126684
10.412203801789538
6.82920888317239
12.508041806773756
10.978847393966396
10.7878322702014
14.10335080220268
11.70871470017082
10.228040012631842
6.3837674785348115
7.95095651918683
10.42970478824776
12.401033438387355
8.039197537689892
7.79924535131453
5.869826390959049
16.56438126976086
8.04084257090016
