z
0.001377126379104
0.016471731995318
0.011126638248389
0.0034361735200190003
0.003530750727723
0.04406065304047401
0.011520557958796002
0.081640012527383
0.022206656088044997
0.0038436855594509997
0.00025431583820400004
0.00037369302638499995
0.0011135517960989998
0.003987759329086999
4.24020648e-07
0.041299755979921
1.060905621e-06
0.0027599457282590006
0.020461052935942
0.002742370325205
0.0
0.011961481289084
0.001183592858286
0.016187694027841
8.980212972900001e-05
0.004367705682557
0.0007295903717539999
0.0026816446788309996
0.13878443530955498
0.0044647746059
0.048593403818362
0.010598291627396
0.004002430094543
0.0023219492197920004
9.32827977e-06
0.007379782196191
0.00413406783269
0.003996518303273
4.9592497064e-05
0.007872914481331
0.008869414767206998
0.003872416505209
0.002597193990154
0.038308307750068
0.003257882635783
4.6065788e-08
6.5933115183e-05
0.005592448450684
0.030861867814797
0.010404126833618
0.003610713810848
0.001082529353272
0.001030351406598
0.009242828409312
1.6077378699999998e-07
0.005768573639909
0.003630779152701
8.2410136851e-05
0.014471958942871
2.795851547e-06
0.003926597403842
0.001553932379063
0.003392263850743
0.001798504941254
0.0014982593404679998
0.0035895179276740005
0.003377638728486
0.0
0.040762548228458
0.00224570641728
0.0024521954110469997
0.04473388618397701
0.008323147326419
0.0040134915010259994
0.036234361879752
0.0021808156980929997
0.001000527843825
0.008914234930395
0.0
0.0005981458283849999
5.6307880410000005e-06
0.0008398410980030001
0.012341561634003
0.005149412672744
0.000290155726943
1.5201675500000002e-07
0.00098258682622
0.015902471284716002
0.020470627807301002
0.00036005233972400004
0.009689720643828002
9.066000463099999e-05
0.034816180054553
0.07790378672082401
0.010586397913045999
0.0006523002134259999
0.026115542704065
0.007996511599643001
0.001068235449506
0.004147016795272001
1.9351877125e-05
1.5822497868e-05
0.005924966876726
0.007667542176760999
0.044307964223165
3.0107e-11
2.00651236e-07
7.320959791e-06
0.001740913792823
0.04217537264338
0.027821759129927997
3.358855e-09
0.043317020468908
0.0029519356550590002
0.021824692016217
0.004916798977735
0.0008268066047469999
0.055378404184098
0.0058445274524
6.719886629e-06
0.017722420698476002
0.188551814682844
0.002061077672272
0.0028939427409859996
6.447982076300001e-05
0.0018935459465420001
0.009218992814586002
0.035621578559011005
1.0473789199999999e-07
0.0005070465978430001
0.0021864109079899998
0.00540064336334
7.63919641e-07
0.000900785543178
0.0017826412464120001
0.0049799895784379995
9.034980786e-06
8.6873173383e-05
0.037236002813808
3.441982594e-06
0.004080025431722
0.010031031873033001
0.00015439326434600002
0.004355333923755
0.002743585336384
0.004031047468329
0.004989418849199
0.039055195448897004
0.000774046047853
0.003118587329906
0.002322123618428
8.2822608165e-05
0.027712734372472
0.007569780808561999
0.028958769378301004
1.8082749572e-05
0.031507896855058996
0.016116305974824
0.0050961600714540005
0.006468275155422
0.0
0.00314740790331
3.353182153e-05
0.01127347878948
0.07258290051075299
0.038174540241289
0.012207462584378
0.06215030495430901
0.032584208010934
0.021557305303738002
0.031830712537266
0.007304977903419001
1.56340732e-06
0.0010010773354650001
0.14050705057127
0.00073816035424
0.004238489751409001
0.035997202225164004
0.0008164062094530001
0.00103559035813
0.000988694822553
0.007959730814979
0.099478013419748
0.003729656393414
0.043910613608963
0.065564334699779
1.0732893667999999e-05
2.2826396969999994e-06
0.002342169607526
0.001725366520545
0.002447511097506
0.077445474674827
0.009473090219672
0.113367790400096
0.037673319073254996
2.93964e-10
3.2778382769999996e-06
0.009632023781963001
0.051937817944708004
0.005757904306380999
0.005053044674948
0.010527393561333
0.0
0.013421975010567
0.01863617948993
0.0018533154755939996
0.000132908259482
0.026443417994517996
0.0011440474311570001
0.028824837993127995
0.044694962897637996
0.017555384251748
1.7485436700000002e-07
0.023517165560127003
0.002368177163718
5.335624188e-06
0.006929371424230999
0.033659401391194
1.446657738e-06
0.0
0.0009509567180169999
0.010347964820139
0.008316754554133
0.000811952852303
0.008538655782758
0.004718490898638
0.0061453771932069995
0.00085130468051
0.016062681635981003
1.07299186e-07
0.003954898767345
0.005942827088517
0.002417511683461
0.012073563899158002
0.004826988931225001
0.0
0.006814505238238001
0.003420269718634
0.0068107967848680005
0.0022748303100429998
0.001382872658489
0.025268251496032998
0.009470354795695999
0.002019429339676
0.000622320846811
0.024269970935691002
0.110464707074037
0.004167271078183
0.003531435467907
0.028827912451612005
0.29523686550881395
0.348888876505817
0.05284766327065099
0.013071757271308
0.032861904632147
0.0020385676676929997
0.025404974782677003
2.227072339e-06
0.0011581242415010001
0.00039502958081099996
0.0007120441487939999
0.004751600808572999
1.9624276575e-05
0.00014077352464700001
0.036998277846005
1.4963443242e-05
0.041228427896839
0.059504382292799
0.0018491903156079997
4.193718e-09
5.5202963538999996e-05
0.000777843856536
0.005951113203096
0.013665987525953001
0.005694599260503
0.046391355888579004
0.004397477867438
0.004465479299358
0.00611866282333
0.004796845105483
0.017402753155371
0.001722410298683
1.2895238095e-05
0.037230800672081
0.001300358784582
0.0004953364556949999
0.010337823217566999
0.0
0.068843831358353
0.002568530503998
0.0019665422857370004
1.6076964485e-05
0.0029948310749579993
0.063140784415502
0.0031655060358950003
0.013516494900238001
1.8040900000000002e-10
0.0005096698047930001
0.007406850868396
0.013205411543063999
