z
0.003073472194758
0.0
0.000357780752996
0.014039796163299999
0.022474396980025
0.0015035969153339998
0.0026686255945370004
0.005032007962381
1.0775913142000002e-05
0.0
1.0929847185999999e-05
8.263861235e-06
0.011175057886783997
3.6955058544e-05
0.001553143933022
0.011389518009908001
8.152523690000001e-07
7.591932e-08
0.0009706336990780001
0.011346573662461
0.007827802496523
0.009394490162484
0.0009265045525389999
0.026450072864096997
0.034731280071361
0.0028583039267759997
0.014893526851575
0.007496884455783
0.009051713945972
0.001905547007908
2.15779879e-07
2.272420104e-06
0.002668551085171
2.5153705244000004e-05
0.011974110519948001
0.000248412364156
0.0021855623200939998
0.001586610683096
1.6167289666e-05
0.000524016959817
0.008464321429468
2.6557276005999997e-05
0.027846342373463
0.0018892719247400002
0.05278235759021099
0.024484938270237004
0.0030014820293680004
0.0
4.909070264999999e-06
0.039957978530569004
3.1071994721e-05
4.304569168e-06
0.014599757345523
0.004176982210110999
1.971350067e-06
0.005699494573739
1.0953716980000002e-05
0.000444924554261
0.012090457466419
0.002581581215184
6.291369669e-06
0.006441556734868001
5.2235984e-08
0.0037222098508109995
0.0027635072719179995
2.4498299841999996e-05
0.0027841685171220002
0.001171156015306
3.73343726e-07
0.0049279185603959995
1.7164489854999998e-05
0.001111427701687
0.003939795340962999
0.003328063008027
0.007623436149003001
0.0035124415105549996
0.0
0.022707809511302003
0.002385208561768
6.118404e-09
0.0
0.0
0.0004155533558319999
1.7110119702999998e-05
0.009507568602694999
0.0047516069733100005
0.0009889328623010002
0.003016180635841
3.3519127111e-05
0.001113511729517
1.1364061417e-05
0.0025335864267399997
0.009536956395984002
0.0059352045220200005
0.0013345629020359998
3.4688837489999998e-06
0.001270346662822
0.00199600505631
2.6591771740000003e-06
3.3641434698e-05
0.000885254641244
0.0
0.004530354706545
0.005072579271459
0.001055854485265
6.8142367372e-05
0.000343722054116
0.037710034298199
1.2350083028e-05
0.00013414787811700003
0.001909938740303
0.031575167634577996
0.007704866707518
0.011956713018201
0.028043189027977995
0.002397228367953
0.005482986723043
0.000377290644604
0.019923119952226002
0.006945185303839
4.4283160804e-05
0.013137233188278998
0.0007188287225710001
0.059991646749047
0.004092985568988
0.0
0.001776076172031
9.343810349200001e-05
0.00026661471456
7.134005456e-06
6.131182582e-06
0.005926398091356
0.00301872830708
0.00025774618851900005
7.179750763999999e-06
0.052999923598683
6.3939603204e-05
0.0
0.008701087737778999
0.002341059660198
8.576667501e-06
0.004527519667729
0.0026183233451820003
0.000354627514339
5.7673889351000004e-05
2.7209648e-08
0.0
2.0745777137999998e-05
0.02269741001162
0.0024269782459770003
0.009873869888346001
0.001520884212048
0.009881330219158
1.7018496e-06
2.1448566000000003e-08
0.008716925908813
2.2663079130000004e-06
0.0
3.71325308e-06
0.006944484460768001
0.00095320061271
0.00465123761687
0.000962242220107
5.7972584599e-05
0.0031160288399160003
0.00555886431983
0.0011912115888730002
0.005655132479375999
2.9592810525e-05
0.00507697726272
0.0005961156544720001
2.6789009e-08
5.344152772999999e-06
0.008818573697891
0.0072074417091769994
0.025333270300058996
0.0042756900137220005
0.013166974205269
0.0031241299110640005
0.03532622139461
0.013034775383467
0.0022209720323759998
1.2245542131e-05
2.1359187699999995e-07
0.00223851032753
0.008249044089768
0.002299192122115
1.19e-12
0.0011745705772530002
7.856972027e-06
8.944742239e-06
0.012305916648425
1.1686507477e-05
0.007286070979566
0.0019084133314829998
0.000138442442785
0.004035311338445999
0.016012154864171
0.0020795975077779996
0.0033560516216199995
0.0035328958779989998
1.446874891e-06
0.000784040325668
0.001879292026701
0.002143068048413
0.0
0.001081623582476
0.0076498385763740006
0.0034013573695469996
0.00204528516424
0.0027006837048660004
1.0727234566e-05
2.7556128694000005e-05
0.0038653916684349998
0.003473651587786
0.0
0.0
2.4134423149999997e-05
0.0054484519149650005
1.3529172652e-05
0.0022897937627339997
0.000994687855001
1.753113397e-06
0.003868814615723
0.09390498863449101
0.009062937885107999
0.006303369484618
0.001570478324665
0.003986845815047
0.04958285838787099
6.0245181839999996e-06
0.005916621507002
0.0
0.022915954209540002
0.008169895410793
0.002678392055449
0.002100489132785
7.453052651e-06
0.018515426323555
0.071126643381634
7.087789034e-06
0.009635994493053001
4.0134991181999994e-05
2.8885992834000003e-05
0.0
0.002674349240376
0.002650162763999
0.002293307124199
0.044887163145899
3.8707548500000003e-07
0.002730076424241
0.003618945643215
0.0023264770663559997
0.0069745893235
2.3479746016e-05
4.8731628723000005e-05
0.028542271726351005
0.0020625659587489996
0.001649820144356
3.732588288e-06
0.0007693742255910002
6.048675479999999e-07
0.0024876536554600003
0.00735629224086
0.025955995641314
0.005679848898170999
0.004831389480478
0.0022299708506939996
0.004676314139819
0.001217836453693
0.000925663887557
0.003919085874789
0.001033357070595
5.817336986e-06
0.0064262021863780005
0.014391162621277001
0.001691714443852
0.008501423829908001
8.039013556999999e-05
0.0035095212515640004
0.049258351572185
0.008047521985115
0.0005856592165369999
8.461755509999999e-06
4.2282928990000004e-06
4.21359935e-07
6.855528399999999e-08
0.006627228171667001
1.9991176e-08
8.912687152000001e-05
0.00267310372483
0.0
0.0020111858321329996
0.0023717254494829997
8.880000000000001e-13
0.007991690466391
0.009544398832051
0.003150740924641
0.0008076769874349999
0.001880801552661
