   2.1000000e-01   3.7632509e+00
   2.2000000e-01   4.1896221e+00
   2.3000000e-01   4.4823414e+00
   2.4000000e-01   4.7098385e+00
   2.5000000e-01   4.8965202e+00
   2.6000000e-01   5.0546205e+00
   2.7000000e-01   5.1913597e+00
   2.8000000e-01   5.3114370e+00
   2.9000000e-01   5.4181182e+00
   3.0000000e-01   5.5137817e+00
   3.1000000e-01   5.6002219e+00
   3.2000000e-01   5.6788303e+00
   3.3000000e-01   5.7507099e+00
   3.4000000e-01   5.8167509e+00
   3.5000000e-01   5.8776828e+00
   3.6000000e-01   5.9341113e+00
   3.7000000e-01   5.9865442e+00
   3.8000000e-01   6.0354123e+00
   3.9000000e-01   6.0810833e+00
   4.0000000e-01   6.1238740e+00
   4.1000000e-01   6.1640589e+00
   4.2000000e-01   6.2018774e+00
   4.3000000e-01   6.2375394e+00
   4.4000000e-01   6.2712300e+00
   4.5000000e-01   6.3031127e+00
   4.6000000e-01   6.3333333e+00
   4.7000000e-01   6.3620217e+00
   4.8000000e-01   6.3892943e+00
   4.9000000e-01   6.4152556e+00
   5.0000000e-01   6.4400000e+00
   5.1000000e-01   6.4636128e+00
   5.2000000e-01   6.4861714e+00
   5.3000000e-01   6.5077460e+00
   5.4000000e-01   6.5284008e+00
   5.5000000e-01   6.5481942e+00
   5.6000000e-01   6.5671799e+00
   5.7000000e-01   6.5854071e+00
   5.8000000e-01   6.6029209e+00
   5.9000000e-01   6.6197630e+00
   6.0000000e-01   6.6359718e+00
   6.1000000e-01   6.6515827e+00
   6.2000000e-01   6.6666287e+00
   6.3000000e-01   6.6811402e+00
   6.4000000e-01   6.6951455e+00
   6.5000000e-01   6.7086709e+00
   6.6000000e-01   6.7217408e+00
   6.7000000e-01   6.7343782e+00
   6.8000000e-01   6.7466044e+00
   6.9000000e-01   6.7584392e+00
   7.0000000e-01   6.7699013e+00
   7.1000000e-01   6.7810082e+00
   7.2000000e-01   6.7917763e+00
   7.3000000e-01   6.8022210e+00
   7.4000000e-01   6.8123568e+00
   7.5000000e-01   6.8221971e+00
   7.6000000e-01   6.8317550e+00
   7.7000000e-01   6.8410423e+00
   7.8000000e-01   6.8500706e+00
   7.9000000e-01   6.8588506e+00
   8.0000000e-01   6.8673925e+00
   8.1000000e-01   6.8757058e+00
   8.2000000e-01   6.8837997e+00
   8.3000000e-01   6.8916827e+00
   8.4000000e-01   6.8993632e+00
   8.5000000e-01   6.9068488e+00
   8.6000000e-01   6.9141468e+00
   8.7000000e-01   6.9212644e+00
   8.8000000e-01   6.9282080e+00
   8.9000000e-01   6.9349841e+00
   9.0000000e-01   6.9415987e+00
   9.1000000e-01   6.9480575e+00
   9.2000000e-01   6.9543660e+00
   9.3000000e-01   6.9605293e+00
   9.4000000e-01   6.9665525e+00
   9.5000000e-01   6.9724403e+00
   9.6000000e-01   6.9781972e+00
   9.7000000e-01   6.9838276e+00
   9.8000000e-01   6.9893356e+00
   9.9000000e-01   6.9947251e+00
