         0      4.000000      0.000000
     20000      4.008198      0.011261
     40000      4.011017      0.012217
     60000      4.014915      0.008552
     80000      4.014191      0.026333
    100000      4.019909      0.024548
    120000      4.027786      0.046880
    140000      4.039005     -0.189753
    160000      4.079849     -0.169212
    180000      4.104751     -0.124165
    200000      4.126973     -0.155270
    220000      4.148599     -0.175029
    240000      4.175363     -0.128397
    260000      4.206616      0.204859
    280000      4.233042      0.194448
    300000      4.256338      0.238855
    320000      4.274968      0.255693
    340000      4.282498      0.292090
    360000      4.308883      0.315105
    380000      4.310542      0.367062
    400000      4.385313      0.255269
    420000      4.398339      0.302448
    440000      4.396374      0.363306
    460000      4.464139      0.183047
    480000      4.489622      0.249262
    500000      4.494922      0.277412
    520000      4.537425      0.182756
    540000      4.543034      0.132800
    560000      4.581984      0.201900
    580000      4.619191      0.192274
    600000      4.637048      0.200814
    620000      4.657608      0.087829
    640000      4.672510      0.053072
    660000      4.716427      0.129899
    680000      4.735301      0.135250
    700000      4.763042      0.128016
    720000      4.784628      0.131699
    740000      4.805484      0.190582
    760000      4.823814      0.210848
    780000      4.839332      0.059531
    800000      4.866149      0.053979
    820000      4.896442      0.104248
    840000      4.904668      0.018846
    860000      4.934060      0.020669
    880000      4.986444      0.087352
    900000      5.017298      0.125341
    920000      5.026861      0.185889
    940000      5.070316      0.139678
    960000      5.089287      0.155370
    980000      5.118274      0.157507
   1000000      5.146003      0.167918
   1020000      5.168273      0.161470
   1040000      5.174241      0.056121
   1060000      5.192456      0.045892
   1080000      5.209446      0.002023
   1100000      5.230505     -0.002703
   1120000      5.267292      0.018079
   1140000      5.295597     -0.011513
   1160000      5.299500     -0.051477
   1180000      5.318333     -0.054648
   1200000      5.312329     -0.109140
   1220000      5.315697     -0.164157
   1240000      5.345600     -0.168201
   1260000      5.348207     -0.200500
   1280000      5.371894     -0.216836
   1300000      5.372852     -0.263699
   1320000      5.372069     -0.300250
   1340000      5.373225     -0.332050
   1360000      5.386356     -0.370048
   1380000      5.360844     -0.414346
   1400000      5.342996     -0.437997
   1420000      5.393791     -0.453896
   1440000      5.480621     -0.421318
   1460000      5.457217     -0.472937
   1480000      5.480722     -0.488974
   1500000      5.509916     -0.491172
   1520000      5.546754     -0.487045
   1540000      5.562826     -0.497750
   1560000      5.533499     -0.574884
   1580000      5.488503     -0.628305
   1600000      5.418162     -0.687355
   1620000      5.421641     -0.709470
   1640000      5.431599     -0.735205
   1660000      5.395787     -0.774038
   1680000      5.472023     -0.770748
   1700000      5.465442     -0.804816
   1720000      5.444412     -0.845255
   1740000      5.444682     -0.866327
   1760000      5.441576     -0.888787
   1780000      5.415057     -0.916976
   1800000      5.370216     -0.947313
   1820000      5.382641     -0.967518
   1840000      5.355429     -0.978319
   1860000      5.303479     -0.996305
   1880000      5.465811     -1.038456
   1900000      5.495446     -1.055194
   1920000      5.447282     -1.080193
   1940000      5.452432     -1.115770
   1960000      5.652287     -1.097712
   1980000      5.637490     -1.136415
   2000000      5.646416     -1.154989
   2020000      5.738069     -1.154121
   2040000      5.771157     -1.164708
   2060000      5.770919     -1.194920
   2080000      5.773311     -1.214270
   2100000      5.578615     -1.330011
   2120000      5.637932     -1.345579
   2140000      5.621479     -1.374895
   2160000      5.628538     -1.386437
   2180000      5.622321     -1.408339
   2200000      5.754351     -1.403403
   2220000      5.760768     -1.421477
   2240000      5.840642     -1.393790
   2260000      5.705915     -1.514760
   2280000      5.719192     -1.532144
   2300000      5.746359     -1.544435
   2320000      5.761035     -1.554083
   2340000      5.800622     -1.561222
   2360000      5.827327     -1.570236
   2380000      5.828429     -1.605604
   2400000      5.824958     -1.640644
   2420000      5.774765     -1.696955
   2440000      5.748301     -1.733842
   2460000      5.838373     -1.724506
   2480000      5.817817     -1.771236
   2500000      5.738995     -1.831787
   2520000      5.777836     -1.834695
   2540000      5.779178     -1.873884
   2560000      5.699416     -1.933235
   2580000      5.706380     -1.955993
   2600000      5.746642     -1.967371
   2620000      5.780449     -1.956810
   2640000      5.781493     -1.988923
   2660000      5.794878     -2.026703
   2680000      5.746747     -2.072658
   2700000      5.768647     -2.087067
   2720000      5.802900     -2.097328
   2740000      5.830481     -2.107068
   2760000      5.894478     -2.100067
   2780000      5.845623     -2.156463
   2800000      5.735427     -2.218460
   2820000      5.803977     -2.228379
   2840000      5.749037     -2.269507
   2860000      5.815068     -2.289883
   2880000      5.816253     -2.319474
   2900000      5.836802     -2.339628
   2920000      5.882339     -2.352717
   2940000      5.863699     -2.396530
   2960000      5.804912     -2.438116
   2980000      5.749078     -2.475929
   3000000      5.852457     -2.489847
   3020000      5.958820     -2.469884
   3040000      5.985586     -2.477879
   3060000      5.985883     -2.504475
   3080000      6.007358     -2.526964
   3100000      5.994280     -2.563418
   3120000      5.987878     -2.602942
   3140000      6.044345     -2.590875
   3160000      6.052275     -2.622801
   3180000      6.114345     -2.599591
   3200000      5.996774     -2.703625
   3220000      6.007481     -2.720928
   3240000      6.010790     -2.745741
   3260000      5.997883     -2.772690
   3280000      6.053255     -2.798681
   3300000      6.042515     -2.823752
   3320000      6.034824     -2.855066
   3340000      6.181551     -2.810953
   3360000      6.148779     -2.871248
   3380000      6.114926     -2.929467
   3400000      6.215950     -2.907682
   3420000      6.187182     -2.948738
   3440000      6.183245     -2.975142
   3460000      6.267816     -2.954963
   3480000      6.170011     -3.048993
   3500000      6.304450     -2.978314
   3520000      6.262538     -3.063335
   3540000      6.285519     -3.073317
   3560000      6.233386     -3.128811
   3580000      6.237097     -3.157562
   3600000      6.109590     -3.205852
   3620000      6.139827     -3.236814
   3640000      6.189341     -3.261932
   3660000      6.226208     -3.282886
   3680000      6.195813     -3.312256
   3700000      6.142559     -3.353864
   3720000      6.177058     -3.378531
   3740000      6.069691     -3.412396
   3760000      6.164161     -3.436061
   3780000      6.118237     -3.459415
   3800000      6.112077     -3.482791
   3820000      6.126202     -3.496485
   3840000      6.018353     -3.540268
   3860000      6.069365     -3.556276
   3880000      6.006750     -3.580177
   3900000      5.864742     -3.564658
   3920000      5.922362     -3.604699
   3940000      6.045832     -3.663503
   3960000      6.057177     -3.684715
   3980000      5.974931     -3.705688
   4000000      5.991970     -3.739602
   4020000      5.933377     -3.750891
   4040000      5.940922     -3.787771
   4060000      5.948834     -3.801601
   4080000      6.027305     -3.845545
   4100000      5.956241     -3.855650
   4120000      5.924132     -3.876550
   4140000      5.905619     -3.892655
   4160000      5.887168     -3.907923
   4180000      5.871190     -3.926487
   4200000      5.860178     -3.947418
   4220000      5.825599     -3.954407
   4240000      5.826557     -3.958530
   4260000      6.006507     -4.086610
   4280000      6.062722     -4.115316
   4300000      5.989259     -4.134194
   4320000      6.019396     -4.180136
   4340000      6.065620     -4.207694
   4360000      6.048175     -4.239798
   4380000      5.972746     -4.260669
   4400000      6.034952     -4.291596
   4420000      6.081745     -4.301387
   4440000      6.088025     -4.331756
   4460000      6.119711     -4.354501
   4480000      6.133053     -4.368340
   4500000      6.124465     -4.392154
   4520000      5.959620     -4.431167
   4540000      5.968044     -4.461609
   4560000      5.963782     -4.478390
   4580000      5.962743     -4.498713
   4600000      5.963724     -4.515874
   4620000      5.941409     -4.535110
   4640000      6.006191     -4.575540
   4660000      5.938790     -4.589329
   4680000      5.916086     -4.614877
   4700000      5.937283     -4.636758
   4720000      5.860060     -4.639783
   4740000      5.879760     -4.670246
   4760000      5.885984     -4.693348
   4780000      5.884711     -4.715576
   4800000      5.873768     -4.738652
   4820000      5.869729     -4.762459
   4840000      5.888750     -4.783915
   4860000      5.850209     -4.802264
   4880000      5.866859     -4.824939
   4900000      5.905807     -4.848341
   4920000      5.879428     -4.871361
   4940000      5.925241     -4.897408
   4960000      5.912232     -4.921269
   4980000      5.923851     -4.947988
   5000000      5.925855     -4.967150
   5020000      5.832722     -5.011064
   5040000      5.840025     -5.029346
   5060000      5.821546     -5.053740
   5080000      5.807740     -5.078847
   5100000      5.808070     -5.108636
   5120000      5.799632     -5.142400
   5140000      5.796328     -5.166804
   5160000      5.757639     -5.187316
   5180000      5.819969     -5.215650
   5200000      5.614794     -5.189309
   5220000      5.617748     -5.214329
   5240000      5.571539     -5.220349
   5260000      5.580899     -5.246936
   5280000      5.546201     -5.262264
   5300000      5.558690     -5.294559
   5320000      5.509381     -5.311957
   5340000      5.481851     -5.322969
   5360000      5.465233     -5.338701
   5380000      5.441617     -5.361711
   5400000      5.420701     -5.370486
   5420000      5.427727     -5.397902
   5440000      5.430389     -5.431897
   5460000      5.393679     -5.451929
   5480000      5.433857     -5.496588
   5500000      5.394726     -5.501640
   5520000      5.344872     -5.506817
   5540000      5.357712     -5.541691
   5560000      5.338449     -5.549803
   5580000      5.331968     -5.565834
   5600000      5.295585     -5.575382
   5620000      5.257604     -5.571829
   5640000      5.236112     -5.577600
   5660000      5.194896     -5.555008
   5680000      5.233771     -5.645342
   5700000      5.162380     -5.599147
   5720000      5.168424     -5.655173
   5740000      5.126162     -5.635382
   5760000      5.299902     -5.796785
   5780000      5.294004     -5.824589
   5800000      5.252129     -5.835356
   5820000      5.255384     -5.868669
   5840000      5.277785     -5.905868
   5860000      5.313555     -5.948442
   5880000      5.298145     -5.958048
   5900000      5.265515     -5.950586
   5920000      5.251529     -5.980517
   5940000      5.226536     -5.970639
   5960000      5.209164     -5.951557
   5980000      5.192218     -5.968190
   6000000      5.179906     -5.990743
   6020000      5.149010     -5.994440
   6040000      5.191686     -6.075335
   6060000      5.150401     -6.079767
   6080000      5.163267     -6.117421
   6100000      5.147945     -6.153742
   6120000      5.133893     -6.170131
   6140000      5.179643     -6.245884
   6160000      5.208972     -6.292859
   6180000      5.198499     -6.306146
   6200000      5.116887     -6.280501
   6220000      5.082785     -6.274015
   6240000      5.058457     -6.323350
   6260000      5.042747     -6.328666
   6280000      5.054696     -6.376286
   6300000      5.026332     -6.383484
   6320000      5.021121     -6.403853
   6340000      5.029322     -6.424303
   6360000      4.927549     -6.390189
   6380000      4.902419     -6.400199
   6400000      4.894336     -6.420391
   6420000      4.846507     -6.415674
   6440000      4.805382     -6.424495
   6460000      4.844154     -6.498995
   6480000      4.788906     -6.464962
   6500000      4.785418     -6.499439
   6520000      4.758714     -6.498888
   6540000      4.763844     -6.545665
   6560000      4.874298     -6.641518
   6580000      4.834308     -6.662570
   6600000      4.774729     -6.661370
   6620000      4.763210     -6.680815
   6640000      4.712932     -6.660131
   6660000      4.684251     -6.637742
   6680000      4.731111     -6.737725
   6700000      4.665449     -6.705856
   6720000      4.702587     -6.799491
   6740000      4.652109     -6.781884
   6760000      4.622295     -6.783856
   6780000      4.749396     -6.910348
   6800000      4.734846     -6.930171
   6820000      4.770908     -6.980005
   6840000      4.717420     -6.975255
   6860000      4.707642     -6.987178
   6880000      4.724015     -7.013675
   6900000      4.703693     -7.037100
   6920000      4.703840     -7.064459
   6940000      4.651994     -7.067932
   6960000      4.616538     -7.080503
   6980000      4.611322     -7.098486
   7000000      4.599338     -7.110710
   7020000      4.580849     -7.131684
   7040000      4.464721     -7.078687
   7060000      4.446633     -7.087322
   7080000      4.429829     -7.092770
   7100000      4.415160     -7.105556
   7120000      4.398062     -7.126613
   7140000      4.402277     -7.155901
   7160000      4.380397     -7.165665
   7180000      4.388905     -7.212329
   7200000      4.375668     -7.245485
   7220000      4.331022     -7.226514
   7240000      4.297840     -7.242367
   7260000      4.382847     -7.351393
   7280000      4.325048     -7.355237
   7300000      4.388099     -7.422224
   7320000      4.390838     -7.459901
   7340000      4.408586     -7.485281
   7360000      4.265543     -7.409304
   7380000      4.273687     -7.472783
   7400000      4.281558     -7.498381
   7420000      4.325797     -7.553359
   7440000      4.315229     -7.579063
   7460000      4.333940     -7.612295
   7480000      4.293061     -7.610636
   7500000      4.321920     -7.665249
   7520000      4.340336     -7.689983
   7540000      4.274829     -7.701041
   7560000      4.225482     -7.716340
   7580000      4.200487     -7.713315
   7600000      4.242285     -7.776231
   7620000      4.247598     -7.794837
   7640000      4.210499     -7.799102
   7660000      4.191972     -7.816551
   7680000      4.234259     -7.859216
   7700000      4.075766     -7.802190
   7720000      4.046178     -7.800399
   7740000      4.382423     -7.979465
   7760000      4.327954     -7.968042
   7780000      4.281711     -7.944458
   7800000      4.246077     -8.037317
   7820000      4.298466     -8.088891
   7840000      4.286881     -8.115482
   7860000      4.236656     -8.109034
   7880000      4.224588     -8.126217
   7900000      4.186198     -8.108709
   7920000      4.525294     -8.221958
   7940000      4.555501     -8.242622
   7960000      4.594947     -8.248913
   7980000      4.587394     -8.277993
   8000000      4.580171     -8.313046
   8020000      4.520089     -8.338651
   8040000      4.531905     -8.359325
   8060000      4.543822     -8.385182
   8080000      4.532544     -8.411932
   8100000      4.549025     -8.437156
   8120000      4.555595     -8.454227
   8140000      4.583796     -8.472741
   8160000      4.600779     -8.486014
   8180000      4.559882     -8.526757
   8200000      4.567756     -8.538080
   8220000      4.559443     -8.562209
   8240000      4.629420     -8.565029
   8260000      4.601476     -8.607367
   8280000      4.600434     -8.631284
   8300000      4.591477     -8.648991
   8320000      4.663567     -8.646107
   8340000      4.663702     -8.678437
   8360000      4.696785     -8.687180
   8380000      4.680845     -8.720543
   8400000      4.679512     -8.746846
   8420000      4.675276     -8.774068
   8440000      4.733188     -8.771988
   8460000      4.760920     -8.778703
   8480000      4.788092     -8.792684
   8500000      4.805938     -8.817745
   8520000      4.792989     -8.856399
   8540000      4.821609     -8.873619
   8560000      4.802446     -8.919319
   8580000      4.847892     -8.898603
   8600000      4.845027     -8.941499
   8620000      4.841864     -8.971904
   8640000      4.843652     -9.009589
   8660000      4.676612     -9.091864
   8680000      4.617987     -9.120367
   8700000      4.634611     -9.142913
   8720000      4.605477     -9.169582
   8740000      4.576878     -9.191058
   8760000      4.579663     -9.216328
   8780000      4.526227     -9.231291
   8800000      4.467968     -9.237410
   8820000      4.565620     -9.301238
   8840000      4.723172     -9.332939
   8860000      4.751316     -9.341411
   8880000      4.688245     -9.387503
   8900000      4.751411     -9.383492
   8920000      4.767094     -9.408581
   8940000      4.762376     -9.451376
   8960000      4.807245     -9.461212
   8980000      4.813666     -9.486809
   9000000      4.825952     -9.492377
   9020000      4.822364     -9.528237
   9040000      4.790489     -9.559249
   9060000      4.786454     -9.587949
   9080000      4.796972     -9.599101
   9100000      4.850309     -9.597851
   9120000      4.798245     -9.649630
   9140000      4.861511     -9.662727
   9160000      4.875327     -9.687217
   9180000      4.890500     -9.706299
   9200000      4.842009     -9.744319
   9220000      4.875797     -9.771650
   9240000      4.862967     -9.794866
   9260000      4.886712     -9.801463
   9280000      4.755191     -9.849192
   9300000      4.745423     -9.873876
   9320000      4.732839     -9.889373
   9340000      4.693040     -9.909807
   9360000      4.737107     -9.949622
   9380000      4.743769     -9.983679
   9400000      4.761877    -10.007589
   9420000      4.642506    -10.044376
   9440000      4.580774    -10.045526
   9460000      4.565844    -10.047300
   9480000      4.705293    -10.107164
   9500000      4.703022    -10.125269
   9520000      4.730404    -10.156178
   9540000      4.757317    -10.183779
   9560000      4.814478    -10.195189
   9580000      4.790072    -10.222326
   9600000      4.807318    -10.244972
   9620000      4.882518    -10.254264
   9640000      4.890608    -10.268539
   9660000      4.871362    -10.303823
   9680000      4.746358    -10.342990
   9700000      4.692628    -10.363000
   9720000      4.731163    -10.399203
   9740000      4.730327    -10.428099
   9760000      4.710711    -10.446671
   9780000      4.722634    -10.466869
   9800000      4.735638    -10.481951
   9820000      4.730402    -10.498946
   9840000      4.759774    -10.520193
   9860000      4.789168    -10.538533
   9880000      4.764186    -10.578917
   9900000      4.774954    -10.604952
   9920000      4.803912    -10.604136
   9940000      4.637049    -10.648026
   9960000      4.676678    -10.665990
   9980000      4.631718    -10.684941
  10000000      4.636676    -10.697859
