         0      4.000000      0.000000
     20000      3.999278      0.004384
     40000      4.001459      0.011505
     60000      4.002670     -0.001446
     80000      4.002471     -0.000626
    100000      4.001815      0.012835
    120000      4.001921      0.009191
    140000      4.002412      0.007172
    160000      4.000551      0.000592
    180000      4.002034      0.014774
    200000      4.001474      0.008575
    220000      4.001328      0.013470
    240000      4.000739     -0.000417
    260000      4.001357     -0.020738
    280000      4.000917     -0.021707
    300000      3.999683     -0.030691
    320000      3.995724     -0.032425
    340000      3.998412     -0.025699
    360000      4.000887     -0.031183
    380000      4.000597     -0.024627
    400000      4.000823     -0.026507
    420000      4.002157     -0.025481
    440000      3.998294     -0.029391
    460000      4.000746     -0.029933
    480000      3.999829     -0.026453
    500000      4.001051     -0.021913
    520000      4.000177     -0.029011
    540000      4.001376     -0.033480
    560000      4.002224     -0.032402
    580000      4.002442     -0.029149
    600000      4.000450     -0.034077
    620000      4.002323     -0.018985
    640000      4.001662     -0.026360
    660000      4.004794     -0.020865
    680000      4.003546     -0.015396
    700000      3.998357     -0.039796
    720000      4.001080     -0.029133
    740000      4.002560     -0.015287
    760000      4.002516     -0.028671
    780000      4.001120     -0.023927
    800000      4.000972     -0.031490
    820000      4.001911     -0.029735
    840000      4.001541     -0.028673
    860000      4.001009     -0.031648
    880000      4.000369     -0.036205
    900000      4.002348     -0.020932
    920000      4.002753     -0.024831
    940000      4.002635     -0.028083
    960000      4.000626     -0.023169
    980000      4.003952     -0.023405
   1000000      4.002115     -0.031781
   1020000      4.000583     -0.043306
   1040000      4.000798     -0.039261
   1060000      4.000432     -0.023956
   1080000      3.998923     -0.033476
   1100000      4.001241     -0.022569
   1120000      4.001799     -0.018846
   1140000      4.001556     -0.027213
   1160000      3.999972     -0.026577
   1180000      4.002404     -0.025708
   1200000      4.003032     -0.020679
   1220000      3.999497     -0.036946
   1240000      4.002002     -0.025208
   1260000      4.000124     -0.028560
   1280000      4.000903     -0.015536
   1300000      3.998690     -0.024140
   1320000      3.999287     -0.013978
   1340000      3.999530     -0.037111
   1360000      3.999424     -0.028296
   1380000      4.000327     -0.033919
   1400000      3.998451     -0.037433
   1420000      3.999792     -0.012916
   1440000      3.999569     -0.035570
   1460000      3.999723     -0.033186
   1480000      4.001274     -0.023859
   1500000      4.000395     -0.027461
   1520000      3.999481     -0.026304
   1540000      4.001491     -0.018668
   1560000      3.999837     -0.033449
   1580000      4.002346     -0.023344
   1600000      4.002092     -0.027295
   1620000      4.001113     -0.011856
   1640000      3.999200     -0.020541
   1660000      3.998099     -0.038323
   1680000      4.000309     -0.040302
   1700000      4.002594     -0.020906
   1720000      4.002711     -0.030107
   1740000      3.999443     -0.017014
   1760000      3.998377     -0.026247
   1780000      3.998746     -0.027577
   1800000      4.000062     -0.039515
   1820000      4.001755     -0.023984
   1840000      4.003297     -0.034061
   1860000      3.999793     -0.022557
   1880000      4.001797     -0.026669
   1900000      4.001037     -0.015160
   1920000      3.999180     -0.030038
   1940000      4.000131     -0.032332
   1960000      4.001664     -0.025363
   1980000      4.002380     -0.029609
   2000000      4.003784     -0.022821
   2020000      4.000450     -0.028215
   2040000      4.000074     -0.019229
   2060000      4.000159     -0.037010
   2080000      3.999039     -0.041951
   2100000      4.001097     -0.023688
   2120000      4.001815     -0.020621
   2140000      4.000204     -0.037786
   2160000      4.001629     -0.037751
   2180000      4.002555     -0.026579
   2200000      4.003151     -0.026022
   2220000      4.002009     -0.026170
   2240000      3.998305     -0.020311
   2260000      3.999201     -0.023577
   2280000      4.000273     -0.020140
   2300000      3.999743     -0.025263
   2320000      4.000447     -0.034266
   2340000      4.000189     -0.025404
   2360000      4.001519     -0.019516
   2380000      3.999904     -0.030919
   2400000      3.999072     -0.030643
   2420000      4.002433     -0.033837
   2440000      4.000488     -0.037316
   2460000      4.001403     -0.037127
   2480000      3.999657     -0.028786
   2500000      4.001832     -0.023488
   2520000      4.002668     -0.024948
   2540000      4.002702     -0.029943
   2560000      4.001907     -0.021967
   2580000      4.000503     -0.030959
   2600000      4.003191     -0.024090
   2620000      4.002477     -0.025110
   2640000      3.998913     -0.033124
   2660000      4.000609     -0.035797
   2680000      4.000836     -0.035600
   2700000      4.000936     -0.032611
   2720000      4.002548     -0.024419
   2740000      4.000150     -0.035943
   2760000      4.001427     -0.037575
   2780000      4.002061     -0.025290
   2800000      4.002318     -0.034547
   2820000      4.002357     -0.029182
   2840000      4.003723     -0.031973
   2860000      3.998046     -0.039992
   2880000      4.000779     -0.039236
   2900000      4.001457     -0.031130
   2920000      4.001831     -0.027967
   2940000      4.002151     -0.023711
   2960000      4.003222     -0.027597
   2980000      4.001512     -0.023113
   3000000      4.000847     -0.031092
   3020000      4.004503     -0.018601
   3040000      4.000864     -0.016450
   3060000      4.000487     -0.029833
   3080000      4.000312     -0.028304
   3100000      3.999623     -0.014991
   3120000      3.999269     -0.044277
   3140000      4.002464     -0.026727
   3160000      3.998862     -0.034840
   3180000      4.001413     -0.030031
   3200000      4.001944     -0.016580
   3220000      4.002254     -0.023121
   3240000      4.002466     -0.030625
   3260000      3.999276     -0.037552
   3280000      4.001584     -0.020685
   3300000      3.999481     -0.025197
   3320000      4.001278     -0.027162
   3340000      4.001014     -0.024237
   3360000      4.001945     -0.017386
   3380000      4.001260     -0.015602
   3400000      4.002704     -0.024822
   3420000      4.003672     -0.024346
   3440000      3.999866     -0.028080
   3460000      4.002207     -0.032805
   3480000      4.002718     -0.022755
   3500000      4.000095     -0.024126
   3520000      4.002140     -0.019876
   3540000      4.002484     -0.020689
   3560000      3.999485     -0.034124
   3580000      3.999566     -0.028006
   3600000      4.001246     -0.022797
   3620000      3.999768     -0.031441
   3640000      4.000119     -0.033459
   3660000      4.000986     -0.029232
   3680000      3.998290     -0.033740
   3700000      4.002322     -0.023137
   3720000      3.999259     -0.025402
   3740000      4.000572     -0.011337
   3760000      3.999637     -0.025386
   3780000      4.001993     -0.025018
   3800000      3.999050     -0.036630
   3820000      4.001788     -0.034671
   3840000      4.000933     -0.026568
   3860000      4.003020     -0.029284
   3880000      4.000457     -0.033901
   3900000      3.999700     -0.032998
   3920000      4.001466     -0.033180
   3940000      4.000783     -0.042552
   3960000      3.998956     -0.027323
   3980000      3.998496     -0.031176
   4000000      4.000382     -0.022870
   4020000      4.000736     -0.028600
   4040000      4.001526     -0.032330
   4060000      4.000098     -0.040857
   4080000      3.998819     -0.043465
   4100000      4.000479     -0.023587
   4120000      3.999489     -0.033456
   4140000      4.001014     -0.026001
   4160000      4.001647     -0.027047
   4180000      4.002184     -0.027156
   4200000      4.002362     -0.023708
   4220000      4.000690     -0.031756
   4240000      4.005160     -0.028927
   4260000      4.000825     -0.021078
   4280000      4.003057     -0.028222
   4300000      4.001723     -0.019996
   4320000      4.004634     -0.034735
   4340000      4.001104     -0.027882
   4360000      4.001321     -0.030689
   4380000      4.001336     -0.023354
   4400000      4.000836     -0.035226
   4420000      4.001720     -0.033467
   4440000      4.000295     -0.038208
   4460000      4.001573     -0.025359
   4480000      4.001494     -0.028759
   4500000      4.002730     -0.025899
   4520000      4.003659     -0.028852
   4540000      4.001973     -0.022850
   4560000      4.002588     -0.025201
   4580000      4.001822     -0.027756
   4600000      4.002635     -0.025942
   4620000      4.002658     -0.018273
   4640000      4.002895     -0.028385
   4660000      4.001758     -0.027897
   4680000      3.998655     -0.029967
   4700000      3.999537     -0.032038
   4720000      4.000865     -0.020235
   4740000      4.001022     -0.025290
   4760000      4.001809     -0.023257
   4780000      4.002823     -0.024531
   4800000      4.000077     -0.024924
   4820000      4.000557     -0.028854
   4840000      3.999621     -0.039215
   4860000      4.001315     -0.033439
   4880000      3.999537     -0.024864
   4900000      4.001871     -0.025420
   4920000      4.003020     -0.027314
   4940000      3.999069     -0.028099
   4960000      4.000234     -0.022571
   4980000      4.002012     -0.030950
   5000000      4.000076     -0.032097
   5020000      4.002948     -0.021087
   5040000      4.003621     -0.028117
   5060000      4.000408     -0.026846
   5080000      4.000903     -0.026600
   5100000      4.002604     -0.025181
   5120000      4.001984     -0.032251
   5140000      4.001650     -0.026694
   5160000      4.000678     -0.031992
   5180000      4.002272     -0.030724
   5200000      4.001843     -0.021369
   5220000      4.001045     -0.021896
   5240000      4.001539     -0.031704
   5260000      4.000467     -0.032540
   5280000      4.002971     -0.026348
   5300000      4.002203     -0.023556
   5320000      3.998479     -0.036136
   5340000      3.998721     -0.036103
   5360000      4.000644     -0.034623
   5380000      4.000669     -0.031096
   5400000      4.000892     -0.032827
   5420000      4.003535     -0.034483
   5440000      4.002598     -0.024552
   5460000      4.002742     -0.025105
   5480000      4.000790     -0.024939
   5500000      4.003146     -0.019051
   5520000      3.999398     -0.032758
   5540000      4.002366     -0.022566
   5560000      4.000661     -0.018855
   5580000      3.997881     -0.044565
   5600000      3.998558     -0.037391
   5620000      3.999992     -0.038750
   5640000      4.001995     -0.033160
   5660000      4.001793     -0.026225
   5680000      4.001867     -0.029449
   5700000      4.002830     -0.022530
   5720000      4.001568     -0.009188
   5740000      4.002454     -0.032136
   5760000      4.001403     -0.024954
   5780000      4.001634     -0.040086
   5800000      4.002164     -0.031728
   5820000      4.002055     -0.022870
   5840000      4.002483     -0.027490
   5860000      4.004933     -0.022285
   5880000      4.001658     -0.026326
   5900000      4.001670     -0.031307
   5920000      4.000277     -0.026847
   5940000      4.000281     -0.026627
   5960000      4.002844     -0.026783
   5980000      4.000366     -0.036781
   6000000      4.001588     -0.023546
   6020000      4.004158     -0.026903
   6040000      4.002129     -0.021125
   6060000      4.003215     -0.014852
   6080000      4.002421     -0.028996
   6100000      4.001878     -0.024556
   6120000      4.000892     -0.033558
   6140000      4.000681     -0.025150
   6160000      4.000573     -0.028312
   6180000      4.000372     -0.035321
   6200000      4.001822     -0.029799
   6220000      4.000846     -0.029367
   6240000      4.001851     -0.030026
   6260000      4.003516     -0.024581
   6280000      4.001773     -0.016323
   6300000      4.001184     -0.030763
   6320000      4.000493     -0.035422
   6340000      4.000148     -0.033360
   6360000      4.001055     -0.035343
   6380000      4.001520     -0.024813
   6400000      4.003848     -0.032052
   6420000      3.999523     -0.033471
   6440000      4.003802     -0.025602
   6460000      4.004110     -0.026276
   6480000      4.003087     -0.025631
   6500000      4.002146     -0.028260
   6520000      4.002968     -0.030971
   6540000      4.003608     -0.022692
   6560000      4.002285     -0.034403
   6580000      4.002735     -0.016826
   6600000      4.001905     -0.022014
   6620000      4.000885     -0.028812
   6640000      4.002264     -0.033294
   6660000      4.003484     -0.031821
   6680000      4.001698     -0.026405
   6700000      3.999101     -0.041364
   6720000      4.000345     -0.038762
   6740000      4.000882     -0.033022
   6760000      4.003981     -0.027982
   6780000      4.001608     -0.024497
   6800000      4.002242     -0.031498
   6820000      4.002191     -0.027183
   6840000      4.001848     -0.029270
   6860000      4.002460     -0.025886
   6880000      4.001608     -0.032110
   6900000      4.003275     -0.030356
   6920000      4.001936     -0.026762
   6940000      4.000824     -0.025448
   6960000      4.002038     -0.031303
   6980000      4.001899     -0.031531
   7000000      4.003190     -0.024137
   7020000      4.001219     -0.024740
   7040000      4.001728     -0.027788
   7060000      3.997940     -0.043659
   7080000      3.999421     -0.040295
   7100000      4.001295     -0.022720
   7120000      4.002027     -0.029006
   7140000      4.001818     -0.022997
   7160000      4.000619     -0.027732
   7180000      4.000178     -0.027598
   7200000      3.999776     -0.029625
   7220000      3.999806     -0.023538
   7240000      3.999688     -0.030619
   7260000      3.999934     -0.031793
   7280000      3.999768     -0.033114
   7300000      4.000713     -0.037744
   7320000      4.000478     -0.033379
   7340000      4.000738     -0.024800
   7360000      4.001724     -0.028729
   7380000      4.002691     -0.023156
   7400000      4.002387     -0.019807
   7420000      3.999992     -0.034111
   7440000      4.004084     -0.025720
   7460000      3.998953     -0.034860
   7480000      4.004666     -0.017903
   7500000      4.002210     -0.025697
   7520000      4.000876     -0.021101
   7540000      3.999701     -0.032193
   7560000      4.003173     -0.025029
   7580000      4.001310     -0.039012
   7600000      4.003767     -0.026645
   7620000      4.001935     -0.027057
   7640000      4.001790     -0.036203
   7660000      4.001070     -0.033419
   7680000      3.999941     -0.032835
   7700000      3.999975     -0.033684
   7720000      4.001296     -0.027160
   7740000      4.001684     -0.017758
   7760000      4.003728     -0.007675
   7780000      4.000719     -0.027134
   7800000      4.001393     -0.022060
   7820000      4.000514     -0.019921
   7840000      4.001067     -0.021882
   7860000      4.000209     -0.036383
   7880000      3.999808     -0.039188
   7900000      4.002687     -0.022747
   7920000      3.998670     -0.033413
   7940000      4.002431     -0.021454
   7960000      4.003026     -0.030049
   7980000      3.998735     -0.035155
   8000000      4.001034     -0.022411
   8020000      3.998419     -0.041263
   8040000      4.003244     -0.022646
   8060000      4.002303     -0.025559
   8080000      4.001312     -0.028471
   8100000      4.002405     -0.030150
   8120000      4.000393     -0.020917
   8140000      4.002179     -0.023654
   8160000      4.001091     -0.030269
   8180000      4.000705     -0.033853
   8200000      4.002340     -0.025671
   8220000      4.001339     -0.028638
   8240000      3.998997     -0.032986
   8260000      4.001331     -0.027668
   8280000      4.002725     -0.023382
   8300000      4.001630     -0.030378
   8320000      3.999222     -0.032015
   8340000      4.000309     -0.032823
   8360000      4.003312     -0.030798
   8380000      4.003422     -0.030209
   8400000      4.002630     -0.013060
   8420000      3.997853     -0.044880
   8440000      3.999830     -0.025758
   8460000      3.999899     -0.018311
   8480000      4.001304     -0.023555
   8500000      4.001698     -0.025378
   8520000      4.002452     -0.024399
   8540000      3.999771     -0.031042
   8560000      4.000566     -0.034482
   8580000      4.000892     -0.030147
   8600000      4.000397     -0.033208
   8620000      3.998543     -0.037544
   8640000      4.000990     -0.034928
   8660000      4.002003     -0.030980
   8680000      3.999886     -0.027881
   8700000      4.001382     -0.027906
   8720000      4.001648     -0.020640
   8740000      4.002902     -0.024612
   8760000      4.002276     -0.028812
   8780000      4.001535     -0.024580
   8800000      3.999055     -0.029741
   8820000      4.001187     -0.028154
   8840000      4.000737     -0.035989
   8860000      4.002069     -0.025655
   8880000      4.000641     -0.021961
   8900000      4.001569     -0.026319
   8920000      4.002293     -0.027121
   8940000      3.999542     -0.037111
   8960000      4.000579     -0.016337
   8980000      3.999995     -0.034852
   9000000      3.999948     -0.027372
   9020000      4.000152     -0.022970
   9040000      4.000597     -0.030652
   9060000      4.001358     -0.020250
   9080000      4.000234     -0.022674
   9100000      3.997557     -0.044955
   9120000      4.001430     -0.031500
   9140000      4.001625     -0.026376
   9160000      4.000106     -0.037466
   9180000      4.002905     -0.023381
   9200000      4.002608     -0.029603
   9220000      3.998550     -0.026887
   9240000      3.999610     -0.018201
   9260000      4.000740     -0.022399
   9280000      4.002724     -0.028250
   9300000      4.002352     -0.033092
   9320000      4.001281     -0.034371
   9340000      4.002269     -0.022488
   9360000      4.001318     -0.026733
   9380000      4.001662     -0.034927
   9400000      4.001080     -0.027403
   9420000      4.000962     -0.033192
   9440000      4.000524     -0.018710
   9460000      4.002007     -0.028981
   9480000      4.002737     -0.033023
   9500000      4.001810     -0.022804
   9520000      4.002404     -0.012102
   9540000      4.002487     -0.018777
   9560000      4.000772     -0.008291
   9580000      4.000088     -0.035706
   9600000      4.002389     -0.022099
   9620000      4.002600     -0.020241
   9640000      4.000986     -0.026195
   9660000      4.001365     -0.033946
   9680000      4.004035     -0.026997
   9700000      4.002684     -0.022251
   9720000      4.001578     -0.021910
   9740000      4.001246     -0.030658
   9760000      4.002458     -0.030933
   9780000      3.999732     -0.032983
   9800000      4.001302     -0.015724
   9820000      4.000326     -0.026156
   9840000      4.002381     -0.021724
   9860000      4.001808     -0.020465
   9880000      4.001630     -0.020414
   9900000      3.997873     -0.039966
   9920000      3.999977     -0.038998
   9940000      4.000180     -0.022306
   9960000      3.999535     -0.029956
   9980000      4.001620     -0.028920
  10000000      4.000877     -0.032422
