         0      4.000000      0.000000
     20000      4.006668      0.015461
     40000      4.006679      0.037467
     60000      4.004201      0.050027
     80000      4.005854      0.042780
    100000      4.004570      0.037497
    120000      4.005969      0.047757
    140000      4.005556      0.042864
    160000      4.008235      0.046254
    180000      4.008143      0.042054
    200000      4.011172      0.037535
    220000      4.006210      0.040879
    240000      4.010068      0.031536
    260000      4.010797      0.012503
    280000      4.007364      0.027024
    300000      4.012744      0.010095
    320000      4.010783      0.013917
    340000      4.007213      0.023004
    360000      4.011594      0.026081
    380000      4.012471      0.020689
    400000      4.009384      0.022699
    420000      4.013477      0.026032
    440000      4.006942      0.013952
    460000      4.008244      0.018399
    480000      4.001129      0.041533
    500000      3.999675      0.037126
    520000      4.011495      0.035433
    540000      4.072045      0.053059
    560000      4.283977     -0.391443
    580000      4.311287     -0.423930
    600000      4.386225     -0.253667
    620000      4.422692     -0.339687
    640000      4.443507     -0.354227
    660000      4.483589     -0.330080
    680000      4.519329     -0.224609
    700000      4.549074     -0.299558
    720000      4.573899     -0.377703
    740000      4.514179     -0.550938
    760000      4.578466     -0.533613
    780000      4.630406     -0.516674
    800000      4.669459     -0.524556
    820000      4.727731     -0.409366
    840000      4.748974     -0.280459
    860000      4.792159     -0.428608
    880000      4.820173     -0.438283
    900000      4.854853     -0.439165
    920000      4.846626     -0.553995
    940000      4.798312     -0.732550
    960000      4.877161     -0.696670
    980000      4.902920     -0.682238
   1000000      4.916577     -0.720578
   1020000      4.957470     -0.703086
   1040000      4.972760     -0.735695
   1060000      4.991894     -0.759402
   1080000      4.991307     -0.845529
   1100000      5.035479     -0.838155
   1120000      5.156012     -0.660187
   1140000      5.112130     -0.791313
   1160000      5.196545     -0.735202
   1180000      5.280165     -0.430143
   1200000      5.326965     -0.300668
   1220000      5.346949     -0.136257
   1240000      5.323169     -0.534741
   1260000      5.464985     -0.323212
   1280000      5.458074     -0.278296
   1300000      5.462676     -0.213348
   1320000      5.446360     -0.153851
   1340000      5.572765     -0.404654
   1360000      5.582596     -0.282730
   1380000      5.598934     -0.257879
   1400000      5.659809     -0.383768
   1420000      5.560485     -0.090534
   1440000      5.646654     -0.133666
   1460000      5.652108     -0.083071
   1480000      5.707429     -0.117163
   1500000      5.707674     -0.060664
   1520000      5.738524     -0.047643
   1540000      5.750339      0.001711
   1560000      5.764322      0.044494
   1580000      5.892992     -0.128664
   1600000      5.908843     -0.077484
   1620000      5.948243     -0.065847
   1640000      5.858796      0.127701
   1660000      6.018294     -0.109194
   1680000      6.071321     -0.098548
   1700000      6.103453     -0.087881
   1720000      6.098395     -0.029295
   1740000      6.167030     -0.132449
   1760000      6.194409     -0.140641
   1780000      6.216065     -0.073995
   1800000      6.240365     -0.153037
   1820000      6.167631      0.134721
   1840000      6.121130      0.235666
   1860000      6.118559      0.286761
   1880000      6.108944      0.314842
   1900000      6.311909      0.196922
   1920000      6.345964      0.192240
   1940000      6.324732      0.277128
   1960000      6.380083      0.287712
   1980000      6.345983      0.401961
   2000000      6.263416      0.561778
   2020000      6.278145      0.548180
   2040000      6.336089      0.291480
   2060000      6.596898      0.172454
   2080000      6.629616      0.182317
   2100000      6.850680     -0.209923
   2120000      6.850797     -0.086236
   2140000      6.922588     -0.230749
   2160000      6.942438     -0.279056
   2180000      6.954207     -0.087064
   2200000      6.946112      0.049775
   2220000      6.994736      0.016908
   2240000      7.048996     -0.064374
   2260000      7.060871      0.015831
   2280000      7.075902      0.062753
   2300000      7.101829      0.111500
   2320000      7.134453      0.096089
   2340000      7.143556     -0.060899
   2360000      7.087840      0.344032
   2380000      7.197372      0.124298
   2400000      7.186691      0.237533
   2420000      7.252457      0.170826
   2440000      7.287849      0.168966
   2460000      7.312227      0.151015
   2480000      7.346828      0.180429
   2500000      7.366068      0.115249
   2520000      7.315442      0.377450
   2540000      7.291301      0.212519
   2560000      7.348540      0.486068
   2580000      7.473575      0.347582
   2600000      7.454241      0.477770
   2620000      7.377176      0.592535
   2640000      7.501401      0.520457
   2660000      7.503205      0.568367
   2680000      7.636895      0.289949
   2700000      7.662103      0.332652
   2720000      7.663897      0.296545
   2740000      7.702528      0.480227
   2760000      7.754501      0.376683
   2780000      7.711611      0.572728
   2800000      7.756110      0.553209
   2820000      7.851641      0.411285
   2840000      7.877699      0.366962
   2860000      7.914046      0.215693
   2880000      7.947159      0.228271
   2900000      7.959599      0.172249
   2920000      7.980349      0.141998
   2940000      8.040230      0.211367
   2960000      8.074574      0.215866
   2980000      8.115411      0.248802
   3000000      8.131041      0.135521
   3020000      8.190206      0.273188
   3040000      8.211474      0.446278
   3060000      8.229390      0.468341
   3080000      8.274360      0.390864
   3100000      8.299785      0.384961
   3120000      8.331605      0.279607
   3140000      8.355461      0.298559
   3160000      8.390901      0.331212
   3180000      8.378131      0.611573
   3200000      8.437775      0.556617
   3220000      8.447713      0.616242
   3240000      8.473796      0.616791
   3260000      8.526444      0.502916
   3280000      8.532418      0.625040
   3300000      8.538351      0.686064
   3320000      8.572610      0.689465
   3340000      8.588181      0.696642
   3360000      8.613224      0.702622
   3380000      8.606621      0.755357
   3400000      8.591761      0.837813
   3420000      8.592256      0.868603
   3440000      8.805376      0.531292
   3460000      8.837332      0.403246
   3480000      8.866576      0.443642
   3500000      8.880736      0.278470
   3520000      8.897382      0.265319
   3540000      8.931789      0.301100
   3560000      8.964702      0.438928
   3580000      8.941568      0.670564
   3600000      8.986304      0.660246
   3620000      8.660241      1.182724
   3640000      8.672738      1.211049
   3660000      8.677575      1.244705
   3680000      8.963384      1.039720
   3700000      8.965524      1.103659
   3720000      9.000765      1.110103
   3740000      9.075115      1.023492
   3760000      9.127404      0.982125
   3780000      9.080483      1.153409
   3800000      9.139192      1.122256
   3820000      9.091030      1.277788
   3840000      9.155417      1.239252
   3860000      9.212401      1.202995
   3880000      9.245790      1.173319
   3900000      9.181073      1.370315
   3920000      9.221662      1.383605
   3940000      9.238301      1.405444
   3960000      9.301807      1.346815
   3980000      9.328352      1.330927
   4000000      9.351762      1.368512
   4020000      9.383988      1.404815
   4040000      9.477338      1.310747
   4060000      9.463863      1.413688
   4080000      9.552962      1.261547
   4100000      9.431498      1.538860
   4120000      9.454077      1.568462
   4140000      9.511518      1.546829
   4160000      9.556792      1.505070
   4180000      9.554140      1.578690
   4200000      9.428156      1.731525
   4220000      9.405723      1.791733
   4240000      9.423231      1.810249
   4260000      9.429465      1.834742
   4280000      9.414840      1.866284
   4300000      9.421182      1.911954
   4320000      9.599880      1.795467
   4340000      9.543978      1.862006
   4360000      9.501762      1.916429
   4380000      9.521627      1.923791
   4400000      9.826334      1.698675
   4420000     10.015083      1.479350
   4440000     10.083804      1.322602
   4460000     10.064450      1.545405
   4480000     10.174495      1.384476
   4500000     10.204369      1.420697
   4520000     10.170017      1.567980
   4540000     10.181275      1.593291
   4560000     10.225113      1.576741
   4580000     10.281967      1.433040
   4600000     10.316267      1.472039
   4620000     10.340977      1.471162
   4640000     10.141004      1.696796
   4660000     10.450362      1.199457
   4680000     10.511283      1.384902
   4700000     10.401089      1.667743
   4720000     10.586109      1.276383
   4740000     10.552437      1.550812
   4760000     10.509059      1.607640
   4780000     10.683156      1.205274
   4800000     10.623702      1.624867
   4820000     10.754611      1.372072
   4840000     10.722658      1.612660
   4860000     10.807787      1.455355
   4880000     10.821194      1.552335
   4900000     10.897955      1.316629
   4920000     10.921300      1.299043
   4940000     10.958122      1.356232
   4960000     10.992448      1.314902
   4980000     11.041264      1.253953
   5000000     11.081072      1.135590
   5020000     11.121131      1.091515
   5040000     11.136985      1.009530
   5060000     11.144718      0.960655
   5080000     11.172833      0.958789
   5100000     11.186787      0.920972
   5120000     11.199073      0.882756
   5140000     11.285398      0.985481
   5160000     11.317808      0.992234
   5180000     11.360302      1.002855
   5200000     11.374948      0.960031
   5220000     11.407063      0.949146
   5240000     11.437941      0.985353
   5260000     11.429522      0.912107
   5280000     11.506146      1.042479
   5300000     11.550062      1.068510
   5320000     11.595559      1.104820
   5340000     11.645639      1.182455
   5360000     11.649973      1.337941
   5380000     11.658514      1.810090
   5400000     11.652619      1.797704
   5420000     11.708828      1.619734
   5440000     11.673350      1.957690
   5460000     11.804949      1.707833
   5480000     11.808213      1.633299
   5500000     11.841290      1.825693
   5520000     11.780101      1.921723
   5540000     11.861930      1.850547
   5560000     11.887454      1.876262
   5580000     11.848763      1.997291
   5600000     11.821218      2.051670
   5620000     11.923581      2.005842
   5640000     11.915660      2.084144
   5660000     12.058278      1.844212
   5680000     12.127509      1.619164
   5700000     12.138226      1.839973
   5720000     12.158961      1.857161
   5740000     12.134467      1.971895
   5760000     12.251450      1.658619
   5780000     12.314243      1.431938
   5800000     12.326247      1.540071
   5820000     12.362119      1.710975
   5840000     12.404173      1.651394
   5860000     12.401105      1.750334
   5880000     12.458642      1.747651
   5900000     12.448602      1.927857
   5920000     12.458764      1.944540
   5940000     12.525036      1.832696
   5960000     12.564211      1.827412
   5980000     12.558966      1.958057
   6000000     12.570395      1.995451
   6020000     12.606925      1.992029
   6040000     12.659119      1.946585
   6060000     12.691331      1.937877
   6080000     12.689951      1.992129
   6100000     12.742507      1.958576
   6120000     12.782153      1.949310
   6140000     12.812808      1.938687
   6160000     12.847604      1.898565
   6180000     12.857069      1.966559
   6200000     12.878764      1.958104
   6220000     12.901519      1.987549
   6240000     12.953633      1.890722
   6260000     12.981651      1.898290
   6280000     12.976412      2.071806
   6300000     13.023148      1.940933
   6320000     13.021416      2.024684
   6340000     13.072350      2.123456
   6360000     13.032044      2.312685
   6380000     13.085018      2.290237
   6400000     13.131231      2.145819
   6420000     13.102896      2.314923
   6440000     13.104053      2.365174
   6460000     13.157567      2.363487
   6480000     13.244982      2.254671
   6500000     13.264978      2.306546
   6520000     13.233441      2.356632
   6540000     13.364429      2.151108
   6560000     13.351018      2.264691
   6580000     13.404944      2.120877
   6600000     13.392415      2.268696
   6620000     13.468655      2.197371
   6640000     13.518704      2.063883
   6660000     13.526564      2.104748
   6680000     13.595356      1.937174
   6700000     13.635127      2.071116
   6720000     13.669652      1.983617
   6740000     13.670161      2.092380
   6760000     13.708192      2.058718
   6780000     13.732346      1.895838
   6800000     13.775079      2.180595
   6820000     13.831878      2.060303
   6840000     13.858364      2.112182
   6860000     13.884643      2.096093
   6880000     13.915324      2.103980
   6900000     13.959956      2.049662
   6920000     13.976987      2.171119
   6940000     14.001514      2.179504
   6960000     14.023518      2.205778
   6980000     14.045107      2.204592
   7000000     13.979854      2.350477
   7020000     14.031902      2.371606
   7040000     14.070489      2.374863
   7060000     14.170746      2.234604
   7080000     14.188425      2.235133
   7100000     14.173667      2.357605
   7120000     14.243030      2.291850
   7140000     14.282685      2.237175
   7160000     14.294782      2.312015
   7180000     14.346190      2.253116
   7200000     14.327510      2.423688
   7220000     14.350929      2.466066
   7240000     14.411113      2.387134
   7260000     14.395163      2.454932
   7280000     14.418603      2.465914
   7300000     14.494133      2.126085
   7320000     14.580409      2.192921
   7340000     14.602004      2.108281
   7360000     14.630535      2.147368
   7380000     14.650724      2.166603
   7400000     14.640330      2.314654
   7420000     14.708644      2.236652
   7440000     14.749914      2.243375
   7460000     14.665620      2.455742
   7480000     14.627308      2.568666
   7500000     14.744625      2.358664
   7520000     14.729425      2.442349
   7540000     14.840629      2.311107
   7560000     14.879220      2.224890
   7580000     14.970740      1.939081
   7600000     14.989703      1.832612
   7620000     14.830823      1.705653
   7640000     14.798511      1.562680
   7660000     14.973678      2.146616
   7680000     14.993618      2.170323
   7700000     14.973565      2.254821
   7720000     15.010847      2.192863
   7740000     15.051445      2.254669
   7760000     15.098310      2.195636
   7780000     15.088476      2.333420
   7800000     15.062623      2.438595
   7820000     15.144220      2.390910
   7840000     15.209087      2.337581
   7860000     15.259621      2.331275
   7880000     15.285471      2.361523
   7900000     15.261136      2.410649
   7920000     15.318537      2.399372
   7940000     15.405163      2.064918
   7960000     15.434034      1.898337
   7980000     15.441070      1.818527
   8000000     15.472456      1.784436
   8020000     15.502826      2.008868
   8040000     15.568826      1.949541
   8060000     15.574722      1.685006
   8080000     15.615469      1.659683
   8100000     15.625792      1.613909
   8120000     15.658517      1.614341
   8140000     15.662113      1.500446
   8160000     15.672620      1.463756
   8180000     15.701264      1.457671
   8200000     15.798365      1.466716
   8220000     15.878816      1.519864
   8240000     15.897768      1.496048
   8260000     15.920506      1.456846
   8280000     15.976045      1.598833
   8300000     15.985178      1.650492
   8320000     16.026569      1.515985
   8340000     16.023003      1.364376
   8360000     16.070719      1.351894
   8380000     16.073897      1.298579
   8400000     15.976771      1.091420
   8420000     16.006581      1.072954
   8440000     15.967714      1.002063
   8460000     15.987270      0.989475
   8480000     15.967643      0.950492
   8500000     16.096082      1.006673
   8520000     16.356017      1.384306
   8540000     16.386831      1.425274
   8560000     16.377856      1.273973
   8580000     16.431178      1.276306
   8600000     16.332079      1.149183
   8620000     16.353790      0.973987
   8640000     16.517103      1.274126
   8660000     16.517778      1.215890
   8680000     16.563352      1.281893
   8700000     16.575339      1.083998
   8720000     16.545087      0.929670
   8740000     16.604918      0.946402
   8760000     16.618594      0.914674
   8780000     16.646940      0.923415
   8800000     16.605419      0.940291
   8820000     16.637630      1.033136
   8840000     16.630515      0.825648
   8860000     16.647295      0.693514
   8880000     16.698502      0.576564
   8900000     16.690100      0.515893
   8920000     16.729437      0.539755
   8940000     16.758875      0.530211
   8960000     16.834043      0.573938
   8980000     16.728152      0.402796
   9000000     16.736350      0.379388
   9020000     16.766553      0.368702
   9040000     16.857816      0.404140
   9060000     16.801960      0.329687
   9080000     16.790624      0.297082
   9100000     16.897506      0.316315
   9120000     16.910343      0.295049
   9140000     16.842489      0.216997
   9160000     17.097542      0.425954
   9180000     17.111142      0.397848
   9200000     16.971345      0.243376
   9220000     17.086359      0.286875
   9240000     17.033248      0.214281
   9260000     17.154848      0.272083
   9280000     17.129050      0.247920
   9300000     17.146234      0.193409
   9320000     17.148522      0.146475
   9340000     17.225199      0.172528
   9360000     17.278966      0.155572
   9380000     17.236069      0.080478
   9400000     17.225431      0.026875
   9420000     17.146917     -0.052000
   9440000     17.210700     -0.021126
   9460000     17.144124     -0.101193
   9480000     17.178250     -0.122402
   9500000     17.150993     -0.169228
   9520000     17.387154     -0.028535
   9540000     17.254086     -0.159541
   9560000     17.222327     -0.149266
   9580000     17.273939     -0.286292
   9600000     17.260609     -0.325507
   9620000     17.255523     -0.373768
   9640000     17.282745     -0.390131
   9660000     17.301008     -0.411711
   9680000     17.268667     -0.455578
   9700000     17.263409     -0.479897
   9720000     17.334749     -0.479124
   9740000     17.301168     -0.534832
   9760000     17.346584     -0.544229
   9780000     17.413226     -0.540549
   9800000     17.434985     -0.566433
   9820000     17.485743     -0.579138
   9840000     17.479090     -0.620585
   9860000     17.500972     -0.617044
   9880000     17.564303     -0.557499
   9900000     17.500373     -0.702797
   9920000     17.282595     -0.868923
   9940000     17.349377     -0.871584
   9960000     17.321417     -0.924431
   9980000     17.363646     -0.942273
  10000000     17.398219     -0.952856
