         0      4.000000      0.000000
     20000      4.008234     -0.013163
     40000      4.011541     -0.018864
     60000      4.016587     -0.004257
     80000      4.020078      0.015327
    100000      4.035133     -0.042642
    120000      4.065709      0.081788
    140000      4.035774      0.243502
    160000      4.130570      0.015624
    180000      4.154172      0.006188
    200000      4.201629     -0.046429
    220000      4.221360     -0.003236
    240000      4.196858      0.131579
    260000      4.249748      0.105064
    280000      4.288951      0.114728
    300000      4.298809      0.164534
    320000      4.390328     -0.112422
    340000      4.419860     -0.085291
    360000      4.462822      0.021184
    380000      4.492239      0.018606
    400000      4.521066      0.009484
    420000      4.523972     -0.056159
    440000      4.548030     -0.077436
    460000      4.599207     -0.037180
    480000      4.624645      0.029200
    500000      4.657951      0.031880
    520000      4.681432     -0.034907
    540000      4.719565      0.127604
    560000      4.734755      0.185336
    580000      4.761489      0.240342
    600000      4.762379      0.278222
    620000      4.750889      0.382042
    640000      4.905224     -0.020470
    660000      4.900760      0.179425
    680000      4.936232      0.176424
    700000      4.945358      0.205223
    720000      5.038911      0.083932
    740000      5.065309      0.046763
    760000      5.112732      0.059896
    780000      5.131739      0.125512
    800000      5.181987      0.069171
    820000      5.216052      0.033181
    840000      5.235462      0.138171
    860000      5.267826      0.117731
    880000      5.307028      0.046367
    900000      5.335716      0.097580
    920000      5.355720      0.147717
    940000      5.394146      0.129556
    960000      5.422840      0.053379
    980000      5.445463      0.068344
   1000000      5.483060      0.071480
   1020000      5.505232      0.034825
   1040000      5.554855      0.053637
   1060000      5.568378      0.028720
   1080000      5.582371     -0.076071
   1100000      5.582817     -0.080079
   1120000      5.672802      0.192925
   1140000      5.697460      0.186847
   1160000      5.728234      0.070588
   1180000      5.758163      0.292272
   1200000      5.788042      0.311818
   1220000      5.828089      0.264063
   1240000      5.844531      0.175883
   1260000      5.905444      0.260243
   1280000      5.940415      0.282667
   1300000      5.961130      0.274811
   1320000      5.972553      0.113285
   1340000      5.993227      0.300025
   1360000      6.044290      0.295288
   1380000      6.065651      0.342953
   1400000      6.065671      0.445148
   1420000      6.113895      0.441548
   1440000      6.174349      0.390156
   1460000      6.108904      0.601939
   1480000      6.125548      0.620284
   1500000      6.186151      0.619163
   1520000      6.239557      0.613651
   1540000      6.241077      0.654744
   1560000      6.332858      0.546013
   1580000      6.340997      0.569537
   1600000      6.399299      0.541287
   1620000      6.415147      0.591173
   1640000      6.396007      0.705190
   1660000      6.535282      0.455621
   1680000      6.570889      0.380256
   1700000      6.586730      0.308697
   1720000      6.630602      0.325163
   1740000      6.671275      0.367077
   1760000      6.703417      0.313033
   1780000      6.721104      0.349742
   1800000      6.742908      0.362830
   1820000      6.762884      0.350977
   1840000      6.814435      0.314147
   1860000      6.838553      0.192506
   1880000      6.854730      0.129026
   1900000      6.877979      0.154584
   1920000      6.896215      0.010522
   1940000      6.933935      0.036022
   1960000      6.906604     -0.107291
   1980000      6.810625     -0.277417
   2000000      6.964118     -0.151795
   2020000      6.995126     -0.139102
   2040000      6.956375     -0.278774
   2060000      7.025523     -0.216868
   2080000      7.053744     -0.199601
   2100000      7.060331     -0.169811
   2120000      7.093859     -0.186775
   2140000      7.122948     -0.331904
   2160000      7.146948     -0.379039
   2180000      7.217588     -0.316450
   2200000      7.254066     -0.326312
   2220000      7.273735     -0.350126
   2240000      7.281901     -0.393982
   2260000      7.368138     -0.267026
   2280000      7.377192     -0.326373
   2300000      7.393701     -0.376412
   2320000      7.414928     -0.406128
   2340000      7.406933     -0.458778
   2360000      7.395205     -0.519408
   2380000      7.346454     -0.579040
   2400000      7.486182     -0.524104
   2420000      7.468104     -0.580371
   2440000      7.620121     -0.403491
   2460000      7.698919     -0.330255
   2480000      7.677820     -0.452876
   2500000      7.734475     -0.396939
   2520000      7.773984     -0.291283
   2540000      7.818498     -0.241824
   2560000      7.862953     -0.242732
   2580000      7.902686     -0.164969
   2600000      7.930078     -0.182548
   2620000      7.966522     -0.240343
   2640000      7.990227     -0.183237
   2660000      7.914451     -0.622350
   2680000      7.835120     -0.750037
   2700000      7.975803     -0.628228
   2720000      8.003657     -0.599992
   2740000      8.075008     -0.539433
   2760000      8.083752     -0.590830
   2780000      8.090345     -0.676917
   2800000      8.160632     -0.578863
   2820000      8.190194     -0.609949
   2840000      8.236773     -0.566536
   2860000      8.239183     -0.643096
   2880000      8.309670     -0.538280
   2900000      8.343268     -0.572503
   2920000      8.362090     -0.594164
   2940000      8.397282     -0.592270
   2960000      8.383608     -0.705962
   2980000      8.446595     -0.626103
   3000000      8.343129     -0.852837
   3020000      8.359276     -0.870559
   3040000      8.479760     -0.631694
   3060000      8.502541     -0.732408
   3080000      8.598704     -0.645353
   3100000      8.629099     -0.649020
   3120000      8.657795     -0.645439
   3140000      8.668522     -0.648227
   3160000      8.691606     -0.616134
   3180000      8.601507     -0.945413
   3200000      8.560310     -1.034396
   3220000      8.716377     -0.895654
   3240000      8.758718     -0.862513
   3260000      8.744923     -0.924469
   3280000      8.721582     -1.001626
   3300000      8.717353     -1.054414
   3320000      8.751422     -1.062475
   3340000      8.796675     -1.035915
   3360000      8.604984     -1.202755
   3380000      8.783967     -1.164852
   3400000      8.727826     -1.230243
   3420000      8.836127     -1.187629
   3440000      8.813824     -1.242217
   3460000      8.811602     -1.269824
   3480000      8.793687     -1.319496
   3500000      8.863329     -1.316782
   3520000      9.074910     -1.158173
   3540000      9.079587     -1.215188
   3560000      9.089561     -1.240163
   3580000      9.123869     -1.251239
   3600000      9.128367     -1.283536
   3620000      9.188910     -1.209943
   3640000      9.219601     -1.210806
   3660000      9.041124     -1.485945
   3680000      8.994260     -1.535442
   3700000      8.980328     -1.564855
   3720000      8.953503     -1.601624
   3740000      8.885485     -1.622515
   3760000      8.967277     -1.663024
   3780000      8.950252     -1.699670
   3800000      8.943427     -1.730715
   3820000      8.925715     -1.752701
   3840000      9.045389     -1.774686
   3860000      9.048653     -1.804275
   3880000      9.116979     -1.820053
   3900000      9.139672     -1.848291
   3920000      9.204182     -1.847462
   3940000      9.359631     -1.764153
   3960000      9.369226     -1.816359
   3980000      9.465598     -1.768296
   4000000      9.439348     -1.810174
   4020000      9.353226     -1.936433
   4040000      9.336295     -1.973606
   4060000      9.502082     -1.925117
   4080000      9.507009     -1.952071
   4100000      9.525044     -1.972653
   4120000      9.510632     -2.007100
   4140000      9.545685     -2.021230
   4160000      9.586457     -2.018551
   4180000      9.600760     -2.034047
   4200000      9.502737     -2.174926
   4220000      9.424570     -2.236894
   4240000      9.578445     -2.204045
   4260000      9.628825     -2.202340
   4280000      9.590159     -2.271567
   4300000      9.501688     -2.320939
   4320000      9.548548     -2.325679
   4340000      9.631218     -2.325057
   4360000      9.590000     -2.376361
   4380000      9.661248     -2.365034
   4400000      9.486294     -2.472636
   4420000      9.511228     -2.509730
   4440000      9.814588     -2.432060
   4460000      9.865118     -2.442590
   4480000      9.876108     -2.472391
   4500000      9.893560     -2.498513
   4520000     10.017723     -2.423835
   4540000     10.087737     -2.374357
   4560000     10.147986     -2.317245
   4580000     10.177700     -2.313682
   4600000     10.170388     -2.377969
   4620000     10.172277     -2.449065
   4640000     10.207542     -2.434741
   4660000     10.241254     -2.439638
   4680000     10.183983     -2.596866
   4700000     10.209623     -2.613384
   4720000     10.211619     -2.631031
   4740000     10.307834     -2.536759
   4760000     10.346391     -2.540271
   4780000     10.250785     -2.720659
   4800000     10.298330     -2.732665
   4820000     10.390891     -2.667251
   4840000     10.264580     -2.852551
   4860000     10.300828     -2.873317
   4880000     10.281845     -2.929028
   4900000     10.244045     -3.013259
   4920000     10.300002     -3.002231
   4940000     10.373830     -2.990473
   4960000     10.408031     -2.995467
   4980000     10.383484     -3.062408
   5000000     10.389533     -3.078266
   5020000     10.450655     -3.074554
   5040000     10.465492     -3.098618
   5060000     10.464922     -3.150351
   5080000     10.513630     -3.161781
   5100000     10.446381     -3.244040
   5120000     10.535348     -3.205197
   5140000     10.566894     -3.190124
   5160000     10.566050     -3.219606
   5180000     10.497817     -3.354257
   5200000     10.357720     -3.460118
   5220000     10.622317     -3.368831
   5240000     10.549515     -3.455221
   5260000     10.528614     -3.480132
   5280000     10.679795     -3.457142
   5300000     10.718232     -3.475506
   5320000     10.816845     -3.444102
   5340000     10.866376     -3.435462
   5360000     10.879785     -3.458703
   5380000     10.646647     -3.674945
   5400000     10.783444     -3.515908
   5420000     10.942126     -3.498091
   5440000     11.081300     -3.430604
   5460000     11.234037     -3.255239
   5480000     11.181685     -3.402417
   5500000     11.206201     -3.428973
   5520000     11.237985     -3.433171
   5540000     11.253972     -3.442479
   5560000     11.272385     -3.488118
   5580000     11.303818     -3.487054
   5600000     11.326285     -3.480175
   5620000     11.329251     -3.568457
   5640000     11.349154     -3.592669
   5660000     11.393852     -3.587433
   5680000     11.387738     -3.648880
   5700000     11.384385     -3.702475
   5720000     11.420807     -3.702875
   5740000     11.429429     -3.729780
   5760000     11.415294     -3.777871
   5780000     11.444178     -3.811821
   5800000     11.454675     -3.838913
   5820000     11.488205     -3.850338
   5840000     11.536795     -3.825809
   5860000     11.559872     -3.842458
   5880000     11.542751     -3.924434
   5900000     11.581540     -3.930394
   5920000     11.610052     -3.949450
   5940000     11.572200     -4.021328
   5960000     11.710589     -3.921691
   5980000     11.707684     -3.997631
   6000000     11.776023     -3.966096
   6020000     11.757585     -4.031154
   6040000     11.776791     -4.041578
   6060000     11.861008     -3.963977
   6080000     11.895898     -3.968391
   6100000     11.911086     -3.983890
   6120000     12.001051     -3.844175
   6140000     11.982483     -3.995804
   6160000     12.018286     -3.993021
   6180000     12.024282     -4.044668
   6200000     12.112377     -3.920068
   6220000     12.146765     -3.867439
   6240000     12.168774     -3.995558
   6260000     12.183094     -4.041103
   6280000     12.199036     -4.086355
   6300000     12.228788     -4.086457
   6320000     12.258991     -4.104880
   6340000     12.259624     -4.129609
   6360000     12.319105     -4.085714
   6380000     12.350082     -4.099006
   6400000     12.248704     -4.200843
   6420000     12.282709     -4.306153
   6440000     12.344038     -4.284490
   6460000     12.502878     -3.928065
   6480000     12.531512     -3.967243
   6500000     12.555156     -3.979726
   6520000     12.576795     -4.030879
   6540000     12.608106     -4.100680
   6560000     12.611603     -4.136879
   6580000     12.672325     -4.108565
   6600000     12.695902     -4.132857
   6620000     12.739995     -4.111608
   6640000     12.768277     -4.089355
   6660000     12.783713     -4.130386
   6680000     12.823789     -3.937513
   6700000     12.799478     -4.345663
   6720000     12.797041     -4.439550
   6740000     12.833308     -4.427429
   6760000     12.906683     -4.256271
   6780000     12.949364     -4.204483
   6800000     12.973645     -4.382476
   6820000     12.986016     -4.419124
   6840000     13.003894     -4.462048
   6860000     13.052988     -4.424525
   6880000     13.034770     -4.550689
   6900000     13.087804     -4.519880
   6920000     13.165680     -4.334489
   6940000     13.187835     -4.279723
   6960000     13.225767     -4.328181
   6980000     13.224338     -4.437043
   7000000     13.281506     -4.237804
   7020000     13.300950     -4.051445
   7040000     13.335634     -4.130255
   7060000     13.318682     -3.964939
   7080000     13.396208     -4.129420
   7100000     13.416030     -4.097198
   7120000     13.408554     -3.949032
   7140000     13.444597     -3.966534
   7160000     13.452103     -3.925215
   7180000     13.494732     -3.957405
   7200000     13.619366     -4.131656
   7220000     13.650701     -4.167340
   7240000     13.658942     -4.045152
   7260000     13.676562     -3.967997
   7280000     13.622782     -3.764184
   7300000     13.772594     -4.057752
   7320000     13.772481     -3.967208
   7340000     13.757775     -3.753169
   7360000     13.790765     -3.774423
   7380000     13.794087     -3.717601
   7400000     13.842735     -3.754667
   7420000     13.844290     -3.703803
   7440000     13.848035     -3.671807
   7460000     13.869928     -3.643449
   7480000     13.885301     -3.611623
   7500000     13.902025     -3.592499
   7520000     13.911636     -3.561364
   7540000     13.915176     -3.516821
   7560000     13.950850     -3.510885
   7580000     13.974444     -3.477636
   7600000     13.855307     -3.358949
   7620000     13.818745     -3.323668
   7640000     14.038454     -3.379128
   7660000     14.051131     -3.356469
   7680000     14.042432     -3.295564
   7700000     14.153665     -3.397394
   7720000     14.204963     -3.436205
   7740000     14.290141     -3.574610
   7760000     14.251184     -3.366506
   7780000     14.286960     -3.339332
   7800000     14.290611     -3.299790
   7820000     14.308118     -3.258264
   7840000     14.279277     -3.155509
   7860000     14.358158     -3.202310
   7880000     14.395679     -3.209688
   7900000     14.406435     -3.177830
   7920000     14.466080     -3.260028
   7940000     14.489957     -3.236640
   7960000     14.525265     -3.264693
   7980000     14.547952     -3.241865
   8000000     14.590933     -3.313372
   8020000     14.618871     -3.344206
   8040000     14.591882     -3.105209
   8060000     14.623940     -3.112165
   8080000     14.608652     -3.031590
   8100000     14.712433     -3.105669
   8120000     14.742505     -3.129003
   8140000     14.783654     -3.125063
   8160000     14.808618     -3.126231
   8180000     14.813416     -3.038373
   8200000     14.836568     -2.963604
   8220000     14.796229     -2.835944
   8240000     14.846544     -2.850157
   8260000     14.884910     -2.857830
   8280000     14.740246     -2.667184
   8300000     14.803688     -2.679229
   8320000     14.854099     -2.696403
   8340000     14.788548     -2.598107
   8360000     14.770826     -2.569872
   8380000     14.753706     -2.503409
   8400000     14.894464     -2.562798
   8420000     14.902245     -2.533498
   8440000     14.878492     -2.477415
   8460000     14.920284     -2.454773
   8480000     14.968304     -2.463500
   8500000     14.948696     -2.399753
   8520000     14.952487     -2.371987
   8540000     15.104758     -2.450101
   8560000     15.007668     -2.337145
   8580000     15.036952     -2.322513
   8600000     15.041463     -2.299983
   8620000     15.105259     -2.311265
   8640000     15.125731     -2.291479
   8660000     15.006532     -2.178683
   8680000     15.026512     -2.144631
   8700000     15.015860     -2.101840
   8720000     15.037634     -2.090863
   8740000     15.033286     -2.050497
   8760000     15.063869     -2.041784
   8780000     14.966975     -1.983992
   8800000     15.004229     -1.969842
   8820000     15.474141     -2.248647
   8840000     15.385077     -2.086769
   8860000     15.468051     -2.143054
   8880000     15.460265     -2.066902
   8900000     15.529624     -2.099124
   8920000     15.573621     -2.100934
   8940000     15.633543     -2.140236
   8960000     15.671822     -2.175290
   8980000     15.682906     -2.121483
   9000000     15.734016     -2.142448
   9020000     15.719582     -2.054084
   9040000     15.762312     -2.061002
   9060000     15.599094     -1.849660
   9080000     15.696935     -1.884757
   9100000     15.671264     -1.824640
   9120000     15.731376     -1.831637
   9140000     15.740848     -1.813865
   9160000     15.825759     -1.843036
   9180000     15.865771     -1.855100
   9200000     15.883208     -1.831449
   9220000     15.868760     -1.737930
   9240000     15.920242     -1.754216
   9260000     15.956239     -1.762152
   9280000     15.984458     -1.752494
   9300000     15.987729     -1.712568
   9320000     15.969254     -1.637400
   9340000     16.000355     -1.624263
   9360000     16.021341     -1.566043
   9380000     16.036288     -1.540692
   9400000     15.956151     -1.450067
   9420000     16.100789     -1.502457
   9440000     15.945182     -1.366213
   9460000     16.015601     -1.364349
   9480000     16.050366     -1.343155
   9500000     16.129523     -1.356907
   9520000     16.112619     -1.292614
   9540000     16.087675     -1.240426
   9560000     16.047445     -1.179437
   9580000     16.165090     -1.216841
   9600000     16.210630     -1.236019
   9620000     16.249202     -1.214274
   9640000     16.287815     -1.236548
   9660000     16.311622     -1.230630
   9680000     16.332529     -1.212508
   9700000     16.372561     -1.228737
   9720000     16.388641     -1.173962
   9740000     16.404256     -1.159934
   9760000     16.300056     -0.988352
   9780000     16.362969     -1.015822
   9800000     16.298272     -0.912298
   9820000     16.336942     -0.892582
   9840000     16.323940     -0.840363
   9860000     16.408655     -0.894387
   9880000     16.478607     -0.932091
   9900000     16.483436     -0.911568
   9920000     16.518226     -0.896274
   9940000     16.465243     -0.740657
   9960000     16.558076     -0.844163
   9980000     16.407040     -0.616824
  10000000     16.443995     -0.612451
