         0      4.000000      0.000000
     20000      4.000465     -0.010767
     40000      4.001197      0.000307
     60000      4.003216     -0.004349
     80000      4.002646     -0.013008
    100000      4.001491     -0.002558
    120000      3.999773      0.003388
    140000      4.001421     -0.002093
    160000      4.000582     -0.006112
    180000      3.998758      0.008102
    200000      4.002220     -0.012162
    220000      4.000533     -0.010071
    240000      4.000356      0.000995
    260000      4.001017      0.002209
    280000      4.000436     -0.003493
    300000      4.001297      0.008605
    320000      4.002342     -0.001449
    340000      4.001420      0.000713
    360000      4.001177     -0.021092
    380000      3.999592     -0.011054
    400000      4.001704     -0.000860
    420000      4.000614      0.001049
    440000      4.000312     -0.017702
    460000      4.001811     -0.007453
    480000      4.002715     -0.009829
    500000      4.003021     -0.007243
    520000      4.003424     -0.004714
    540000      4.002651     -0.002020
    560000      4.001549      0.001825
    580000      4.000706     -0.002471
    600000      4.001399     -0.009752
    620000      4.001840     -0.006645
    640000      4.002142     -0.019028
    660000      4.000472     -0.005555
    680000      4.002484      0.001624
    700000      4.000458      0.004776
    720000      4.000422     -0.003459
    740000      4.003326      0.001088
    760000      4.001345     -0.001967
    780000      4.000774     -0.020322
    800000      4.002566     -0.004529
    820000      4.000290     -0.007034
    840000      4.002689     -0.015218
    860000      4.001456     -0.000264
    880000      4.000465     -0.015106
    900000      4.000549     -0.013464
    920000      3.998959      0.010166
    940000      4.003578     -0.005008
    960000      3.999499      0.002473
    980000      4.001728     -0.004012
   1000000      4.001795      0.001966
   1020000      4.000895      0.012230
   1040000      3.998892      0.006740
   1060000      4.001958      0.001803
   1080000      4.002504     -0.002568
   1100000      4.001796     -0.010943
   1120000      4.002909     -0.002077
   1140000      3.999915     -0.003597
   1160000      3.999377      0.004809
   1180000      3.999800      0.010489
   1200000      4.001518     -0.003861
   1220000      3.998671     -0.002646
   1240000      4.001105     -0.015918
   1260000      4.002835      0.006681
   1280000      4.002441     -0.009196
   1300000      4.003401     -0.009427
   1320000      4.003266     -0.005229
   1340000      4.002837      0.003678
   1360000      4.002768     -0.001732
   1380000      4.001659     -0.014849
   1400000      3.999410     -0.022027
   1420000      4.001915      0.001486
   1440000      4.000736      0.004162
   1460000      4.001634     -0.002287
   1480000      4.000970      0.002730
   1500000      4.002493     -0.006705
   1520000      4.001540     -0.002746
   1540000      4.000346     -0.009217
   1560000      3.999934     -0.000056
   1580000      4.000598     -0.000245
   1600000      4.001592     -0.007051
   1620000      3.999737      0.004016
   1640000      4.001989     -0.008437
   1660000      3.999753     -0.021672
   1680000      4.000542      0.001951
   1700000      3.999735      0.012904
   1720000      4.002004     -0.009824
   1740000      3.998351     -0.007941
   1760000      4.002410      0.004225
   1780000      4.003109      0.002702
   1800000      3.999602      0.007823
   1820000      4.002680      0.002690
   1840000      4.000770      0.007328
   1860000      4.001216      0.004101
   1880000      4.002849     -0.003718
   1900000      4.003141     -0.019151
   1920000      4.000635     -0.005967
   1940000      4.001288      0.002238
   1960000      4.003560     -0.018699
   1980000      4.003019     -0.008237
   2000000      4.002227     -0.000620
   2020000      3.999713     -0.009005
   2040000      4.000754      0.000654
   2060000      4.001792      0.000986
   2080000      4.003325     -0.022495
   2100000      4.000963     -0.016766
   2120000      4.000532     -0.003814
   2140000      4.001417     -0.003932
   2160000      4.001525     -0.001743
   2180000      4.001208     -0.002927
   2200000      3.999957     -0.009881
   2220000      4.000936     -0.003123
   2240000      4.004695     -0.003419
   2260000      4.001708      0.001805
   2280000      4.000429     -0.001648
   2300000      4.001320      0.002496
   2320000      4.001667     -0.013768
   2340000      4.000210     -0.007863
   2360000      4.001586     -0.008250
   2380000      3.999458      0.012592
   2400000      4.002954     -0.001688
   2420000      4.002187      0.005453
   2440000      4.002186     -0.010027
   2460000      4.003290     -0.005235
   2480000      4.000708     -0.017783
   2500000      4.001690     -0.016147
   2520000      4.003165     -0.007523
   2540000      4.001930      0.003265
   2560000      4.003192     -0.010288
   2580000      4.001742     -0.018972
   2600000      4.001078     -0.021772
   2620000      4.001518     -0.002265
   2640000      4.000559     -0.001659
   2660000      4.002916     -0.022225
   2680000      4.004290     -0.006709
   2700000      4.001518     -0.006854
   2720000      4.001419     -0.005892
   2740000      4.002105     -0.004875
   2760000      4.002324     -0.015585
   2780000      4.003379     -0.006094
   2800000      4.002528     -0.004128
   2820000      4.000790     -0.005609
   2840000      4.002988     -0.012154
   2860000      4.001464      0.002504
   2880000      4.002472     -0.017976
   2900000      4.000908     -0.019971
   2920000      3.999516     -0.016942
   2940000      4.000653     -0.013430
   2960000      4.001089     -0.019004
   2980000      3.999404     -0.006368
   3000000      4.002030     -0.012941
   3020000      4.000125     -0.006391
   3040000      4.003568     -0.001112
   3060000      4.001647     -0.018403
   3080000      4.000399     -0.000472
   3100000      4.002493     -0.015345
   3120000      4.001975     -0.004395
   3140000      4.002969     -0.003877
   3160000      4.000327      0.010917
   3180000      4.002114     -0.003548
   3200000      4.003109     -0.022454
   3220000      4.001332     -0.006171
   3240000      4.001725     -0.023796
   3260000      4.004049     -0.020744
   3280000      4.001087     -0.002158
   3300000      4.001867      0.003159
   3320000      3.998891      0.009583
   3340000      4.002995     -0.001153
   3360000      4.001585     -0.006533
   3380000      4.002278     -0.009670
   3400000      4.004251     -0.005928
   3420000      4.003626     -0.019569
   3440000      4.001612      0.001944
   3460000      4.003518     -0.008945
   3480000      4.001479     -0.016907
   3500000      3.999801      0.001665
   3520000      3.999221      0.001599
   3540000      4.003169     -0.000367
   3560000      4.002242      0.001943
   3580000      4.002485     -0.015334
   3600000      4.002914     -0.000883
   3620000      4.002726     -0.013713
   3640000      4.003170     -0.002773
   3660000      4.001242      0.001165
   3680000      4.002131     -0.006369
   3700000      4.001616      0.003060
   3720000      4.001519     -0.002315
   3740000      4.002696     -0.018111
   3760000      4.002915     -0.013398
   3780000      4.003734     -0.003370
   3800000      4.002718     -0.011974
   3820000      4.002807     -0.007775
   3840000      4.001384     -0.002912
   3860000      4.003980     -0.003309
   3880000      4.002398     -0.004103
   3900000      4.002127      0.000048
   3920000      4.002688      0.003109
   3940000      4.000931     -0.015057
   3960000      3.998057      0.013702
   3980000      4.001047     -0.001939
   4000000      4.001519     -0.019591
   4020000      4.002096     -0.008831
   4040000      4.001119     -0.002322
   4060000      4.002942     -0.000559
   4080000      4.001209      0.003783
   4100000      4.003174     -0.005823
   4120000      4.003927     -0.011278
   4140000      4.001894     -0.010897
   4160000      4.003221      0.003321
   4180000      4.002110     -0.007248
   4200000      4.000128      0.003810
   4220000      4.001130     -0.011507
   4240000      4.002254     -0.006953
   4260000      4.001037      0.005023
   4280000      4.001820     -0.007540
   4300000      4.001615      0.001650
   4320000      4.002111     -0.017620
   4340000      4.005041      0.005529
   4360000      4.000997     -0.017842
   4380000      4.000974     -0.012444
   4400000      4.002887     -0.011335
   4420000      4.001974     -0.002741
   4440000      4.000822      0.000704
   4460000      4.003492     -0.000332
   4480000      4.004275     -0.018283
   4500000      4.001243      0.014635
   4520000      4.001762      0.001061
   4540000      4.002074     -0.006322
   4560000      4.001922     -0.010878
   4580000      4.003619     -0.009742
   4600000      4.000734      0.003628
   4620000      4.002096     -0.001850
   4640000      4.003370      0.008604
   4660000      4.001168     -0.000674
   4680000      4.004895      0.001360
   4700000      4.003758     -0.018933
   4720000      4.004207     -0.003267
   4740000      4.001949      0.015456
   4760000      4.002059     -0.003894
   4780000      4.004239     -0.004223
   4800000      4.003328      0.002482
   4820000      4.003523     -0.002775
   4840000      4.000465     -0.015716
   4860000      4.003003     -0.004484
   4880000      4.005497     -0.007659
   4900000      4.003220      0.005327
   4920000      4.001569     -0.017977
   4940000      4.003188     -0.014064
   4960000      3.999799     -0.009472
   4980000      4.003648     -0.002530
   5000000      4.000571      0.002962
   5020000      4.003305      0.003281
   5040000      4.001506      0.003547
   5060000      4.002828     -0.003346
   5080000      4.002917     -0.021260
   5100000      4.001046     -0.001912
   5120000      4.002468     -0.013527
   5140000      4.001993     -0.003740
   5160000      4.001373     -0.024380
   5180000      4.002253     -0.005543
   5200000      4.000683      0.003720
   5220000      4.002949      0.001084
   5240000      4.001291     -0.004820
   5260000      3.999761     -0.005491
   5280000      4.002633     -0.016102
   5300000      3.999018     -0.014199
   5320000      4.003318      0.006484
   5340000      4.000800      0.004712
   5360000      4.002996     -0.005468
   5380000      4.003806     -0.006561
   5400000      4.003373     -0.015035
   5420000      4.001677     -0.003103
   5440000      4.002042     -0.008738
   5460000      4.000928     -0.008656
   5480000      4.003227     -0.008920
   5500000      4.000441      0.002116
   5520000      4.001116      0.012433
   5540000      4.000257     -0.005087
   5560000      4.003465      0.007917
   5580000      4.002105     -0.008423
   5600000      4.001648     -0.006372
   5620000      4.001409     -0.018569
   5640000      4.003316     -0.012706
   5660000      4.001424     -0.007296
   5680000      4.002361     -0.004817
   5700000      4.005183     -0.005595
   5720000      4.002961      0.004980
   5740000      4.003070     -0.001685
   5760000      4.003161      0.001641
   5780000      4.000715      0.001216
   5800000      4.000928     -0.011170
   5820000      4.001249     -0.006029
   5840000      4.003178      0.000466
   5860000      4.000343     -0.022375
   5880000      4.004305     -0.020727
   5900000      4.002714     -0.015857
   5920000      4.001697     -0.004370
   5940000      4.000884      0.006600
   5960000      4.001877      0.007044
   5980000      4.000679      0.011900
   6000000      4.001584      0.007515
