         0      4.000000      0.000000
     20000      3.998725     -0.010184
     40000      4.003025     -0.025203
     60000      4.005929     -0.009401
     80000      4.008763     -0.019913
    100000      4.006086     -0.027867
    120000      4.006629     -0.017022
    140000      4.005957     -0.020500
    160000      4.004857     -0.029053
    180000      4.005645     -0.033307
    200000      4.004133     -0.034454
    220000      4.005467     -0.001275
    240000      4.006550      0.016113
    260000      4.007856      0.012696
    280000      4.003671     -0.006565
    300000      4.002984     -0.020736
    320000      4.005806     -0.015304
    340000      4.009875     -0.006686
    360000      4.008536     -0.024598
    380000      4.006133      0.002816
    400000      4.005719     -0.017611
    420000      4.006401     -0.022730
    440000      4.006275     -0.032779
    460000      4.003859     -0.031675
    480000      4.004943     -0.035312
    500000      4.003815     -0.020401
    520000      4.005514     -0.015894
    540000      4.000769     -0.031335
    560000      4.002601     -0.019717
    580000      4.006435     -0.012023
    600000      4.007629     -0.014270
    620000      4.007774     -0.011421
    640000      4.003639     -0.019348
    660000      4.006884     -0.031768
    680000      4.006853     -0.009167
    700000      4.006127     -0.019214
    720000      4.008998     -0.020434
    740000      4.001649     -0.027193
    760000      4.007328     -0.028183
    780000      4.009449     -0.006573
    800000      4.006377     -0.019345
    820000      4.007511      0.002020
    840000      4.006962     -0.032939
    860000      4.009014     -0.019466
    880000      4.009329     -0.015489
    900000      4.009272     -0.017987
    920000      4.009352     -0.006675
    940000      4.008998     -0.018112
    960000      4.011155     -0.014303
    980000      4.008710     -0.016084
   1000000      4.007566     -0.001236
   1020000      4.008224     -0.010697
   1040000      4.009682     -0.001506
   1060000      4.008697     -0.017715
   1080000      4.007413     -0.015851
   1100000      4.009674     -0.014797
   1120000      4.009479      0.004696
   1140000      4.007966      0.017775
   1160000      4.006899      0.007101
   1180000      4.006762      0.002804
   1200000      4.009659      0.013439
   1220000      4.004479      0.029017
   1240000      4.011364      0.006642
   1260000      4.010884     -0.010672
   1280000      4.007258     -0.011979
   1300000      4.010083      0.002788
   1320000      4.004137     -0.010579
   1340000      4.007354     -0.013025
   1360000      4.008316      0.002671
   1380000      4.004218      0.002496
   1400000      4.008193     -0.009171
   1420000      4.007058     -0.013110
   1440000      4.003647      0.028942
   1460000      4.003893     -0.003680
   1480000      4.004456      0.003180
   1500000      4.008789      0.002699
   1520000      4.009727      0.009028
   1540000      4.009920     -0.015160
   1560000      4.007422     -0.029951
   1580000      4.012272     -0.022484
   1600000      4.008596      0.012678
   1620000      4.011009      0.021253
   1640000      4.007883      0.024969
   1660000      4.008202     -0.013600
   1680000      4.011572     -0.004949
   1700000      4.011506     -0.014332
   1720000      4.009201      0.011436
   1740000      4.005815     -0.003876
   1760000      4.002193      0.010318
   1780000      4.013381      0.008456
   1800000      4.008574      0.008774
   1820000      4.011796      0.008673
   1840000      4.010399      0.013760
   1860000      4.012711      0.004942
   1880000      4.011167      0.015757
   1900000      4.001151     -0.017408
   1920000      4.007821     -0.006925
   1940000      4.010380     -0.003145
   1960000      4.010609      0.014906
   1980000      4.007161      0.012378
   2000000      4.009937      0.011378
   2020000      4.016499      0.011756
   2040000      4.010693     -0.015649
   2060000      4.009565     -0.019377
   2080000      4.012609      0.012924
   2100000      4.015771      0.003161
   2120000      4.015133     -0.011495
   2140000      4.012429     -0.013997
   2160000      4.008790     -0.014166
   2180000      4.006189     -0.027093
   2200000      4.006782     -0.009199
   2220000      4.000700      0.017881
   2240000      4.002385      0.015808
   2260000      4.004024      0.018559
   2280000      4.006589      0.020995
   2300000      4.012690      0.013605
   2320000      4.006810      0.019290
   2340000      4.012765      0.007514
   2360000      4.015472      0.006149
   2380000      4.011513      0.007575
   2400000      4.008841      0.018234
   2420000      4.005432      0.017702
   2440000      4.007708     -0.014463
   2460000      4.008325      0.010515
   2480000      4.004622      0.010261
   2500000      4.008825      0.002300
   2520000      4.007859      0.010051
   2540000      4.001436     -0.030038
   2560000      4.005536     -0.013153
   2580000      4.007041     -0.016593
   2600000      4.004070     -0.015227
   2620000      4.009042     -0.007457
   2640000      4.009126     -0.012507
   2660000      4.006222     -0.015295
   2680000      4.006178     -0.027755
   2700000      4.008703     -0.013692
   2720000      4.008942     -0.015656
   2740000      4.008067     -0.016325
   2760000      4.008829     -0.006559
   2780000      4.011745     -0.014170
   2800000      4.013251      0.003624
   2820000      4.011516     -0.018623
   2840000      4.008501     -0.002036
   2860000      4.007250      0.006628
   2880000      4.012002      0.000542
   2900000      4.015051      0.011158
   2920000      4.011667     -0.004980
   2940000      4.017182     -0.006595
   2960000      4.015253      0.017622
   2980000      4.007684      0.042400
   3000000      4.014667      0.029717
   3020000      4.009946      0.023528
   3040000      4.006191     -0.004392
   3060000      4.000843      0.008883
   3080000      3.999937      0.021241
   3100000      4.001973      0.014625
   3120000      4.007446      0.004621
   3140000      4.005011      0.017555
   3160000      4.003940      0.010362
   3180000      4.011295      0.013873
   3200000      4.010710      0.015374
   3220000      4.010378      0.008342
   3240000      4.008259      0.006118
   3260000      4.002909      0.013186
   3280000      4.012036      0.001604
   3300000      4.008178     -0.031924
   3320000      4.005514     -0.005889
   3340000      4.011166     -0.020753
   3360000      4.009378     -0.010273
   3380000      4.008618     -0.011029
   3400000      4.008179     -0.013487
   3420000      4.011367     -0.019920
   3440000      4.009676      0.030113
   3460000      4.009258      0.023018
   3480000      4.009398      0.023021
   3500000      4.014138      0.025013
   3520000      4.012318      0.023843
   3540000      4.012862      0.019617
   3560000      4.009158     -0.001223
   3580000      4.003076      0.003945
   3600000      4.005165      0.008781
   3620000      4.004910     -0.002362
   3640000      4.008854     -0.006951
   3660000      4.011126     -0.015592
   3680000      4.015727     -0.000757
   3700000      4.011015     -0.006427
   3720000      4.007782     -0.002851
   3740000      4.007366      0.002196
   3760000      3.997405     -0.003906
   3780000      4.004066      0.002121
   3800000      4.011183     -0.010896
   3820000      4.012904      0.010714
   3840000      4.011461     -0.005377
   3860000      4.010132     -0.000224
   3880000      4.004131     -0.001968
   3900000      4.005259     -0.020832
   3920000      4.007713     -0.001570
   3940000      4.008810     -0.019543
   3960000      4.007208     -0.042139
   3980000      4.007512     -0.021270
   4000000      4.005684     -0.004708
   4020000      4.005188      0.009603
   4040000      4.005782      0.017846
   4060000      4.012166     -0.026507
   4080000      4.007584     -0.015267
   4100000      4.015856     -0.013368
   4120000      4.014273     -0.021956
   4140000      4.010210     -0.015137
   4160000      4.005720     -0.028003
   4180000      4.012256     -0.007901
   4200000      4.004719      0.017082
   4220000      4.008859      0.009749
   4240000      4.004210      0.017419
   4260000      4.006853     -0.001001
   4280000      4.004036      0.021673
   4300000      4.004538      0.028242
   4320000      4.011469      0.006054
   4340000      4.011199     -0.011885
   4360000      4.012564     -0.012805
   4380000      4.014078      0.011364
   4400000      4.013569      0.011530
   4420000      4.011757     -0.006592
   4440000      4.007452      0.010202
   4460000      4.007364      0.016435
   4480000      4.006961      0.013850
   4500000      4.006669      0.019635
   4520000      4.004897      0.027797
   4540000      4.007343      0.020351
   4560000      4.009884     -0.028039
   4580000      4.006142     -0.016934
   4600000      4.009513     -0.010207
   4620000      4.007908     -0.001937
   4640000      4.007928      0.007656
   4660000      4.006675      0.022676
   4680000      4.006476      0.000815
   4700000      4.005433     -0.005259
   4720000      4.007160     -0.013436
   4740000      4.005622     -0.012792
   4760000      4.009052     -0.013998
   4780000      4.010015     -0.041942
   4800000      4.011823     -0.019746
   4820000      4.012112     -0.010839
   4840000      4.010656     -0.005700
   4860000      4.009382      0.000834
   4880000      4.001534      0.009554
   4900000      4.009995      0.008236
   4920000      4.010226     -0.023492
   4940000      4.011326     -0.013205
   4960000      4.011447     -0.015905
   4980000      4.014010     -0.021354
   5000000      4.013365     -0.024415
   5020000      4.017842     -0.013642
   5040000      4.012994      0.009327
   5060000      4.013690      0.018102
   5080000      4.010624     -0.010143
   5100000      4.007326     -0.025689
   5120000      4.010520      0.014651
   5140000      4.012104      0.019744
   5160000      4.008294      0.026004
   5180000      4.019964     -0.014343
   5200000      4.004795      0.000949
   5220000      3.999934     -0.013174
   5240000      4.007527     -0.018770
   5260000      4.006245      0.002211
   5280000      4.011492      0.000876
   5300000      4.006746     -0.009633
   5320000      4.006583      0.011248
   5340000      4.005857      0.023886
   5360000      4.009754      0.013290
   5380000      4.001199      0.019384
   5400000      4.009192      0.015245
   5420000      4.008069      0.019190
   5440000      4.010652      0.009357
   5460000      4.005674      0.020405
   5480000      4.010313     -0.001269
   5500000      4.002749      0.015136
   5520000      4.004983      0.006381
   5540000      4.007680     -0.012065
   5560000      4.011242     -0.005004
   5580000      4.007772     -0.012934
   5600000      4.009687      0.012796
   5620000      4.010109      0.029422
   5640000      4.003361      0.020092
   5660000      4.011688      0.018771
   5680000      4.009444      0.022561
   5700000      4.033874      0.013963
   5720000      4.040641      0.059873
   5740000      4.069528      0.072412
   5760000      4.090791      0.084930
   5780000      4.145847     -0.065713
   5800000      4.161561      0.037487
   5820000      4.117211      0.021764
   5840000      4.080782     -0.468634
   5860000      3.982674     -0.660816
   5880000      4.123825     -0.552641
   5900000      4.224115     -0.341174
   5920000      4.253054     -0.247388
   5940000      4.298994      0.081852
   5960000      4.252025     -0.041573
   5980000      4.251416     -0.423809
   6000000      4.256893     -0.259295
   6020000      4.100204     -0.633507
   6040000      4.107844     -0.549742
   6060000      4.073880     -0.621161
   6080000      4.066727     -0.524515
   6100000      3.828432     -0.845753
   6120000      3.868673     -0.835144
   6140000      3.991468     -0.678097
   6160000      3.987712     -0.802137
   6180000      3.939902     -0.886258
   6200000      4.034077     -0.769922
   6220000      3.894981     -0.772306
   6240000      3.866661     -0.978424
   6260000      3.893251     -0.949163
   6280000      4.115471     -0.810218
   6300000      3.758760     -0.936318
   6320000      3.645375     -0.814512
   6340000      3.205856     -0.999938
   6360000      3.436789     -0.947410
   6380000      3.626856     -1.046252
   6400000      3.634788     -1.134254
   6420000      3.433268     -1.064503
   6440000      3.598676     -0.929862
   6460000      3.738029     -0.887350
   6480000      3.724323     -0.903602
   6500000      3.808254     -0.809664
   6520000      3.671837     -1.080559
   6540000      3.554491     -1.078556
   6560000      3.543568     -1.353249
   6580000      3.425058     -1.139984
   6600000      3.732983     -1.085452
   6620000      3.586952     -1.214155
   6640000      3.644525     -1.425373
   6660000      3.581797     -1.169149
   6680000      3.343100     -1.404304
   6700000      3.199881     -1.355463
   6720000      3.628325     -1.228184
   6740000      3.765473     -1.256409
   6760000      3.653783     -1.267383
   6780000      3.636499     -1.326507
   6800000      3.576004     -1.335246
   6820000      3.648913     -1.318283
   6840000      3.894009     -1.121895
   6860000      3.908800     -1.055042
   6880000      3.730916     -1.204003
   6900000      3.988947     -1.368453
   6920000      3.695309     -1.686709
   6940000      3.929992     -1.702100
   6960000      4.000783     -1.823791
   6980000      4.269567     -1.669222
   7000000      3.808253     -1.831001
   7020000      3.723553     -1.879466
   7040000      3.927672     -1.888899
   7060000      3.647946     -1.637541
   7080000      3.843210     -1.482626
   7100000      3.820394     -1.592853
   7120000      3.613630     -1.611955
   7140000      3.455032     -1.592678
   7160000      3.590818     -1.669866
   7180000      3.224133     -1.554507
   7200000      2.832373     -1.316982
   7220000      2.947870     -1.198488
   7240000      3.029877     -1.544955
   7260000      3.082747     -1.513786
   7280000      2.864861     -1.556066
   7300000      2.936433     -1.657510
   7320000      3.252224     -1.799643
   7340000      3.573477     -1.887386
   7360000      3.068943     -1.671564
   7380000      3.143896     -1.657873
   7400000      3.307824     -1.581724
   7420000      3.327189     -1.425978
   7440000      3.349321     -1.374405
   7460000      3.693617     -1.517512
   7480000      3.405944     -1.373828
   7500000      3.496854     -1.232435
   7520000      3.018727     -0.954583
   7540000      3.048975     -0.968133
   7560000      2.773288     -0.987330
   7580000      2.905951     -1.053552
   7600000      3.096978     -0.993954
   7620000      3.132000     -0.828026
   7640000      3.292196     -1.000185
   7660000      3.693806     -1.061761
   7680000      3.441934     -1.123394
   7700000      4.063081     -1.241240
   7720000      3.813662     -1.147811
   7740000      4.087329     -1.138518
   7760000      4.175315     -0.991736
   7780000      4.277496     -0.846957
   7800000      4.201399     -1.003999
   7820000      4.168930     -1.006804
   7840000      4.306382     -0.981531
   7860000      3.932738     -1.019265
   7880000      4.231849     -1.157063
   7900000      4.264021     -1.117909
   7920000      4.425300     -0.947108
   7940000      4.005675     -0.937896
   7960000      4.370251     -1.058757
   7980000      4.456066     -1.092047
   8000000      4.507533     -1.230413
   8020000      4.556571     -1.003705
   8040000      4.498305     -1.158065
   8060000      4.519620     -1.117888
   8080000      4.216998     -1.218563
   8100000      4.476361     -1.383092
   8120000      4.446542     -1.564687
   8140000      4.663813     -1.330656
   8160000      4.808420     -1.550492
   8180000      4.893891     -1.614890
   8200000      4.900049     -1.723942
   8220000      5.049921     -1.271338
   8240000      5.355677     -1.377213
   8260000      5.054937     -1.412855
   8280000      5.471427     -1.270018
   8300000      5.252936     -1.460044
   8320000      5.394056     -1.333063
   8340000      5.229912     -1.401464
   8360000      5.031484     -1.447529
   8380000      4.867797     -1.447046
   8400000      4.772198     -1.788624
   8420000      4.507038     -1.725094
   8440000      4.642870     -1.665856
   8460000      4.559993     -1.751268
   8480000      4.605254     -1.850935
   8500000      4.416591     -1.784736
   8520000      4.612212     -1.840386
   8540000      4.621673     -1.781832
   8560000      5.002647     -1.601016
   8580000      5.411530     -1.139565
   8600000      5.289119     -1.359601
   8620000      5.054070     -1.458494
   8640000      4.972104     -1.204204
   8660000      4.855271     -1.308656
   8680000      4.815667     -1.231096
   8700000      4.424802     -1.202208
   8720000      4.149498     -1.269513
   8740000      3.995797     -1.443278
   8760000      3.875962     -1.436040
   8780000      3.737421     -1.450410
   8800000      3.744013     -1.580171
   8820000      3.000702     -1.465728
   8840000      2.845737     -1.583532
   8860000      2.464279     -1.286826
   8880000      2.461113     -1.456638
   8900000      2.672809     -1.446460
   8920000      2.731530     -1.490095
   8940000      2.871498     -1.669947
   8960000      3.042971     -1.632066
   8980000      2.860177     -1.446559
   9000000      3.167319     -1.311584
   9020000      2.784043     -1.301645
   9040000      2.864595     -1.226240
   9060000      3.131227     -1.496037
   9080000      2.983956     -1.392013
   9100000      2.551775     -1.304735
   9120000      2.702131     -1.418679
   9140000      2.710965     -1.679094
   9160000      2.804882     -1.596716
   9180000      2.980904     -1.683584
   9200000      2.728037     -1.582055
   9220000      2.578694     -1.461995
   9240000      2.259801     -1.255957
   9260000      2.231976     -1.140175
   9280000      2.586052     -1.294567
   9300000      2.353447     -1.197361
   9320000      2.496182     -1.043454
   9340000      2.520231     -1.208667
   9360000      2.819749     -1.154498
   9380000      2.796648     -1.153278
   9400000      2.285602     -0.804815
   9420000      2.651376     -0.991140
   9440000      3.016221     -0.914714
   9460000      2.932340     -0.938807
   9480000      3.423814     -1.125741
   9500000      3.374945     -1.266053
   9520000      3.148447     -1.139514
   9540000      2.996752     -0.762500
   9560000      2.983121     -0.651352
   9580000      3.109268     -0.676368
   9600000      3.109667     -0.494596
   9620000      3.207153     -0.507811
   9640000      3.341743     -0.421249
   9660000      3.435755     -0.307049
   9680000      3.418474     -0.030758
   9700000      3.304679     -0.127112
   9720000      3.409595      0.059768
   9740000      3.453442     -0.058269
   9760000      3.358424      0.453870
   9780000      3.295445      0.077521
   9800000      3.268332      0.014172
   9820000      3.149009      0.148553
   9840000      3.062898      0.360127
   9860000      3.165592      0.763480
   9880000      3.199849      0.529467
   9900000      3.368772      0.426477
   9920000      3.216145      0.725602
   9940000      3.121196      0.727472
   9960000      3.338726      0.615603
   9980000      3.276304      0.759711
  10000000      3.448753      0.345971
