         0      4.000000      0.000000
     20000      4.001605     -0.004078
     40000      4.002404      0.000170
     60000      3.998871     -0.015902
     80000      4.002597     -0.002539
    100000      4.004402     -0.004866
    120000      4.005286     -0.013118
    140000      4.005979     -0.010819
    160000      4.006293     -0.007660
    180000      4.004684     -0.004799
    200000      4.004432     -0.013585
    220000      4.005609     -0.019707
    240000      4.001923     -0.008995
    260000      4.002571     -0.010636
    280000      4.001316     -0.016747
    300000      4.003200     -0.012568
    320000      4.003107      0.000899
    340000      4.003849     -0.011202
    360000      4.002468     -0.005770
    380000      4.003038     -0.005217
    400000      4.005009      0.002493
    420000      4.005624      0.003735
    440000      4.002571     -0.008709
    460000      4.004621     -0.003489
    480000      4.004481     -0.010709
    500000      4.003743      0.002882
    520000      4.005384     -0.008926
    540000      4.005435     -0.008320
    560000      4.004520     -0.015918
    580000      4.002335     -0.000062
    600000      4.004935      0.010791
    620000      4.002380      0.006630
    640000      4.004404      0.009730
    660000      4.005128      0.013508
    680000      4.005350      0.007942
    700000      4.000842     -0.005777
    720000      4.006350      0.000872
    740000      4.005789     -0.009384
    760000      4.004575     -0.009361
    780000      4.005203      0.000831
    800000      4.003927      0.011853
    820000      4.003565      0.012480
    840000      4.002196      0.010880
    860000      4.005494      0.002889
    880000      4.002694      0.012617
    900000      4.005966      0.001499
    920000      4.005756     -0.005056
    940000      4.004903     -0.006799
    960000      4.005191     -0.003032
    980000      4.004466     -0.002255
   1000000      4.004428      0.003930
   1020000      4.004078     -0.012302
   1040000      4.006049      0.003639
   1060000      4.005982      0.006592
   1080000      4.004856     -0.007957
   1100000      4.007507     -0.011780
   1120000      4.004672     -0.006938
   1140000      4.003029     -0.005164
   1160000      4.002869      0.006376
   1180000      4.005213     -0.006274
   1200000      4.002883      0.005103
   1220000      4.004576      0.001172
   1240000      4.005562     -0.011278
   1260000      4.005561      0.004581
   1280000      4.006411      0.009673
   1300000      4.002932      0.012544
   1320000      4.003954      0.000578
   1340000      4.005941      0.011914
   1360000      4.004063      0.004446
   1380000      4.003271      0.001256
   1400000      4.003148      0.002497
   1420000      4.006266     -0.017245
   1440000      4.006782     -0.005998
   1460000      4.005350     -0.016351
   1480000      4.002024     -0.015705
   1500000      4.003589     -0.021641
   1520000      4.005338     -0.009306
   1540000      4.005048      0.008582
   1560000      4.002650      0.003001
   1580000      4.003068      0.012617
   1600000      4.004704     -0.018618
   1620000      4.002961     -0.001862
   1640000      4.005990      0.005328
   1660000      4.003808     -0.010598
   1680000      4.003747     -0.003011
   1700000      4.006044     -0.010335
   1720000      4.006292      0.001086
   1740000      4.008632     -0.012176
   1760000      4.009811     -0.013899
   1780000      4.006207     -0.010692
   1800000      4.008877     -0.012367
   1820000      4.006231     -0.010627
   1840000      4.004028     -0.009182
   1860000      4.000528     -0.002308
   1880000      4.005008     -0.009706
   1900000      4.008210      0.004529
   1920000      4.008617     -0.009575
   1940000      4.005947     -0.006655
   1960000      4.004416     -0.020707
   1980000      4.005006     -0.020019
   2000000      4.003923     -0.016710
   2020000      4.006761     -0.002489
   2040000      4.006032      0.001445
   2060000      4.004472     -0.001426
   2080000      4.006547     -0.001500
   2100000      4.005308      0.011641
   2120000      4.005209      0.006408
   2140000      4.005022      0.005866
   2160000      4.005357     -0.001967
   2180000      4.001978     -0.005986
   2200000      4.004618     -0.001270
   2220000      4.003583      0.017706
   2240000      4.004728      0.013962
   2260000      4.003257     -0.003922
   2280000      4.004582     -0.010681
   2300000      4.001821     -0.011994
   2320000      4.005340     -0.001409
   2340000      4.003278     -0.004830
   2360000      4.004811      0.002759
   2380000      4.004084      0.000575
   2400000      4.005991     -0.004222
   2420000      4.005989     -0.020330
   2440000      4.003052     -0.020265
   2460000      4.002009     -0.019324
   2480000      4.003538     -0.011223
   2500000      4.003701     -0.006057
   2520000      4.004911     -0.010635
   2540000      4.003257     -0.022396
   2560000      4.001415     -0.015629
   2580000      4.004506     -0.017209
   2600000      4.005314     -0.012725
   2620000      4.008425     -0.012347
   2640000      4.006336     -0.017237
   2660000      4.004932     -0.015299
   2680000      4.005979     -0.018530
   2700000      4.006832     -0.005826
   2720000      4.006457     -0.017009
   2740000      4.006682     -0.018002
   2760000      4.005113     -0.017547
   2780000      4.009013     -0.011279
   2800000      4.003710      0.006677
   2820000      4.005556     -0.003222
   2840000      4.007632      0.011682
   2860000      4.004973      0.014920
   2880000      4.005834      0.006870
   2900000      4.008653     -0.003417
   2920000      4.003618     -0.009838
   2940000      4.004434      0.011427
   2960000      4.004407      0.003707
   2980000      4.006189      0.011763
   3000000      4.007272      0.001545
   3020000      4.008109     -0.001447
   3040000      4.008774     -0.008458
   3060000      4.007528     -0.008287
   3080000      4.008876     -0.002203
   3100000      4.007739     -0.008966
   3120000      4.008367     -0.007081
   3140000      4.007084      0.006422
   3160000      4.008574      0.001973
   3180000      4.006377      0.016720
   3200000      4.007851     -0.001692
   3220000      4.008507     -0.007331
   3240000      4.009010     -0.009563
   3260000      4.005627     -0.019187
   3280000      4.004780     -0.010477
   3300000      4.003074     -0.005646
   3320000      4.003236     -0.009476
   3340000      4.003110      0.001015
   3360000      4.007184     -0.001271
   3380000      4.005652     -0.002540
   3400000      4.005213      0.003988
   3420000      4.007647      0.002851
   3440000      4.005569      0.008707
   3460000      4.004790      0.013254
   3480000      4.004681      0.003094
   3500000      4.006562      0.009791
   3520000      4.007545      0.008537
   3540000      4.007052     -0.000854
   3560000      4.004067      0.008382
   3580000      4.006544     -0.007218
   3600000      4.008024     -0.012424
   3620000      4.008795     -0.015473
   3640000      4.007358     -0.016586
   3660000      4.008974     -0.008058
   3680000      4.007792      0.004374
   3700000      4.007916      0.013100
   3720000      4.009549     -0.007161
   3740000      4.007152     -0.000452
   3760000      4.008334      0.000155
   3780000      4.004716     -0.010279
   3800000      4.004698     -0.008000
   3820000      4.003376     -0.014157
   3840000      4.007200     -0.016751
   3860000      4.008714     -0.004277
   3880000      4.005837     -0.008813
   3900000      4.005883     -0.011605
   3920000      4.007600     -0.009281
   3940000      4.003143     -0.010786
   3960000      4.001307     -0.017325
   3980000      4.006719     -0.006953
   4000000      4.004835     -0.009982
   4020000      4.007793      0.008293
   4040000      4.002686      0.012801
   4060000      4.004259     -0.010536
   4080000      4.003305      0.004942
   4100000      4.005380      0.000310
   4120000      4.001599     -0.007268
   4140000      4.005361      0.008019
   4160000      4.004810     -0.016416
   4180000      4.004468     -0.005337
   4200000      4.005148      0.007040
   4220000      4.003335     -0.004946
   4240000      3.999663     -0.009022
   4260000      4.003053     -0.024140
   4280000      4.004892      0.023797
   4300000      4.006266      0.009143
   4320000      4.007187     -0.000114
   4340000      4.005939     -0.015568
   4360000      4.007994     -0.002459
   4380000      4.007843      0.001849
   4400000      4.003539     -0.009465
   4420000      4.005659     -0.001875
   4440000      4.004552      0.011924
   4460000      4.005907      0.012326
   4480000      4.005864     -0.005239
   4500000      4.007154     -0.000669
   4520000      4.006910      0.014292
   4540000      4.008933     -0.006190
   4560000      4.004949      0.012503
   4580000      4.001727     -0.000002
   4600000      4.002655     -0.002057
   4620000      4.005550      0.002681
   4640000      4.006829     -0.005007
   4660000      4.005070     -0.004977
   4680000      4.003030     -0.001425
   4700000      4.004271      0.001074
   4720000      4.006203     -0.009799
   4740000      4.003134      0.000317
   4760000      4.005240      0.014052
   4780000      4.005548      0.004741
   4800000      4.005973     -0.019435
   4820000      4.007100     -0.010683
   4840000      4.005804     -0.018155
   4860000      4.007601     -0.003968
   4880000      4.002769     -0.005086
   4900000      4.004117     -0.005213
   4920000      4.004837      0.016907
   4940000      4.007640      0.010362
   4960000      4.004909      0.000954
   4980000      4.004980      0.000433
   5000000      4.006454     -0.016333
   5020000      4.005930     -0.009734
   5040000      4.006175     -0.003439
   5060000      4.003243     -0.008779
   5080000      4.006074     -0.005865
   5100000      4.003047      0.004596
   5120000      4.006943     -0.001906
   5140000      4.003942     -0.018968
   5160000      4.005076      0.001197
   5180000      4.006640     -0.005396
   5200000      4.005120     -0.004247
   5220000      4.001048      0.020304
   5240000      4.004376      0.007326
   5260000      4.006483     -0.010793
   5280000      4.005631     -0.012037
   5300000      4.000415     -0.016753
   5320000      4.006663     -0.006097
   5340000      4.005336     -0.009590
   5360000      4.002532      0.007367
   5380000      4.005296      0.007324
   5400000      4.005732      0.000095
   5420000      4.004164     -0.014690
   5440000      4.005417     -0.012443
   5460000      4.006309     -0.013609
   5480000      4.004455      0.005657
   5500000      4.002861      0.013633
   5520000      4.005301      0.002586
   5540000      4.006646      0.006186
   5560000      4.004709     -0.006485
   5580000      4.006770     -0.005126
   5600000      4.006409      0.000665
   5620000      4.006635     -0.014552
   5640000      4.008541     -0.019630
   5660000      4.006878      0.000838
   5680000      4.007945     -0.004370
   5700000      4.004585      0.008755
   5720000      4.008313     -0.007104
   5740000      4.006926      0.004071
   5760000      4.007763      0.010421
   5780000      4.007988      0.007056
   5800000      4.009653      0.008350
   5820000      4.007926      0.008737
   5840000      4.006851      0.008383
   5860000      4.007771      0.002166
   5880000      4.008350      0.007030
   5900000      4.004839      0.014287
   5920000      4.007036      0.007795
   5940000      4.007093      0.009446
   5960000      4.004476     -0.021771
   5980000      4.005731     -0.012452
   6000000      4.004631     -0.016888
   6020000      4.007149     -0.006113
   6040000      4.005465     -0.002358
   6060000      4.006758     -0.008603
   6080000      4.006488     -0.018354
   6100000      4.004660     -0.015510
   6120000      4.001309     -0.017960
   6140000      4.003611      0.001508
   6160000      4.005140     -0.001260
   6180000      4.005748     -0.012114
   6200000      4.001978     -0.006041
   6220000      4.004877      0.000339
   6240000      4.006784     -0.016870
   6260000      4.007755     -0.008664
   6280000      4.004446      0.011943
   6300000      4.002568      0.011515
   6320000      4.006332      0.013166
   6340000      4.006518     -0.015809
   6360000      4.007260     -0.002265
   6380000      4.006575      0.003663
   6400000      4.005581     -0.006555
   6420000      4.005032     -0.011495
   6440000      4.005573     -0.012496
   6460000      4.004381     -0.012625
   6480000      4.003933     -0.009023
   6500000      4.004743     -0.017014
   6520000      4.005015      0.009832
   6540000      4.004751      0.015615
   6560000      4.004827      0.001465
   6580000      4.003648      0.011317
   6600000      4.004399      0.003424
   6620000      4.004381     -0.011768
   6640000      4.005715      0.009880
   6660000      4.005638      0.013046
   6680000      4.004049      0.011271
   6700000      4.003827      0.012987
   6720000      4.005841      0.002471
   6740000      4.005299      0.013030
   6760000      4.003449      0.015222
   6780000      4.001581      0.014679
   6800000      4.007654      0.005016
   6820000      4.004374     -0.001538
   6840000      4.004718      0.010326
   6860000      4.003933     -0.007921
   6880000      4.006233     -0.004290
   6900000      4.007440     -0.007292
   6920000      4.003252     -0.017796
   6940000      4.003925      0.004147
   6960000      4.005127      0.011966
   6980000      4.005585      0.014164
   7000000      4.008712     -0.004984
   7020000      4.004770     -0.014076
   7040000      4.006098     -0.004731
   7060000      4.006085     -0.016534
   7080000      4.005817     -0.009711
   7100000      4.007026     -0.009052
   7120000      4.004418     -0.016978
   7140000      4.005992      0.004874
   7160000      4.007825      0.006596
   7180000      4.004000      0.014465
   7200000      4.004663      0.010440
   7220000      4.008119      0.015067
   7240000      4.003038      0.005393
   7260000      4.006555      0.006404
   7280000      4.005724      0.006110
   7300000      4.006745      0.006970
   7320000      4.005851     -0.005972
   7340000      4.007837      0.004735
   7360000      4.004882     -0.003036
   7380000      4.007956     -0.004424
   7400000      4.006834      0.000347
   7420000      4.008681     -0.022141
   7440000      4.005960     -0.002499
   7460000      4.003763     -0.008517
   7480000      4.007474     -0.006708
   7500000      4.002377     -0.001245
   7520000      4.005365     -0.002573
   7540000      4.001767      0.016491
   7560000      4.006269     -0.014124
   7580000      4.002572      0.006812
   7600000      4.002279      0.009297
   7620000      4.005101      0.000369
   7640000      4.004875      0.002640
   7660000      4.001174     -0.003583
   7680000      4.003820     -0.016417
   7700000      4.003243     -0.020077
   7720000      4.005411     -0.000131
   7740000      4.007912     -0.001945
   7760000      4.006481     -0.005349
   7780000      4.005437     -0.013214
   7800000      4.004725     -0.010318
   7820000      4.004509      0.000886
   7840000      4.006265     -0.008005
   7860000      4.008369     -0.005064
   7880000      4.007323     -0.011408
   7900000      4.006286     -0.009558
   7920000      4.004537     -0.000352
   7940000      4.006487      0.005017
   7960000      4.004013      0.012956
   7980000      4.002895      0.010313
   8000000      4.006794     -0.010903
   8020000      4.007428     -0.005149
   8040000      4.000031     -0.013841
   8060000      4.007038     -0.002382
   8080000      4.005507     -0.001765
   8100000      4.005524     -0.003170
   8120000      4.007242      0.007710
   8140000      4.004491     -0.003374
   8160000      4.004348     -0.012435
   8180000      4.002938     -0.002728
   8200000      4.003990      0.012401
   8220000      4.007431      0.002165
   8240000      4.005792     -0.019532
   8260000      4.008006     -0.022220
   8280000      4.007142      0.007677
   8300000      4.004771      0.008866
   8320000      4.006709     -0.009561
   8340000      4.005475     -0.011730
   8360000      4.007745     -0.009283
   8380000      4.005894     -0.012533
   8400000      4.004969     -0.014914
   8420000      4.003058      0.018358
   8440000      4.005266      0.009548
   8460000      4.003068      0.001174
   8480000      4.008188     -0.008386
   8500000      4.011036     -0.009703
   8520000      4.005669     -0.016303
   8540000      4.004265     -0.020831
   8560000      4.005740     -0.007773
   8580000      4.005003     -0.003196
   8600000      4.002383      0.008690
   8620000      4.002771      0.011625
   8640000      4.003418      0.012145
   8660000      4.004237     -0.001454
   8680000      4.005097     -0.003681
   8700000      4.007344     -0.013378
   8720000      4.004596     -0.016738
   8740000      4.004502      0.015379
   8760000      4.003197      0.007699
   8780000      4.005585      0.002905
   8800000      4.005065     -0.001155
   8820000      4.006453     -0.009097
   8840000      4.006360     -0.018989
   8860000      4.006141      0.006460
   8880000      4.006405      0.016261
   8900000      4.005793     -0.025506
   8920000      4.007134     -0.020143
   8940000      4.006152     -0.013578
   8960000      4.002474     -0.003552
   8980000      4.004870      0.004908
   9000000      4.003195      0.013784
   9020000      4.002869      0.006272
   9040000      4.004527     -0.004687
   9060000      4.004548     -0.000749
   9080000      3.999993     -0.018374
   9100000      4.005339     -0.003952
   9120000      4.004990     -0.007550
   9140000      4.006454     -0.000512
   9160000      4.006225      0.007686
   9180000      4.004935      0.008601
   9200000      4.004218     -0.000935
   9220000      4.007750     -0.017439
   9240000      4.007515     -0.017176
   9260000      4.004181     -0.002471
   9280000      4.004421      0.018397
   9300000      4.001619      0.010400
   9320000      4.002789      0.010040
   9340000      4.008306      0.003356
   9360000      4.005947     -0.005355
   9380000      4.004540      0.000869
   9400000      4.005533      0.012683
   9420000      4.000776      0.022494
   9440000      4.004419      0.014391
   9460000      4.003243      0.004239
   9480000      4.004707     -0.010632
   9500000      4.005073     -0.002700
   9520000      4.005233     -0.006710
   9540000      4.005894     -0.016329
   9560000      4.003381     -0.017208
   9580000      4.003125     -0.009557
   9600000      4.004535     -0.011412
   9620000      4.007724     -0.005926
   9640000      4.003541     -0.015306
   9660000      4.002198     -0.024492
   9680000      4.005091     -0.018242
   9700000      4.005443      0.012672
   9720000      4.000604      0.004283
   9740000      4.003801     -0.006456
   9760000      4.006153      0.000168
   9780000      4.004313     -0.001720
   9800000      4.005237      0.002220
   9820000      4.004248      0.009674
   9840000      4.003827      0.011221
   9860000      4.003805     -0.000424
   9880000      4.006815     -0.016921
   9900000      4.006371     -0.002053
   9920000      4.006897     -0.013490
   9940000      4.007736     -0.014963
   9960000      4.006721     -0.025040
   9980000      4.005873     -0.008089
  10000000      4.007566     -0.014737
