         0      4.000000      0.000000
     20000      4.036122      0.168679
     40000      4.251029      0.001152
     60000      4.192693     -0.269750
     80000      4.154023     -0.196656
    100000      4.085102     -0.088710
    120000      4.087389      0.204907
    140000      3.996405      0.352019
    160000      3.884506      0.433266
    180000      3.762549      0.800033
    200000      3.594516      0.840130
    220000      3.756414      1.055985
    240000      3.632359      1.169042
    260000      3.651868      1.151119
    280000      3.745099      1.188848
    300000      3.758985      1.157617
    320000      3.865968      1.068019
    340000      3.927635      0.719333
    360000      3.709676      1.122565
    380000      3.793037      1.239889
    400000      3.906781      1.232126
    420000      4.178089      0.978833
    440000      4.040555      0.862979
    460000      4.225991      0.508546
    480000      4.298406      0.503350
    500000      4.216705      0.546235
    520000      4.258860      0.353640
    540000      4.225742      0.168698
    560000      4.101821      0.100735
    580000      4.277971      0.230120
    600000      4.346863      0.236582
    620000      4.378700      0.071885
    640000      4.523106      0.227502
    660000      4.515965      0.103549
    680000      4.600706      0.058608
    700000      4.617326      0.508179
    720000      4.519614      0.925853
    740000      4.700414      0.474379
    760000      4.435484      0.256658
    780000      4.684539      0.386260
    800000      4.459680      0.546945
    820000      4.389555      0.597894
    840000      4.502896      0.520504
    860000      4.523146      0.607251
    880000      4.382134      0.692745
    900000      4.583619      0.816258
    920000      4.729141      0.650624
    940000      4.635596      0.745343
    960000      4.783399      0.570925
    980000      4.888467      0.582020
   1000000      4.965198      0.656219
   1020000      5.075657      0.505584
   1040000      4.828334      0.499172
   1060000      4.794034      0.682103
   1080000      5.003911      0.985877
   1100000      4.870154      0.738508
   1120000      4.727682      0.612291
   1140000      4.526914      0.875357
   1160000      4.492336      1.030818
   1180000      4.611402      0.593297
   1200000      4.709944      0.360224
   1220000      4.715968      0.347479
   1240000      4.756802      0.428914
   1260000      4.617800      0.274706
   1280000      4.691594      0.396814
   1300000      4.601908      0.180754
   1320000      4.515590     -0.104491
   1340000      4.449325     -0.074169
   1360000      4.598796     -0.282778
   1380000      4.594167     -0.119225
   1400000      4.689536      0.209488
   1420000      4.651310      0.361231
   1440000      4.744032      0.282613
   1460000      4.880054      0.283005
   1480000      4.946987      0.505136
   1500000      4.841553      0.657137
   1520000      4.732844      0.932964
   1540000      4.682100      0.837533
   1560000      4.476240      0.497253
   1580000      4.424883      0.412805
   1600000      4.399222      0.153866
   1620000      4.544865      0.109314
   1640000      4.671427      0.365851
   1660000      4.363706      0.656528
   1680000      4.426599      0.596695
   1700000      4.530012      0.386180
   1720000      4.484596      0.419267
   1740000      4.560906      0.050492
   1760000      4.559333      0.281043
   1780000      4.457920      0.728255
   1800000      4.419343      0.668737
   1820000      4.565196      0.289391
   1840000      4.591544      0.382659
   1860000      4.661126      0.413050
   1880000      4.557809      0.517726
   1900000      4.590457      0.694960
   1920000      4.695806      0.405255
   1940000      4.736300      0.156209
   1960000      4.498385      0.161509
   1980000      4.864502      0.312320
   2000000      4.902063      0.039429
   2020000      4.888992     -0.090316
   2040000      4.870436     -0.483687
   2060000      4.950598     -0.473240
   2080000      5.019071     -0.545671
   2100000      4.913667     -0.633301
   2120000      5.068036     -0.435963
   2140000      5.011645     -0.404233
   2160000      4.758644     -0.779101
   2180000      4.560642     -0.687581
   2200000      4.205362     -0.885997
   2220000      4.288785     -0.713270
   2240000      4.342178     -0.757910
   2260000      4.130687     -0.781748
   2280000      4.102229     -0.904507
   2300000      4.074122     -0.930209
   2320000      4.349870     -0.848616
   2340000      4.461270     -0.826464
   2360000      4.737602     -0.717952
   2380000      4.629921     -0.609116
   2400000      4.622960     -0.513199
   2420000      4.549031     -0.262498
   2440000      4.582144     -0.311109
   2460000      4.470923      0.051621
   2480000      4.484293      0.012291
   2500000      4.549295      0.342367
   2520000      4.676081      0.361117
   2540000      4.700827      0.367246
   2560000      4.703440      0.167858
   2580000      5.030786      0.300563
   2600000      5.135117      0.140349
   2620000      4.898112      0.364254
   2640000      4.741127      0.126261
   2660000      4.893503      0.281318
   2680000      4.928566      0.443678
   2700000      4.865475      0.565015
   2720000      4.645848      0.394265
   2740000      4.511788      0.336408
   2760000      4.831665      0.521589
   2780000      4.710646      0.400338
   2800000      4.783482      0.477685
   2820000      4.642815      0.580861
   2840000      4.430290      0.475262
   2860000      4.434063      0.564121
   2880000      4.199164      0.715375
   2900000      4.119084      0.731438
   2920000      4.123993      0.473150
   2940000      4.193264      0.556499
   2960000      4.519640      0.678554
   2980000      4.585668      0.665818
   3000000      4.755623      0.907851
   3020000      4.595999      0.846645
   3040000      4.465775      0.705771
   3060000      4.423141      0.676195
   3080000      4.478912      0.886112
   3100000      4.382409      0.860717
   3120000      4.470540      1.116429
   3140000      4.470296      1.254553
   3160000      4.369253      1.201730
   3180000      4.709126      1.318612
   3200000      4.749367      1.353186
   3220000      4.633329      1.361272
   3240000      4.961994      1.727929
   3260000      5.043361      2.123500
   3280000      4.898484      1.945819
   3300000      4.889319      2.038728
   3320000      4.993694      2.280099
   3340000      4.822492      2.638749
   3360000      5.066049      2.315788
   3380000      4.858001      2.583816
   3400000      4.740353      2.440053
   3420000      4.636592      2.500661
   3440000      4.663098      2.666050
   3460000      4.615562      2.664613
   3480000      4.408374      2.965804
   3500000      4.802760      2.695121
   3520000      4.755193      2.823391
   3540000      4.837115      2.925275
   3560000      5.025526      2.780392
   3580000      4.978186      3.018445
   3600000      4.879756      3.067320
   3620000      4.893929      2.867417
   3640000      4.679011      2.821750
   3660000      4.710746      3.173693
   3680000      4.840232      2.987514
   3700000      4.682293      3.161280
   3720000      4.811222      3.033453
   3740000      4.755341      3.084551
   3760000      4.962641      2.971424
   3780000      4.905123      3.193247
   3800000      5.057185      3.081190
   3820000      4.918294      3.112613
   3840000      4.784199      2.994665
   3860000      4.755137      3.033175
   3880000      4.786326      3.110264
   3900000      4.830303      3.184948
   3920000      4.635256      3.368847
   3940000      4.723278      3.216251
   3960000      4.801570      3.466277
   3980000      4.818737      3.229943
   4000000      4.613207      3.506794
   4020000      4.629837      3.670386
   4040000      4.540698      3.810022
   4060000      4.615742      3.862105
   4080000      4.415198      4.144045
   4100000      4.227229      4.194191
   4120000      4.483683      3.775537
   4140000      4.580225      3.654237
   4160000      4.358230      3.933128
   4180000      4.810750      3.890295
   4200000      4.658752      3.993079
   4220000      4.474704      4.246271
   4240000      4.625983      3.947066
   4260000      4.917177      3.980345
   4280000      5.058745      3.953002
   4300000      4.931120      3.888088
   4320000      4.753672      4.085162
   4340000      5.081012      3.813317
   4360000      5.167725      3.855825
   4380000      5.269188      3.855321
   4400000      5.045410      3.837689
   4420000      4.955985      4.146339
   4440000      5.061676      3.556523
   4460000      5.198511      3.436585
   4480000      5.215967      3.445612
   4500000      5.099573      3.474382
   4520000      5.283209      3.101586
   4540000      5.265902      3.004896
   4560000      5.272207      2.919093
   4580000      5.310807      2.457420
   4600000      5.153326      2.275276
   4620000      5.440926      2.595799
   4640000      5.514260      2.654991
   4660000      5.352790      2.956481
   4680000      5.575585      2.832253
   4700000      5.645768      2.787951
   4720000      5.518197      2.599292
   4740000      5.597276      2.508734
   4760000      5.362345      2.504816
   4780000      5.664918      2.476798
   4800000      5.466358      1.993426
   4820000      5.587924      2.423653
   4840000      5.593690      1.926317
   4860000      5.706175      2.096880
   4880000      5.711658      2.356810
   4900000      5.490095      2.450459
   4920000      5.572931      2.055748
   4940000      5.361455      2.259239
   4960000      5.516696      2.327952
   4980000      5.451420      2.456989
   5000000      5.461583      2.306933
   5020000      5.423544      2.237992
   5040000      5.346372      2.322505
   5060000      5.286769      2.749598
   5080000      5.356833      2.373375
   5100000      5.410888      2.276756
   5120000      5.497064      2.483424
   5140000      5.634270      2.440599
   5160000      5.341105      2.249663
   5180000      5.360347      1.778505
   5200000      5.301635      1.792741
   5220000      5.330453      1.909042
   5240000      5.500265      2.113425
   5260000      5.590513      2.047359
   5280000      5.742169      2.096107
   5300000      5.704738      2.069462
   5320000      5.548166      2.062749
   5340000      5.591052      2.615084
   5360000      5.545933      2.723636
   5380000      5.651390      3.002354
   5400000      5.633941      2.933366
   5420000      5.732948      2.848198
   5440000      5.691441      2.698668
   5460000      5.731982      3.008928
   5480000      5.641825      2.806425
   5500000      5.682919      2.839650
   5520000      5.835555      2.734302
   5540000      5.769701      2.612443
   5560000      5.571931      2.597463
   5580000      5.684735      2.778852
   5600000      5.470656      2.459430
   5620000      5.503757      2.390989
   5640000      5.554373      2.833704
   5660000      5.365748      3.028786
   5680000      5.431424      3.434953
   5700000      5.253510      3.517595
   5720000      5.273077      3.546932
   5740000      5.404117      3.314098
   5760000      5.136711      3.134343
   5780000      5.063816      3.245876
   5800000      5.105162      3.368614
   5820000      5.285016      3.477659
   5840000      5.124131      3.548024
   5860000      5.167265      3.426151
   5880000      5.122430      3.410397
   5900000      4.887762      3.381910
   5920000      4.980659      3.227212
   5940000      5.002756      2.930507
   5960000      5.071903      2.671768
   5980000      5.132581      2.768413
   6000000      4.965490      2.359003
