         0      4.000000      0.000000
     20000      4.041868      0.009438
     40000      4.118780     -0.035139
     60000      4.195961     -0.113537
     80000      4.248994     -0.123387
    100000      4.342147     -0.124675
    120000      4.414403     -0.105046
    140000      4.469439     -0.176161
    160000      4.528244     -0.218877
    180000      4.615319     -0.206818
    200000      4.706435     -0.147690
    220000      4.768382     -0.210852
    240000      4.806656     -0.313834
    260000      4.879622     -0.285835
    280000      4.951042     -0.318040
    300000      5.029887     -0.244797
    320000      5.077673     -0.292855
    340000      5.148493     -0.320719
    360000      5.231194     -0.340968
    380000      5.285804     -0.376733
    400000      5.360091     -0.358511
    420000      5.422651     -0.405150
    440000      5.470041     -0.502409
    460000      5.562496     -0.452232
    480000      5.619182     -0.490383
    500000      5.643734     -0.587940
    520000      5.719120     -0.605745
    540000      5.750617     -0.727193
    560000      5.832885     -0.760383
    580000      5.931536     -0.742278
    600000      5.995659     -0.771494
    620000      6.132694     -0.624514
    640000      6.185014     -0.588957
    660000      6.254909     -0.718227
    680000      6.324527     -0.726784
    700000      6.392383     -0.764516
    720000      6.464459     -0.772884
    740000      6.476240     -0.890989
    760000      6.550108     -0.901690
    780000      6.544784     -1.042853
    800000      6.631147     -1.046534
    820000      6.696182     -1.067419
    840000      6.749389     -1.087696
    860000      6.761375     -1.197492
    880000      6.717539     -1.314641
    900000      6.745514     -1.391301
    920000      6.814109     -1.448507
    940000      6.841189     -1.501532
    960000      6.901454     -1.541781
    980000      6.887992     -1.613499
   1000000      6.897607     -1.688064
   1020000      6.847802     -1.772614
   1040000      6.880963     -1.849238
   1060000      6.883978     -1.924166
   1080000      6.790520     -1.994320
   1100000      6.813187     -2.054808
   1120000      6.902333     -2.100603
   1140000      6.907268     -2.161535
   1160000      6.959975     -2.216023
   1180000      6.856604     -2.321960
   1200000      6.896558     -2.402999
   1220000      6.933260     -2.452847
   1240000      6.890989     -2.528791
   1260000      6.793098     -2.611958
   1280000      6.808145     -2.682832
   1300000      6.712853     -2.722493
   1320000      6.650535     -2.775764
   1340000      6.575064     -2.810387
   1360000      6.558156     -2.866210
   1380000      6.534948     -2.932197
   1400000      6.351060     -2.900443
   1420000      6.264494     -2.876260
   1440000      6.193756     -2.898762
   1460000      6.125265     -2.895580
   1480000      6.049800     -2.844699
   1500000      5.984689     -2.820660
   1520000      5.911677     -2.761864
   1540000      5.845012     -2.784544
   1560000      5.792034     -2.846273
   1580000      5.754284     -2.898045
   1600000      5.669485     -2.910559
   1620000      5.578915     -2.842271
   1640000      5.496792     -2.825798
   1660000      5.441188     -2.921731
   1680000      5.384116     -2.974845
   1700000      5.317875     -2.969007
   1720000      5.242624     -2.917917
   1740000      5.175863     -2.962256
   1760000      5.117691     -2.945506
   1780000      5.056219     -2.997926
   1800000      5.041823     -3.053269
   1820000      4.970551     -3.042759
   1840000      4.903162     -3.032069
   1860000      4.791475     -3.018227
   1880000      4.736710     -3.072453
   1900000      4.663267     -3.077689
   1920000      4.578422     -3.078969
   1940000      4.533146     -3.126434
   1960000      4.507123     -3.208399
   1980000      4.463372     -3.263067
   2000000      4.443306     -3.322058
   2020000      4.363776     -3.386100
   2040000      4.270828     -3.397715
   2060000      4.273613     -3.503280
   2080000      4.272155     -3.537913
   2100000      4.168522     -3.576285
   2120000      4.123449     -3.637699
   2140000      4.004777     -3.635081
   2160000      4.012445     -3.725747
   2180000      4.012725     -3.794309
   2200000      4.033850     -3.822651
   2220000      3.876851     -3.881440
   2240000      3.918771     -3.960989
   2260000      3.845534     -4.025798
   2280000      3.786250     -4.100117
   2300000      3.728068     -4.138212
   2320000      3.813068     -4.260323
   2340000      3.704039     -4.290044
   2360000      3.715401     -4.370426
   2380000      3.641159     -4.444262
   2400000      3.600944     -4.504821
   2420000      3.646500     -4.600776
   2440000      3.674941     -4.680644
   2460000      3.712918     -4.750084
   2480000      3.713811     -4.825856
   2500000      3.587670     -4.861002
   2520000      3.511000     -4.886259
   2540000      3.458508     -4.935654
   2560000      3.474184     -5.042710
   2580000      3.406863     -5.088536
   2600000      3.448239     -5.185486
   2620000      3.459233     -5.244195
   2640000      3.340922     -5.250328
   2660000      3.316910     -5.316851
   2680000      3.479847     -5.489526
   2700000      3.511896     -5.551125
   2720000      3.504181     -5.610873
   2740000      3.532242     -5.669980
   2760000      3.556886     -5.740752
   2780000      3.586953     -5.825765
   2800000      3.665680     -5.859341
   2820000      3.739481     -5.889999
   2840000      3.829905     -5.938312
   2860000      3.887312     -5.966134
   2880000      3.946421     -6.005336
   2900000      3.907898     -6.087696
   2920000      4.127801     -5.944615
   2940000      4.219123     -5.904511
   2960000      4.293200     -5.876791
   2980000      4.375361     -5.837889
   3000000      4.399336     -5.747543
   3020000      4.511032     -5.880058
   3040000      4.571340     -5.967934
   3060000      4.641070     -5.900957
   3080000      4.693430     -5.895017
   3100000      4.745568     -5.882476
   3120000      4.806233     -5.931234
   3140000      4.862920     -5.990490
   3160000      4.925561     -6.087892
   3180000      4.967801     -6.141444
   3200000      5.032251     -6.222111
   3220000      5.099325     -6.237964
   3240000      5.088520     -6.389598
   3260000      5.141625     -6.418911
   3280000      5.221122     -6.421088
   3300000      5.101052     -6.616513
   3320000      5.162079     -6.663973
   3340000      5.128734     -6.746289
   3360000      5.067852     -6.839020
   3380000      5.232253     -6.877015
   3400000      5.247683     -6.959084
   3420000      5.191579     -7.037897
   3440000      5.149095     -7.102640
   3460000      5.152503     -7.184888
   3480000      5.128469     -7.261519
   3500000      5.132456     -7.318245
   3520000      5.316565     -7.368315
   3540000      5.273999     -7.447631
   3560000      5.339893     -7.488780
   3580000      5.368972     -7.562274
   3600000      5.452498     -7.604981
   3620000      5.434348     -7.697937
   3640000      5.488907     -7.753858
   3660000      5.538466     -7.818717
   3680000      5.570533     -7.899063
   3700000      5.456890     -7.988322
   3720000      5.554100     -8.027760
   3740000      5.579012     -8.110960
   3760000      5.518181     -8.189987
   3780000      5.478614     -8.259193
   3800000      5.671117     -8.290672
   3820000      5.586834     -8.384968
   3840000      5.635479     -8.436609
   3860000      5.645440     -8.491841
   3880000      5.520440     -8.585455
   3900000      5.536586     -8.651297
   3920000      5.586901     -8.690096
   3940000      5.636600     -8.739996
   3960000      5.703250     -8.753165
   3980000      5.629787     -8.859371
   4000000      5.634365     -8.936686
   4020000      5.684229     -8.973676
   4040000      5.682927     -9.039266
   4060000      5.695958     -9.104159
   4080000      5.790657     -9.127389
   4100000      5.838279     -9.152730
   4120000      5.945671     -9.194841
   4140000      6.041067     -9.167433
   4160000      6.109977     -9.156387
   4180000      6.182000     -9.124862
   4200000      5.864560     -9.546418
   4220000      5.879480     -9.620697
   4240000      5.930052     -9.679241
   4260000      5.885623     -9.756885
   4280000      5.935719     -9.815528
   4300000      5.963043     -9.871575
   4320000      6.040959     -9.917270
   4340000      6.299778     -9.812137
   4360000      6.186505    -10.018854
   4380000      6.239852    -10.054302
   4400000      6.298212    -10.083094
   4420000      6.388781    -10.097571
   4440000      6.378936    -10.204055
   4460000      6.421516    -10.256068
   4480000      6.482852    -10.307946
   4500000      6.432430    -10.436531
   4520000      6.445105    -10.507362
   4540000      6.470982    -10.539787
   4560000      6.365293    -10.634480
   4580000      6.474983    -10.694325
   4600000      6.495029    -10.751390
   4620000      6.507567    -10.830861
   4640000      6.549045    -10.873198
   4660000      6.592320    -10.931946
   4680000      6.444749    -11.029122
   4700000      6.470074    -11.091744
   4720000      6.498752    -11.156584
   4740000      6.508115    -11.237018
   4760000      6.541504    -11.312231
   4780000      6.534229    -11.405015
   4800000      6.553321    -11.473967
   4820000      6.603622    -11.505101
   4840000      6.588469    -11.604601
   4860000      6.606253    -11.662525
   4880000      6.580634    -11.722170
   4900000      6.360881    -11.799298
   4920000      6.304314    -11.835228
   4940000      6.264093    -11.903189
   4960000      6.284782    -11.971841
   4980000      6.271573    -12.042695
   5000000      6.253931    -12.105398
   5020000      6.177094    -12.182677
   5040000      6.182993    -12.242555
   5060000      6.147299    -12.317770
   5080000      6.143294    -12.382361
   5100000      6.196077    -12.463052
   5120000      6.150099    -12.508079
   5140000      6.202725    -12.588775
   5160000      6.156116    -12.645087
   5180000      6.101754    -12.707236
   5200000      6.016059    -12.748430
   5220000      6.002264    -12.797290
   5240000      5.964487    -12.860087
   5260000      5.924780    -12.927340
   5280000      5.968745    -13.013832
   5300000      5.870232    -13.053207
   5320000      5.912059    -13.121336
   5340000      5.809462    -13.152145
   5360000      5.713497    -13.192961
   5380000      5.669232    -13.226436
   5400000      5.534801    -13.205464
   5420000      5.492363    -13.255613
   5440000      5.462700    -13.322448
   5460000      5.506798    -13.453155
   5480000      5.516731    -13.526673
   5500000      5.493245    -13.595398
   5520000      5.435619    -13.630327
   5540000      5.441467    -13.696792
   5560000      5.503470    -13.822264
   5580000      5.470790    -13.863157
   5600000      5.435782    -13.921689
   5620000      5.403286    -13.979419
   5640000      5.479753    -14.097974
   5660000      5.443379    -14.159972
   5680000      5.454325    -14.242924
   5700000      5.451935    -14.313046
   5720000      5.471926    -14.391990
   5740000      5.347117    -14.432805
   5760000      5.466838    -14.553049
   5780000      5.487523    -14.628885
   5800000      5.691525    -14.655049
   5820000      5.678314    -14.752822
   5840000      5.819945    -14.742916
   5860000      5.709374    -14.862425
   5880000      5.829228    -14.867106
   5900000      5.815406    -14.955147
   5920000      5.919235    -14.929445
   5940000      5.922222    -15.004064
   5960000      5.869811    -15.137422
   5980000      5.915534    -15.196544
   6000000      5.924052    -15.266362
