         0      4.000000      0.000000
     20000      4.004895     -0.017163
     40000      3.997065     -0.030865
     60000      4.003927     -0.035811
     80000      3.998583     -0.049386
    100000      4.004039     -0.032629
    120000      4.010466     -0.019254
    140000      4.009557     -0.032620
    160000      4.006459     -0.036855
    180000      4.001450     -0.040962
    200000      4.008323     -0.021465
    220000      4.004546     -0.039440
    240000      4.009744     -0.028195
    260000      4.010200     -0.033764
    280000      4.007011     -0.041440
    300000      4.010617     -0.042136
    320000      4.015092     -0.033660
    340000      4.017655     -0.029316
    360000      4.023749     -0.025005
    380000      4.044874     -0.058224
    400000      4.068173      0.071409
    420000      4.062658      0.462758
    440000      4.045752      0.369373
    460000      4.206056      0.121259
    480000      4.238930      0.091846
    500000      4.456550      0.013133
    520000      4.503484     -0.163499
    540000      4.535118     -0.307985
    560000      4.548718     -0.219557
    580000      4.725037     -0.277695
    600000      4.437727      0.180233
    620000      4.443406     -0.034955
    640000      4.546887     -0.145570
    660000      4.588410     -0.296571
    680000      4.590583     -0.398076
    700000      4.657377     -0.627080
    720000      4.708276     -0.651468
    740000      4.745088     -0.581450
    760000      4.865761     -0.641624
    780000      4.590564     -0.504211
    800000      4.587883     -0.479077
    820000      4.493130     -0.142311
    840000      4.225506      0.297896
    860000      4.191802      0.365669
    880000      3.829471      0.414903
    900000      3.861502      0.240713
    920000      4.096844      0.052959
    940000      4.037138     -0.043207
    960000      4.234107     -0.103790
    980000      4.053401      0.154643
   1000000      3.715050      0.156862
   1020000      3.511206      0.018447
   1040000      3.540507      0.065706
   1060000      3.432439      0.077626
   1080000      3.378800     -0.110692
   1100000      3.580185     -0.053952
   1120000      3.528018     -0.182434
   1140000      3.489491     -0.277475
   1160000      3.586018     -0.061802
   1180000      3.311741      0.092297
   1200000      3.267843     -0.052715
   1220000      3.479506     -0.185348
   1240000      3.191017     -0.198018
   1260000      3.061017     -0.079240
   1280000      3.152791     -0.011705
   1300000      3.366988     -0.007205
   1320000      3.401448     -0.167776
   1340000      3.107554     -0.119580
   1360000      3.086911     -0.051597
   1380000      2.996651     -0.107314
   1400000      2.678233      0.012034
   1420000      2.391330      0.139580
   1440000      2.343307      0.256718
   1460000      2.345981      0.273283
   1480000      2.503641      0.337904
   1500000      2.607182      0.334251
   1520000      2.578547      0.331328
   1540000      2.847521      0.206876
   1560000      2.712246      0.299693
   1580000      2.887751      0.317339
   1600000      2.989819      0.450615
   1620000      3.011691      0.292344
   1640000      2.893407      0.328028
   1660000      2.802840      0.408232
   1680000      2.331078      0.237652
   1700000      2.257007      0.168692
   1720000      1.967830      0.154312
   1740000      1.997589      0.092593
   1760000      2.205314     -0.007420
   1780000      1.826030     -0.360220
   1800000      1.737550     -0.555421
   1820000      1.569036     -0.640485
   1840000      1.650149     -0.623599
   1860000      1.595717     -0.524022
   1880000      1.565692     -0.530430
   1900000      1.516127     -0.695960
   1920000      1.573957     -0.608315
   1940000      1.670722     -0.743306
   1960000      1.124725     -0.913557
   1980000      1.055547     -0.996221
   2000000      1.008411     -0.891742
   2020000      1.359604     -0.579792
   2040000      1.780742     -0.386835
   2060000      1.768856     -0.389058
   2080000      1.625967     -0.267775
   2100000      1.486399     -0.243701
   2120000      1.553152     -0.185566
   2140000      1.855528     -0.027114
   2160000      1.559101     -0.037583
   2180000      1.715629      0.077996
   2200000      1.815835      0.201716
   2220000      2.005871      0.256594
   2240000      2.396480      0.295411
   2260000      2.248491      0.317373
   2280000      2.565658      0.190496
   2300000      2.871213      0.116798
   2320000      3.140495      0.158624
   2340000      2.856925      0.205044
   2360000      2.842127      0.372587
   2380000      2.977557      0.226453
   2400000      3.008211      0.343469
   2420000      2.705599      0.358373
   2440000      2.485520      0.457914
   2460000      2.457660      0.468987
   2480000      2.810573      0.287452
   2500000      2.955891     -0.010065
   2520000      2.906895      0.175751
   2540000      2.660841      0.393601
   2560000      2.793885      0.509946
   2580000      2.889589      0.638343
   2600000      2.914457      0.626670
   2620000      3.063420      0.363971
   2640000      3.194783      0.358417
   2660000      3.277998      0.345796
   2680000      3.054959      0.626958
   2700000      2.948386      0.808475
   2720000      2.921935      0.825587
   2740000      2.868332      0.957258
   2760000      2.886577      0.934587
   2780000      2.743268      1.029881
   2800000      2.696153      0.990946
   2820000      2.634281      0.982738
   2840000      2.980758      0.937396
   2860000      3.233374      0.933367
   2880000      3.379646      0.978017
   2900000      3.438632      0.894177
   2920000      3.512718      0.862086
   2940000      3.759475      0.630916
   2960000      3.770119      0.520560
   2980000      3.656218      0.651354
   3000000      3.505209      0.673914
   3020000      3.479446      0.647082
   3040000      3.587338      0.511807
   3060000      3.803957      0.470049
   3080000      3.698625      0.514468
   3100000      3.811032      0.495793
   3120000      3.692303      0.306114
   3140000      3.588612      0.434723
   3160000      3.570874      0.249057
   3180000      3.207889      0.538943
   3200000      2.890228      0.642984
   3220000      2.502482      0.751856
   3240000      2.449288      0.767229
   3260000      2.415349      0.678608
   3280000      2.781025      0.420968
   3300000      3.126703      0.034223
   3320000      3.071146      0.468293
   3340000      2.939487      0.464238
   3360000      2.890956      0.608573
   3380000      2.719064      0.535769
   3400000      2.287729      0.666898
   3420000      2.119650      0.649233
   3440000      2.294475      0.736449
   3460000      2.251178      0.766422
   3480000      2.468026      0.688396
   3500000      2.395972      0.671506
   3520000      2.400844      0.643595
   3540000      2.622338      0.318471
   3560000      2.623678      0.481084
   3580000      2.527224      0.767806
   3600000      2.761754      0.534599
   3620000      2.969227      0.243753
   3640000      2.870486      0.274266
   3660000      2.855574      0.286383
   3680000      2.870668      0.275696
   3700000      2.887934      0.315985
   3720000      2.926188      0.299866
   3740000      2.906861      0.199638
   3760000      2.871276      0.429612
   3780000      2.795560      0.279405
   3800000      2.844627      0.219411
   3820000      2.674030      0.325302
   3840000      2.750928      0.264489
   3860000      2.752301      0.357528
   3880000      2.537967      0.664888
   3900000      2.231082      0.802023
   3920000      2.308007      0.608520
   3940000      2.691525      0.538413
   3960000      2.502216      0.665906
   3980000      2.893808      0.608767
   4000000      3.045856      0.498739
   4020000      3.084594      0.261183
   4040000      3.318942     -0.248116
   4060000      3.185193     -0.371053
   4080000      3.294585     -0.326103
   4100000      3.316372     -0.053140
   4120000      2.930756     -0.030133
   4140000      3.184527     -0.107913
   4160000      2.885644     -0.116879
   4180000      2.902100     -0.011299
   4200000      3.050366      0.136922
   4220000      2.930178      0.094763
   4240000      2.839719     -0.097186
   4260000      2.847058     -0.064102
   4280000      2.970205      0.072843
   4300000      3.306216     -0.198422
   4320000      3.196328      0.034112
   4340000      3.346881      0.130343
   4360000      3.356283      0.087517
   4380000      3.328891      0.356201
   4400000      3.277705      0.330766
   4420000      3.237367      0.289160
   4440000      3.385413      0.264350
   4460000      3.364043      0.257956
   4480000      3.269167      0.483912
   4500000      2.952639      0.534256
   4520000      3.143567      0.358050
   4540000      3.155598      0.347317
   4560000      3.377356      0.033621
   4580000      3.710637     -0.103898
   4600000      3.779313     -0.203773
   4620000      3.686363     -0.099929
   4640000      3.497914      0.016137
   4660000      3.732411      0.015915
   4680000      3.656299     -0.124995
   4700000      3.495210      0.052601
   4720000      3.292761      0.090935
   4740000      3.307019      0.131952
   4760000      3.465991      0.097794
   4780000      3.541646     -0.044877
   4800000      3.719476     -0.075098
   4820000      3.761742     -0.260659
   4840000      3.806154     -0.251592
   4860000      3.924392     -0.254219
   4880000      3.841658     -0.149582
   4900000      3.610065      0.075903
   4920000      3.424886      0.262106
   4940000      3.548544      0.269887
   4960000      3.263943      0.314470
   4980000      3.246825      0.318652
   5000000      3.180209      0.436747
   5020000      2.779898      0.632566
   5040000      3.100181      0.712817
   5060000      3.249923      0.595775
   5080000      3.054972      0.431634
   5100000      2.862519      0.449337
   5120000      3.246609      0.365810
   5140000      2.905377      0.564635
   5160000      2.746280      0.651181
   5180000      3.053074      0.754842
   5200000      3.116708      0.790541
   5220000      2.748975      0.869485
   5240000      3.127002      0.903573
   5260000      3.060248      0.647021
   5280000      2.913349      0.793761
   5300000      3.251275      0.712484
   5320000      3.140439      0.799507
   5340000      3.447821      0.662219
   5360000      3.377871      0.861007
   5380000      3.292875      0.864249
   5400000      3.317474      0.628707
   5420000      3.458003      0.695610
   5440000      3.672791      0.449799
   5460000      3.739107      0.617744
   5480000      3.624552      0.563616
   5500000      3.729862      0.516023
   5520000      3.397242      0.692199
   5540000      3.714382      0.415884
   5560000      3.863476      0.637548
   5580000      3.980885      0.723444
   5600000      3.947922      0.703717
   5620000      3.739929      0.651235
   5640000      4.001673      0.392417
   5660000      4.099979      0.592489
   5680000      4.125531      0.458270
   5700000      4.171707      0.376423
   5720000      3.996142      0.389079
   5740000      4.105925      0.469654
   5760000      3.972746      0.481678
   5780000      3.789356      0.520398
   5800000      4.061531      0.411042
   5820000      4.184570      0.330799
   5840000      4.031026      0.239805
   5860000      3.625002      0.435293
   5880000      4.168463      0.422065
   5900000      4.326278      0.190849
   5920000      3.978830      0.612091
   5940000      4.055262      0.634349
   5960000      3.852485      0.585318
   5980000      3.735596      0.708435
   6000000      4.401084      0.649964
