         0      4.000000      0.000000
     20000      4.044888      0.062746
     40000      4.084239     -0.174814
     60000      4.152064     -0.124806
     80000      4.189641     -0.191831
    100000      4.139936     -0.431003
    120000      4.240218     -0.403243
    140000      4.190343     -0.590451
    160000      4.216780     -0.653798
    180000      4.257181     -0.698147
    200000      4.282868     -0.764845
    220000      4.320858     -0.792156
    240000      4.489256     -0.751573
    260000      4.536800     -0.782561
    280000      4.609249     -0.760366
    300000      4.569031     -0.934378
    320000      4.518855     -1.097125
    340000      4.560092     -1.154338
    360000      4.461526     -1.300963
    380000      4.558891     -1.306414
    400000      4.578083     -1.379086
    420000      4.637697     -1.420209
    440000      4.595609     -1.500809
    460000      4.471695     -1.616938
    480000      4.625824     -1.683655
    500000      4.672897     -1.743419
    520000      4.652541     -1.822256
    540000      4.596179     -1.910228
    560000      4.593606     -2.006492
    580000      4.496431     -2.121169
    600000      4.556308     -2.172488
    620000      4.741612     -2.217409
    640000      4.708618     -2.313823
    660000      4.673588     -2.386966
    680000      4.714735     -2.455530
    700000      4.798766     -2.492210
    720000      4.780383     -2.562767
    740000      4.919047     -2.598331
    760000      4.864853     -2.688997
    780000      4.920700     -2.758908
    800000      4.935505     -2.834502
    820000      5.165323     -2.793829
    840000      5.277888     -2.795070
    860000      5.275234     -2.879807
    880000      5.316589     -2.911669
    900000      5.543020     -2.719126
    920000      5.550724     -2.870561
    940000      5.608696     -2.924064
    960000      5.679601     -2.913306
    980000      5.717712     -3.015285
   1000000      5.806385     -3.009090
   1020000      5.880401     -2.991100
   1040000      5.942301     -3.098072
   1060000      5.973244     -3.160741
   1080000      6.004936     -3.245526
   1100000      6.121426     -3.198676
   1120000      6.240222     -3.035131
   1140000      6.304778     -3.078674
   1160000      6.365992     -3.073673
   1180000      6.401358     -3.196354
   1200000      6.479741     -3.174077
   1220000      6.535675     -3.232345
   1240000      6.610748     -3.155229
   1260000      6.683631     -3.170563
   1280000      6.732886     -3.226097
   1300000      6.745587     -3.316757
   1320000      6.822755     -3.323003
   1340000      6.861517     -3.403560
   1360000      6.925949     -3.416957
   1380000      7.094262     -3.004843
   1400000      7.144072     -2.955924
   1420000      7.193715     -2.950675
   1440000      7.266913     -2.926624
   1460000      7.379549     -3.074127
   1480000      7.445657     -3.158306
   1500000      7.488480     -2.914734
   1520000      7.544640     -2.840660
   1540000      7.603143     -3.019301
   1560000      7.683874     -3.044422
   1580000      7.752631     -3.110489
   1600000      7.827102     -3.153707
   1620000      7.880267     -3.205067
   1640000      7.947567     -3.151481
   1660000      7.952363     -3.374901
   1680000      7.915036     -3.538263
   1700000      7.967857     -3.572321
   1720000      8.043544     -3.532759
   1740000      7.799310     -3.863737
   1760000      8.249135     -3.441835
   1780000      8.328850     -3.539069
   1800000      8.438181     -3.463931
   1820000      8.517658     -3.468702
   1840000      8.574395     -3.496563
   1860000      8.634348     -3.531554
   1880000      8.715670     -3.530118
   1900000      8.823651     -3.365476
   1920000      8.882272     -3.283696
   1940000      8.945032     -3.325006
   1960000      9.015043     -3.468422
   1980000      9.068577     -3.461109
   2000000      9.134134     -3.416975
   2020000      9.189563     -3.412750
   2040000      9.287758     -3.397823
   2060000      9.370554     -3.415045
   2080000      9.442060     -3.444265
   2100000      9.508953     -3.533469
   2120000      9.567948     -3.524816
   2140000      9.634757     -3.511403
   2160000      9.702901     -3.530792
   2180000      9.777108     -3.562128
   2200000      9.845813     -3.403082
   2220000      9.923052     -3.542118
   2240000      9.967141     -3.594817
   2260000     10.060584     -3.493276
   2280000     10.124593     -3.542031
   2300000     10.122555     -3.765272
   2320000     10.274882     -3.524752
   2340000     10.342377     -3.562205
   2360000     10.367262     -3.666174
   2380000     10.478593     -3.520241
   2400000     10.553010     -3.450952
   2420000     10.627622     -3.510942
   2440000     10.679564     -3.498956
   2460000     10.740065     -3.604578
   2480000     10.768149     -3.682172
   2500000     10.872730     -3.598856
   2520000     10.914025     -3.688467
   2540000     10.989328     -3.694311
   2560000     11.000474     -3.807340
   2580000     11.102937     -3.755667
   2600000     11.173312     -3.757744
   2620000     11.230583     -3.771480
   2640000     11.293954     -3.785046
   2660000     11.357194     -3.797597
   2680000     11.406723     -3.882948
   2700000     11.459313     -3.936506
   2720000     11.482818     -4.058800
   2740000     11.509297     -4.134855
   2760000     11.571296     -4.169374
   2780000     11.678395     -4.075571
   2800000     11.645122     -4.333489
   2820000     11.665290     -4.404740
   2840000     11.777446     -4.376160
   2860000     11.960180     -4.160329
   2880000     12.030724     -4.168039
   2900000     12.070907     -4.157134
   2920000     12.124078     -4.090344
   2940000     12.204671     -4.118695
   2960000     12.286066     -4.078203
   2980000     12.350015     -4.250408
   3000000     12.418978     -4.216260
   3020000     12.479857     -4.260309
   3040000     12.537058     -4.345535
   3060000     12.585314     -4.343292
   3080000     12.660756     -4.329008
   3100000     12.754600     -4.329026
   3120000     12.834850     -4.315415
   3140000     12.911068     -4.320821
   3160000     12.933860     -4.429443
   3180000     12.984447     -4.452469
   3200000     13.039142     -4.471094
   3220000     13.095706     -4.505709
   3240000     13.148879     -4.568163
   3260000     13.194966     -4.594536
   3280000     13.241677     -4.672455
   3300000     13.303574     -4.719293
   3320000     13.184074     -4.896370
   3340000     13.250391     -4.968813
   3360000     13.420848     -4.879131
   3380000     13.464850     -4.921491
   3400000     13.546209     -4.868322
   3420000     13.626276     -4.753636
   3440000     13.675114     -4.822040
   3460000     13.771546     -4.731846
   3480000     13.788861     -4.863989
   3500000     13.935633     -4.722757
   3520000     14.010120     -4.762662
   3540000     14.074178     -4.775175
   3560000     14.136629     -4.858057
   3580000     14.207980     -4.823867
   3600000     14.265785     -4.918945
   3620000     14.329119     -4.915649
   3640000     14.386387     -4.822611
   3660000     14.439618     -4.817384
   3680000     14.533098     -4.852630
   3700000     14.592917     -4.896565
   3720000     14.657735     -4.933914
   3740000     14.731335     -4.894277
   3760000     14.790733     -4.842406
   3780000     14.881359     -4.925153
   3800000     14.946151     -4.985536
   3820000     15.022578     -4.921050
   3840000     15.078328     -4.883224
   3860000     15.147942     -4.868306
   3880000     15.216246     -4.999654
   3900000     15.287494     -4.945867
   3920000     15.345221     -5.064535
   3940000     15.391686     -5.152845
   3960000     15.470769     -5.131884
   3980000     15.552586     -5.097685
   4000000     15.622271     -4.997033
   4020000     15.687821     -4.989778
   4040000     15.747597     -5.120914
   4060000     15.815433     -5.141898
   4080000     15.894455     -4.935502
   4100000     15.947946     -4.893082
   4120000     16.026868     -5.002092
   4140000     16.100049     -4.911113
   4160000     16.150728     -4.775216
   4180000     16.243911     -4.963581
   4200000     16.290863     -5.019528
   4220000     16.359174     -4.895120
   4240000     16.432753     -4.877766
   4260000     16.512596     -5.024976
   4280000     16.566734     -5.047215
   4300000     16.636807     -4.954835
   4320000     16.692070     -5.045937
   4340000     16.749080     -5.064413
   4360000     16.803257     -5.105851
   4380000     16.863524     -5.108238
   4400000     16.917044     -5.064692
   4420000     16.981156     -5.128592
   4440000     17.053778     -5.076372
   4460000     17.111549     -5.178609
   4480000     17.177914     -5.040420
   4500000     17.247146     -5.128043
   4520000     17.294729     -5.244033
   4540000     17.427613     -5.122518
   4560000     17.495240     -5.120569
   4580000     17.551299     -5.182268
   4600000     17.631366     -5.199693
   4620000     17.694623     -5.156072
   4640000     17.741900     -5.257893
   4660000     17.831344     -5.174228
   4680000     17.894700     -5.015786
   4700000     17.992684     -5.099830
   4720000     18.039315     -5.193809
   4740000     18.120230     -5.317483
   4760000     18.173774     -5.341620
   4780000     18.209209     -5.410762
   4800000     18.286943     -5.402175
   4820000     18.405747     -5.306471
   4840000     18.467446     -5.324606
   4860000     18.534162     -5.324831
   4880000     18.600807     -5.343694
   4900000     18.642213     -5.440814
   4920000     18.678510     -5.456341
   4940000     18.813749     -5.176625
   4960000     18.887432     -5.161903
   4980000     18.963266     -5.265834
   5000000     19.053473     -5.231618
   5020000     19.106241     -5.285305
   5040000     19.144816     -5.418485
   5060000     19.204129     -5.457358
   5080000     19.261445     -5.475659
   5100000     19.293333     -5.557065
   5120000     19.459683     -5.393706
   5140000     19.520906     -5.395397
   5160000     19.565977     -5.411474
   5180000     19.561630     -5.510490
   5200000     19.697854     -5.458197
   5220000     19.783796     -5.435499
   5240000     19.811959     -5.491081
   5260000     19.959257     -5.324367
   5280000     20.021701     -5.288683
   5300000     20.047900     -5.423217
   5320000     20.149094     -5.273122
   5340000     20.228901     -5.374507
   5360000     20.263980     -5.484746
   5380000     20.348552     -5.511403
   5400000     20.434234     -5.470333
   5420000     20.466050     -5.297454
   5440000     20.536412     -5.305515
   5460000     20.627952     -5.323167
   5480000     20.648064     -5.240100
   5500000     20.720775     -5.260068
   5520000     20.794696     -5.266202
   5540000     20.824801     -5.228813
   5560000     20.877905     -5.201199
   5580000     20.902714     -5.120469
   5600000     20.961395     -5.125103
   5620000     21.079829     -5.209031
   5640000     21.140747     -5.238042
   5660000     21.222703     -5.302044
   5680000     21.286275     -5.135861
   5700000     21.352296     -5.112115
   5720000     21.419005     -5.137896
   5740000     21.470923     -5.088048
   5760000     21.539244     -5.146088
   5780000     21.608288     -5.160748
   5800000     21.659247     -5.105744
   5820000     21.687774     -4.947447
   5840000     21.716686     -4.829716
   5860000     21.828315     -4.901465
   5880000     21.822030     -4.707550
   5900000     21.830667     -4.603812
   5920000     21.927567     -4.613142
   5940000     21.969247     -4.523289
   5960000     22.029714     -4.486926
   5980000     22.110887     -4.489592
   6000000     22.153568     -4.440489
