         0      4.000000      0.000000
     20000      4.008156      0.004566
     40000      4.010593      0.007266
     60000      4.012321      0.009946
     80000      4.016573      0.005552
    100000      4.020001     -0.005427
    120000      4.017339      0.025425
    140000      4.021632      0.039985
    160000      4.036268      0.038798
    180000      4.043991      0.040831
    200000      4.037056      0.053675
    220000      4.044057      0.053764
    240000      4.069747      0.028052
    260000      4.075975      0.029248
    280000      4.092343      0.021389
    300000      4.097843      0.020498
    320000      4.107944      0.031975
    340000      4.117341      0.021034
    360000      4.127532      0.005462
    380000      4.129697      0.045324
    400000      4.145770      0.040001
    420000      4.154095      0.027985
    440000      4.160109      0.035470
    460000      4.145006      0.108718
    480000      4.175309      0.067932
    500000      4.172600      0.091714
    520000      4.196803      0.059724
    540000      4.202103      0.074971
    560000      4.237315     -0.004641
    580000      4.242360      0.011925
    600000      4.250487     -0.019318
    620000      4.259434     -0.011806
    640000      4.267961     -0.008711
    660000      4.287196     -0.011958
    680000      4.300349     -0.034034
    700000      4.310857     -0.029823
    720000      4.314101     -0.024454
    740000      4.323926     -0.032574
    760000      4.329475     -0.039278
    780000      4.339568     -0.028920
    800000      4.348732     -0.045096
    820000      4.359262     -0.047077
    840000      4.372635     -0.060464
    860000      4.385216      0.018419
    880000      4.385499      0.038606
    900000      4.396483      0.027777
    920000      4.402586      0.026151
    940000      4.409796      0.032785
    960000      4.413989      0.037021
    980000      4.452295     -0.026716
   1000000      4.461415      0.000998
   1020000      4.467467     -0.047300
   1040000      4.476416      0.004341
   1060000      4.486659      0.007641
   1080000      4.498679     -0.012801
   1100000      4.509646      0.001363
   1120000      4.514978      0.008185
   1140000      4.524174      0.013294
   1160000      4.534295      0.009874
   1180000      4.541932      0.012936
   1200000      4.552448      0.008856
   1220000      4.560536     -0.003688
   1240000      4.570984     -0.005115
   1260000      4.575145     -0.034907
   1280000      4.584845      0.071565
   1300000      4.589073      0.084838
   1320000      4.604261      0.065251
   1340000      4.614375      0.028404
   1360000      4.620601      0.044032
   1380000      4.631838      0.053892
   1400000      4.634794      0.069388
   1420000      4.636678      0.079839
   1440000      4.641485      0.090452
   1460000      4.653331      0.079414
   1480000      4.671763      0.058126
   1500000      4.682900      0.047277
   1520000      4.693345      0.049862
   1540000      4.702063      0.027058
   1560000      4.711046      0.016966
   1580000      4.721372      0.006012
   1600000      4.736787      0.021478
   1620000      4.745625      0.008751
   1640000      4.750553      0.003786
   1660000      4.752361      0.084931
   1680000      4.755252      0.104434
   1700000      4.760306      0.101805
   1720000      4.772397      0.088464
   1740000      4.782160      0.108447
   1760000      4.782699      0.115039
   1780000      4.792846      0.101682
   1800000      4.799937      0.130443
   1820000      4.813841      0.119126
   1840000      4.797190      0.163400
   1860000      4.798288      0.172314
   1880000      4.794909      0.185573
   1900000      4.809602      0.202226
   1920000      4.820601      0.200780
   1940000      4.829430      0.203842
   1960000      4.846705      0.195119
   1980000      4.858273      0.193840
   2000000      4.864305      0.198453
   2020000      4.832887      0.252143
   2040000      4.831744      0.259397
   2060000      4.845708      0.256501
   2080000      4.843943      0.268476
   2100000      4.857947      0.278865
   2120000      4.859677      0.279245
   2140000      4.850060      0.292141
   2160000      4.912110      0.252805
   2180000      4.929120      0.248415
   2200000      4.988525      0.090961
   2220000      4.990190      0.068953
   2240000      5.007317      0.049422
   2260000      5.015597      0.052305
   2280000      5.032071      0.054790
   2300000      5.043481      0.039393
   2320000      5.049495      0.062383
   2340000      5.058509      0.052764
   2360000      5.065784      0.050331
   2380000      5.071268      0.045509
   2400000      5.082770      0.038371
   2420000      5.086586      0.010998
   2440000      5.096592      0.016636
   2460000      5.105113      0.030504
   2480000      5.112957      0.001885
   2500000      5.116576      0.006704
   2520000      5.123835      0.014596
   2540000      5.131812      0.018212
   2560000      5.142539      0.008773
   2580000      5.145527     -0.011349
   2600000      5.146062     -0.013948
   2620000      5.155869     -0.014673
   2640000      5.172039     -0.004853
   2660000      5.172179     -0.027208
   2680000      5.167401     -0.026372
   2700000      5.172013     -0.032175
   2720000      5.178960     -0.047049
   2740000      5.194668     -0.052447
   2760000      5.195190     -0.070236
   2780000      5.197028     -0.079769
   2800000      5.232194     -0.074156
   2820000      5.241292     -0.078178
   2840000      5.250995     -0.082252
   2860000      5.255555     -0.094050
   2880000      5.265457     -0.091631
   2900000      5.262556     -0.105264
   2920000      5.281900     -0.111178
   2940000      5.290578     -0.107195
   2960000      5.296098     -0.118889
   2980000      5.300269     -0.126745
   3000000      5.304672     -0.140187
   3020000      5.304566     -0.150681
   3040000      5.321567     -0.132382
   3060000      5.348290     -0.130081
   3080000      5.364879     -0.129045
   3100000      5.382150     -0.101630
   3120000      5.394801     -0.109176
   3140000      5.403191     -0.126917
   3160000      5.415244     -0.118297
   3180000      5.428770     -0.102715
   3200000      5.431484     -0.105404
   3220000      5.438248     -0.101105
   3240000      5.445679     -0.097205
   3260000      5.452333     -0.114541
   3280000      5.454854     -0.128103
   3300000      5.466959     -0.131200
   3320000      5.471256     -0.144172
   3340000      5.480676     -0.143461
   3360000      5.490435     -0.138742
   3380000      5.509466     -0.100718
   3400000      5.512125     -0.089247
   3420000      5.521598     -0.118650
   3440000      5.523745     -0.138142
   3460000      5.534352     -0.139246
   3480000      5.544260     -0.147047
   3500000      5.551598     -0.145759
   3520000      5.567632     -0.136443
   3540000      5.579499     -0.108928
   3560000      5.587846     -0.081718
   3580000      5.593361     -0.082459
   3600000      5.598324     -0.072040
   3620000      5.608136     -0.091295
   3640000      5.611964     -0.087804
   3660000      5.621954     -0.074062
   3680000      5.624365     -0.055736
   3700000      5.634359     -0.089840
   3720000      5.644141     -0.072998
   3740000      5.651197     -0.072371
   3760000      5.660253     -0.092921
   3780000      5.671379     -0.081612
   3800000      5.670637     -0.055603
   3820000      5.677900     -0.048864
   3840000      5.690522     -0.045851
   3860000      5.701873     -0.044614
   3880000      5.714437     -0.051478
   3900000      5.718913     -0.042331
   3920000      5.714369     -0.032834
   3940000      5.676095      0.067626
   3960000      5.717772      0.021662
   3980000      5.731300      0.017705
   4000000      5.743134      0.007154
   4020000      5.761240      0.004953
   4040000      5.766488      0.025023
   4060000      5.770690      0.021821
   4080000      5.777384      0.031757
   4100000      5.775448      0.047349
   4120000      5.789153      0.038469
   4140000      5.795298      0.046841
   4160000      5.797735      0.058047
   4180000      5.803487      0.062492
   4200000      5.820200      0.059621
   4220000      5.822047      0.060269
   4240000      5.829474      0.066653
   4260000      5.826468      0.079201
   4280000      5.837944      0.078272
   4300000      5.839353      0.080916
   4320000      5.851308      0.084830
   4340000      5.851096      0.102019
   4360000      5.865041      0.104640
   4380000      5.874898      0.096290
   4400000      5.895227      0.083969
   4420000      5.908824      0.093901
   4440000      5.915958      0.099154
   4460000      5.925487      0.082421
   4480000      5.925652      0.115953
   4500000      5.948933      0.099158
   4520000      5.951781      0.106129
   4540000      5.960362      0.116717
   4560000      5.962291      0.133070
   4580000      5.980168      0.113423
   4600000      5.994508      0.115008
   4620000      6.002153      0.111692
   4640000      6.017822      0.106745
   4660000      6.030560      0.087094
   4680000      6.048233      0.057012
   4700000      6.056966      0.079491
   4720000      6.063726      0.078838
   4740000      6.080657      0.055725
   4760000      6.086381      0.045698
   4780000      6.092150      0.044043
   4800000      6.092660     -0.001840
   4820000      6.099995     -0.004407
   4840000      6.106750      0.003551
   4860000      6.115324      0.000717
   4880000      6.129120     -0.014142
   4900000      6.142523     -0.001884
   4920000      6.156353      0.051351
   4940000      6.162285      0.042821
   4960000      6.179627      0.048372
   4980000      6.187102      0.031533
   5000000      6.201039      0.034949
   5020000      6.218472      0.027896
   5040000      6.222863      0.026037
   5060000      6.238441      0.000319
   5080000      6.249280      0.001952
   5100000      6.261370      0.007470
   5120000      6.263340      0.106953
   5140000      6.265807      0.128791
   5160000      6.282961      0.102824
   5180000      6.295840      0.096232
   5200000      6.307101      0.030916
   5220000      6.318106      0.038867
   5240000      6.326229      0.015815
   5260000      6.331409     -0.023246
   5280000      6.336374     -0.031222
   5300000      6.339362     -0.044273
   5320000      6.340062     -0.056068
   5340000      6.359774     -0.010862
   5360000      6.359406     -0.076928
   5380000      6.372953     -0.069138
   5400000      6.378685     -0.066067
   5420000      6.388017     -0.066853
   5440000      6.397206     -0.073699
   5460000      6.397338     -0.079417
   5480000      6.410681     -0.084859
   5500000      6.422852     -0.085897
   5520000      6.428250     -0.107280
   5540000      6.430571     -0.126004
   5560000      6.436459     -0.142965
   5580000      6.435503     -0.153863
   5600000      6.445448     -0.165916
   5620000      6.444521     -0.171997
   5640000      6.458557     -0.169807
   5660000      6.472968     -0.163222
   5680000      6.482573     -0.181672
   5700000      6.491295     -0.179777
   5720000      6.485934     -0.196611
   5740000      6.502754     -0.192655
   5760000      6.508122     -0.198857
   5780000      6.519523     -0.204780
   5800000      6.519687     -0.212736
   5820000      6.528307     -0.217787
   5840000      6.533930     -0.219429
   5860000      6.528462     -0.236301
   5880000      6.600076     -0.117282
   5900000      6.586106     -0.196594
   5920000      6.604698     -0.197278
   5940000      6.606128     -0.208621
   5960000      6.610843     -0.222164
   5980000      6.618531     -0.208524
   6000000      6.629444     -0.210138
   6020000      6.634807     -0.218320
   6040000      6.647314     -0.223656
   6060000      6.603897     -0.310019
   6080000      6.599473     -0.322998
   6100000      6.595004     -0.340993
   6120000      6.594460     -0.340499
   6140000      6.616245     -0.337119
   6160000      6.625329     -0.345233
   6180000      6.636206     -0.358535
   6200000      6.667616     -0.338592
   6220000      6.665739     -0.355279
   6240000      6.647906     -0.380558
   6260000      6.629664     -0.388778
   6280000      6.651321     -0.393789
   6300000      6.650390     -0.404986
   6320000      6.780465     -0.286541
   6340000      6.790154     -0.292968
   6360000      6.790139     -0.291278
   6380000      6.795268     -0.317524
   6400000      6.823841     -0.292959
   6420000      6.830847     -0.290510
   6440000      6.845174     -0.271731
   6460000      6.859722     -0.261629
   6480000      6.874535     -0.258973
   6500000      6.884407     -0.289859
   6520000      6.893268     -0.287270
   6540000      6.903656     -0.290807
   6560000      6.917455     -0.282246
   6580000      6.921027     -0.290994
   6600000      6.923805     -0.326527
   6620000      6.931627     -0.331551
   6640000      6.938041     -0.329574
   6660000      6.947012     -0.333893
   6680000      6.953298     -0.346467
   6700000      6.915607     -0.414499
   6720000      6.942397     -0.396075
   6740000      6.949566     -0.401616
   6760000      6.964234     -0.387433
   6780000      6.968158     -0.399370
   6800000      6.980851     -0.404621
   6820000      7.001570     -0.401258
   6840000      7.004128     -0.405375
   6860000      7.008697     -0.413552
   6880000      7.024875     -0.402237
   6900000      7.021514     -0.425910
   6920000      7.039184     -0.420559
   6940000      7.049900     -0.419286
   6960000      7.056980     -0.421876
   6980000      7.062330     -0.429799
   7000000      7.076038     -0.435806
   7020000      7.087937     -0.407743
   7040000      7.109115     -0.407808
   7060000      7.126664     -0.402782
   7080000      7.141520     -0.411863
   7100000      7.153067     -0.409701
   7120000      7.154799     -0.433822
   7140000      7.166260     -0.444211
   7160000      7.172924     -0.448284
   7180000      7.179261     -0.459148
   7200000      7.185447     -0.469692
   7220000      7.199650     -0.465174
   7240000      7.212684     -0.468514
   7260000      7.222369     -0.472624
   7280000      7.239543     -0.457628
   7300000      7.254855     -0.438359
   7320000      7.257082     -0.438570
   7340000      7.271176     -0.433930
   7360000      7.267768     -0.484105
   7380000      7.269393     -0.500699
   7400000      7.282244     -0.500987
   7420000      7.297664     -0.494358
   7440000      7.305840     -0.497434
   7460000      7.307591     -0.512987
   7480000      7.317510     -0.518035
   7500000      7.322598     -0.520442
   7520000      7.332550     -0.540410
   7540000      7.357992     -0.514212
   7560000      7.356990     -0.544084
   7580000      7.376582     -0.526770
   7600000      7.386568     -0.530164
   7620000      7.395607     -0.540805
   7640000      7.386106     -0.583018
   7660000      7.398841     -0.583306
   7680000      7.425255     -0.552256
   7700000      7.418624     -0.580155
   7720000      7.421414     -0.598898
   7740000      7.423817     -0.608653
   7760000      7.441576     -0.592309
   7780000      7.442578     -0.613003
   7800000      7.453797     -0.611578
   7820000      7.461988     -0.620029
   7840000      7.466723     -0.630074
   7860000      7.474446     -0.636183
   7880000      7.485329     -0.634896
   7900000      7.491137     -0.656194
   7920000      7.486508     -0.667287
   7940000      7.502017     -0.672622
   7960000      7.516939     -0.666275
   7980000      7.524789     -0.671595
   8000000      7.548712     -0.649034
   8020000      7.551666     -0.655870
   8040000      7.541983     -0.676021
   8060000      7.549899     -0.685691
   8080000      7.553538     -0.691237
   8100000      7.566115     -0.680210
   8120000      7.579638     -0.686319
   8140000      7.583533     -0.679117
   8160000      7.584096     -0.706795
   8180000      7.590113     -0.708396
   8200000      7.576153     -0.748753
   8220000      7.634044     -0.677732
   8240000      7.644533     -0.690114
   8260000      7.604861     -0.773270
   8280000      7.613046     -0.786885
   8300000      7.616796     -0.800458
   8320000      7.615710     -0.805099
   8340000      7.628687     -0.810117
   8360000      7.642263     -0.812928
   8380000      7.643013     -0.821507
   8400000      7.638829     -0.830209
   8420000      7.648904     -0.840543
   8440000      7.664641     -0.845002
   8460000      7.643027     -0.864456
   8480000      7.648476     -0.871708
   8500000      7.660475     -0.874221
   8520000      7.653282     -0.886445
   8540000      7.660289     -0.889715
   8560000      7.660865     -0.900368
   8580000      7.686821     -0.901829
   8600000      7.677831     -0.916256
   8620000      7.684409     -0.919725
   8640000      7.670289     -0.937046
   8660000      7.672100     -0.935327
   8680000      7.650249     -0.952564
   8700000      7.697968     -0.945339
   8720000      7.704850     -0.949181
   8740000      7.711627     -0.963938
   8760000      7.760671     -0.938396
   8780000      7.765790     -0.939727
   8800000      7.776908     -0.941005
   8820000      7.734498     -0.986829
   8840000      7.799751     -0.940476
   8860000      7.797007     -0.953627
   8880000      7.797448     -0.963188
   8900000      7.751865     -1.019344
   8920000      7.763465     -1.024130
   8940000      7.777191     -1.029320
   8960000      7.766234     -1.045304
   8980000      7.752264     -1.061027
   9000000      7.752251     -1.071052
   9020000      7.727571     -1.092079
   9040000      7.723546     -1.098561
   9060000      7.723290     -1.105848
   9080000      7.716099     -1.116179
   9100000      7.726013     -1.121584
   9120000      7.711438     -1.137403
   9140000      7.734290     -1.140906
   9160000      7.731048     -1.145466
   9180000      7.812386     -1.115610
   9200000      7.739858     -1.186083
   9220000      7.769813     -1.181544
   9240000      7.780811     -1.186475
   9260000      7.805819     -1.172427
   9280000      7.824938     -1.168534
   9300000      7.821020     -1.175759
   9320000      7.834005     -1.177221
   9340000      7.839783     -1.175985
   9360000      7.833213     -1.197299
   9380000      7.845532     -1.203078
   9400000      7.854543     -1.204490
   9420000      7.866813     -1.198134
   9440000      7.870164     -1.201238
   9460000      7.874779     -1.201055
   9480000      7.887227     -1.189230
   9500000      7.880607     -1.213458
   9520000      7.888122     -1.226362
   9540000      7.895384     -1.241476
   9560000      7.903046     -1.245194
   9580000      7.915992     -1.253555
   9600000      7.921401     -1.261555
   9620000      7.927990     -1.273965
   9640000      7.947886     -1.264479
   9660000      7.939158     -1.289421
   9680000      7.965832     -1.279259
   9700000      7.967253     -1.292410
   9720000      7.978251     -1.302072
   9740000      7.976618     -1.314229
   9760000      8.001944     -1.297454
   9780000      8.009735     -1.302473
   9800000      8.029362     -1.295410
   9820000      8.037759     -1.298421
   9840000      8.035075     -1.306064
   9860000      8.049344     -1.300958
   9880000      8.055515     -1.304857
   9900000      8.057919     -1.311376
   9920000      8.061486     -1.309514
   9940000      8.074077     -1.314402
   9960000      8.074168     -1.321540
   9980000      8.077757     -1.322157
  10000000      8.075943     -1.340229
