         0      4.000000      0.000000
     20000      4.002884     -0.129544
     40000      4.072388     -0.053536
     60000      3.945210      0.038421
     80000      4.021381      0.398541
    100000      3.978839      0.714850
    120000      4.068941      0.651667
    140000      4.013180      0.945681
    160000      4.080721      0.963166
    180000      4.185600      0.926881
    200000      4.131486      0.714881
    220000      4.376304      0.704036
    240000      4.386046      0.783691
    260000      4.405655      0.286631
    280000      4.417358      0.116110
    300000      4.426660      0.461825
    320000      4.394226      0.424972
    340000      4.429945      0.737694
    360000      4.431290      0.667723
    380000      4.708623      0.652676
    400000      4.574858      1.057302
    420000      4.571971      1.104239
    440000      4.715360      1.214049
    460000      4.861828      0.855469
    480000      4.923325      0.660445
    500000      5.183751      0.323849
    520000      5.279173      0.392040
    540000      5.188256      0.571504
    560000      5.092812      0.915515
    580000      5.123367      0.977497
    600000      5.220481      0.990475
    620000      5.062648      1.112636
    640000      5.028218      0.874368
    660000      4.887686      0.946200
    680000      4.924248      0.890255
    700000      4.894091      0.672206
    720000      4.772457      0.863286
    740000      4.905549      0.741106
    760000      4.817314      0.857709
    780000      4.664102      0.870948
    800000      4.557700      0.573266
    820000      4.248075      0.734963
    840000      4.307287      0.516784
    860000      4.128933      0.920472
    880000      4.295050      0.868459
    900000      4.374668      0.912688
    920000      4.487357      0.499345
    940000      4.366822      0.772585
    960000      4.503960      0.725243
    980000      4.515218      0.892906
   1000000      4.677503      0.894961
   1020000      4.600998      0.685040
   1040000      4.650014      0.956440
   1060000      4.749141      0.775381
   1080000      4.539098      1.269943
   1100000      4.558612      1.149915
   1120000      4.489335      1.236662
   1140000      4.176683      1.385771
   1160000      4.306977      1.526803
   1180000      4.361365      1.577189
   1200000      4.193530      1.323316
   1220000      4.083040      1.122962
   1240000      3.936784      1.525326
   1260000      3.880725      1.763827
   1280000      4.043605      1.412457
   1300000      4.107411      1.622010
   1320000      4.125133      1.743685
   1340000      4.114946      1.566826
   1360000      4.116180      1.595694
   1380000      4.249204      1.582501
   1400000      4.208823      1.688204
   1420000      4.061962      1.543940
   1440000      4.057872      1.596592
   1460000      4.197721      1.545647
   1480000      4.179983      1.528624
   1500000      4.357521      1.537863
   1520000      4.246239      1.495468
   1540000      4.167807      1.370821
   1560000      4.418527      1.076386
   1580000      4.358580      1.271413
   1600000      4.359232      1.198692
   1620000      4.155664      1.142593
   1640000      4.382134      1.130627
   1660000      4.666905      1.483030
   1680000      4.424042      1.593233
   1700000      4.299149      1.687248
   1720000      4.008281      1.767856
   1740000      4.295215      1.556996
   1760000      4.305303      1.836988
   1780000      4.435860      1.652515
   1800000      4.268450      2.046534
   1820000      4.284440      2.171347
   1840000      4.161063      2.231708
   1860000      4.415685      2.125851
   1880000      4.391801      2.223437
   1900000      4.146986      1.673436
   1920000      4.485992      1.701878
   1940000      4.492297      1.837733
   1960000      4.515259      2.198311
   1980000      4.635611      1.967528
   2000000      4.611951      2.034806
   2020000      4.275749      2.569748
   2040000      4.409797      2.348686
   2060000      4.384208      2.423818
   2080000      4.571365      2.325050
   2100000      4.612676      2.155235
   2120000      4.643039      2.457349
   2140000      4.476985      2.728308
   2160000      4.293067      2.880816
   2180000      4.537629      2.472220
   2200000      4.584305      2.433291
   2220000      4.754484      2.030433
   2240000      4.866561      1.826801
   2260000      4.846658      1.768627
   2280000      4.863558      1.938842
   2300000      4.570695      1.783326
   2320000      4.625237      1.468050
   2340000      4.672842      1.576059
   2360000      4.799084      1.950666
   2380000      4.710944      1.990252
   2400000      4.786142      1.743566
   2420000      4.664467      1.709505
   2440000      4.881946      2.216477
   2460000      4.895269      2.266173
   2480000      4.961357      2.271846
   2500000      4.912637      2.354765
   2520000      5.112752      2.064498
   2540000      5.051548      2.112954
   2560000      4.941231      2.098372
   2580000      5.041858      2.099553
   2600000      5.118410      2.078258
   2620000      4.994621      2.269692
   2640000      5.146079      2.146740
   2660000      5.215817      2.305122
   2680000      5.210216      2.323909
   2700000      5.406180      1.979573
   2720000      5.430217      1.757836
   2740000      5.417496      2.108855
   2760000      5.472126      2.214879
   2780000      5.602228      2.129755
   2800000      5.641677      1.814096
   2820000      5.764966      1.416567
   2840000      5.827484      1.419230
   2860000      5.917385      1.650152
   2880000      5.722756      1.138721
   2900000      5.725714      0.931249
   2920000      5.734855      0.869503
   2940000      5.664602      0.729918
   2960000      5.640668      0.558227
   2980000      5.628117      0.650445
   3000000      5.806395      0.855245
   3020000      5.949245      1.015205
   3040000      5.818854      0.869749
   3060000      5.872034      0.934919
   3080000      6.040782      1.386174
   3100000      6.124981      1.476304
   3120000      5.955079      1.678381
   3140000      5.882078      1.717935
   3160000      5.850495      1.845026
   3180000      5.781440      1.968428
   3200000      5.531651      2.005773
   3220000      5.721852      1.610070
   3240000      5.977244      2.073022
   3260000      6.031665      2.129494
   3280000      6.086697      1.861662
   3300000      6.048377      2.247906
   3320000      6.262610      2.235604
   3340000      6.082839      2.197222
   3360000      6.375907      1.752251
   3380000      6.209183      1.609669
   3400000      5.983607      1.713210
   3420000      6.152324      1.183509
   3440000      6.031397      0.729800
   3460000      6.148214      0.860829
   3480000      6.154326      0.404911
   3500000      6.224063      0.451145
   3520000      6.253474      0.872560
   3540000      6.230745      0.511252
   3560000      6.378557      0.865076
   3580000      6.337957      0.967297
   3600000      6.258641      0.818762
   3620000      6.333976      1.031534
   3640000      6.222819      1.183258
   3660000      6.312958      1.225430
   3680000      6.445594      1.174178
   3700000      6.517241      1.598561
   3720000      6.663277      1.221143
   3740000      6.660192      1.434747
   3760000      6.691055      1.601548
   3780000      6.620274      1.731595
   3800000      6.752103      1.868987
   3820000      6.824739      2.094479
   3840000      6.629270      2.246808
   3860000      6.581853      2.110098
   3880000      6.567363      2.348816
   3900000      6.781351      2.139101
   3920000      6.641554      2.286414
   3940000      6.617346      2.497723
   3960000      6.628499      2.739622
   3980000      6.186227      2.835793
   4000000      6.028332      2.921413
   4020000      6.021968      2.684496
   4040000      5.989207      2.639433
   4060000      6.065922      2.663453
   4080000      5.573440      2.788221
   4100000      5.409817      2.921586
   4120000      5.578061      2.413950
   4140000      5.350334      2.539707
   4160000      5.161545      2.750357
   4180000      5.294191      2.914009
   4200000      5.144030      2.922931
   4220000      4.924642      2.659833
   4240000      4.695196      2.830916
   4260000      5.022917      2.552396
   4280000      5.197349      2.636349
   4300000      5.472556      2.505235
   4320000      5.471984      2.631953
   4340000      5.692402      2.628627
   4360000      5.492144      2.705307
   4380000      5.467068      2.522727
   4400000      5.002010      2.502523
   4420000      4.911066      2.503576
   4440000      5.080747      2.364592
   4460000      4.864627      2.472774
   4480000      5.116186      2.352257
   4500000      4.367455      2.261185
   4520000      4.883646      2.231670
   4540000      4.684455      2.110618
   4560000      4.683661      2.396280
   4580000      4.492707      2.428017
   4600000      4.815553      2.519149
   4620000      4.574671      2.557317
   4640000      4.907811      2.742918
   4660000      4.819570      3.000969
   4680000      4.992810      2.906376
   4700000      4.975895      3.044849
   4720000      4.925392      3.191671
   4740000      4.488338      3.040069
   4760000      4.761434      3.163056
   4780000      4.523620      3.128770
   4800000      4.621900      3.178978
   4820000      4.476422      3.189575
   4840000      4.631715      3.113713
   4860000      4.715442      3.071814
   4880000      4.113064      3.156300
   4900000      4.475267      3.105901
   4920000      4.252659      2.872928
   4940000      4.264945      2.973101
   4960000      4.623510      2.849583
   4980000      4.507637      2.556796
   5000000      4.335112      2.514483
   5020000      4.110984      2.689656
   5040000      3.828919      2.707975
   5060000      3.836647      2.705222
   5080000      3.958760      2.688358
   5100000      3.676011      2.557513
   5120000      3.797942      2.655941
   5140000      3.848389      2.657632
   5160000      3.887145      2.562743
   5180000      4.102971      2.387742
   5200000      4.241440      2.469590
   5220000      4.369367      2.281560
   5240000      4.386668      1.922675
   5260000      4.273041      1.998322
   5280000      3.973650      2.300457
   5300000      4.342252      2.005243
   5320000      4.385370      1.988733
   5340000      4.334858      2.043995
   5360000      4.332133      2.347472
   5380000      4.491836      2.143267
   5400000      4.295040      2.245136
   5420000      4.257720      2.158262
   5440000      4.080111      2.349351
   5460000      3.821672      2.320851
   5480000      3.653022      2.525552
   5500000      3.447080      2.410395
   5520000      3.389791      2.377088
   5540000      3.362418      2.334671
   5560000      4.116344      2.232821
   5580000      4.007083      2.081078
   5600000      4.041185      2.110241
   5620000      3.825574      2.141948
   5640000      4.114940      2.095492
   5660000      4.098072      2.021664
   5680000      4.213098      1.799853
   5700000      4.305428      1.886983
   5720000      4.145508      1.979286
   5740000      3.952415      1.969949
   5760000      3.727980      1.927190
   5780000      3.670075      1.815673
   5800000      3.600625      1.652960
   5820000      3.704214      1.770463
   5840000      3.657810      2.086201
   5860000      3.688114      2.252752
   5880000      3.802284      2.093509
   5900000      3.864494      1.783144
   5920000      3.771531      2.007199
   5940000      3.654410      1.991631
   5960000      3.392341      2.277060
   5980000      3.202857      2.184441
   6000000      3.423187      2.015115
