         0      4.000000      0.000000
     20000      4.051728      0.054524
     40000      4.079847     -0.170551
     60000      4.076975     -0.141077
     80000      4.176100      0.160567
    100000      4.147384      0.515585
    120000      4.295275      0.460644
    140000      4.419238      0.434128
    160000      4.579901      0.543309
    180000      4.508998      0.308207
    200000      4.431630      0.357688
    220000      4.556532      0.172527
    240000      4.536052     -0.161558
    260000      4.717606      0.026940
    280000      4.633106      0.090466
    300000      4.389711      0.147326
    320000      4.599297      0.378317
    340000      4.603014      0.650999
    360000      4.707832      0.304619
    380000      4.726706      0.268393
    400000      4.778453      0.146420
    420000      4.763294     -0.112465
    440000      4.719171     -0.493062
    460000      4.698838     -0.439998
    480000      4.968206     -0.316899
    500000      4.887655     -0.222049
    520000      4.840415     -0.417231
    540000      4.789710     -0.124723
    560000      4.846235     -0.336232
    580000      4.829072     -0.606101
    600000      4.811881     -0.767759
    620000      4.887904     -0.708314
    640000      5.088053     -0.915882
    660000      5.087404     -0.944256
    680000      5.057976     -1.096419
    700000      5.068815     -1.358689
    720000      4.845006     -1.717085
    740000      4.932797     -1.733389
    760000      5.215401     -1.763859
    780000      5.294188     -1.421218
    800000      5.247711     -1.392596
    820000      5.164329     -1.647330
    840000      5.086911     -1.832829
    860000      4.785919     -2.072363
    880000      4.569826     -2.126647
    900000      4.847823     -2.103252
    920000      4.975993     -1.945653
    940000      4.836733     -1.897320
    960000      4.655118     -2.061554
    980000      4.565088     -2.271197
   1000000      4.444313     -2.313070
   1020000      4.616688     -1.841512
   1040000      4.639572     -1.800640
   1060000      4.610947     -1.835107
   1080000      4.551465     -1.607199
   1100000      4.469246     -1.611078
   1120000      4.279666     -1.767616
   1140000      4.208397     -1.666964
   1160000      4.354140     -1.633999
   1180000      4.431062     -1.381177
   1200000      4.295949     -1.293533
   1220000      4.368781     -1.280305
   1240000      4.331237     -1.231836
   1260000      4.422971     -1.086965
   1280000      4.452075     -1.227569
   1300000      4.620778     -1.100596
   1320000      4.637642     -1.192344
   1340000      4.741685     -1.234071
   1360000      4.617870     -1.290926
   1380000      4.813483     -1.185069
   1400000      4.769299     -0.990781
   1420000      4.701071     -0.581829
   1440000      4.774643     -0.268827
   1460000      4.489180     -0.084761
   1480000      4.780732     -0.431717
   1500000      4.770811     -0.738155
   1520000      4.741415     -0.953454
   1540000      4.687427     -0.917169
   1560000      4.535164     -0.740182
   1580000      4.604454     -0.477030
   1600000      4.502337     -0.326261
   1620000      4.382996     -0.308468
   1640000      4.113345     -0.018339
   1660000      4.321459     -0.149874
   1680000      4.178495     -0.289098
   1700000      4.220214     -0.496278
   1720000      4.161231     -0.421994
   1740000      4.215793     -0.286001
   1760000      4.251430     -0.221260
   1780000      4.248200     -0.264253
   1800000      4.056687      0.038737
   1820000      3.974514      0.011416
   1840000      4.005840      0.074646
   1860000      4.233368      0.088374
   1880000      4.258940      0.144165
   1900000      4.245847      0.124144
   1920000      4.220344     -0.051227
   1940000      4.129869      0.023511
   1960000      4.188207      0.071886
   1980000      4.173587      0.082801
   2000000      4.202341      0.163402
   2020000      4.189711      0.156304
   2040000      4.050500      0.211446
   2060000      3.789112     -0.095676
   2080000      3.803592     -0.183773
   2100000      3.465867      0.305374
   2120000      3.554028      0.253222
   2140000      3.496766      0.396932
   2160000      3.335446      0.587812
   2180000      3.531063      0.323608
   2200000      3.638323      0.186491
   2220000      3.622442     -0.062675
   2240000      3.689176      0.178546
   2260000      3.778695      0.210383
   2280000      3.758310      0.132099
   2300000      3.942269      0.133971
   2320000      3.938867     -0.016769
   2340000      3.771686      0.081195
   2360000      3.980322      0.121600
   2380000      3.861187      0.193142
   2400000      3.872064     -0.252097
   2420000      3.772170     -0.236859
   2440000      3.922904     -0.330905
   2460000      4.036392     -0.395717
   2480000      3.695767     -1.017482
   2500000      3.504806     -1.219514
   2520000      3.470544     -1.210324
   2540000      3.382075     -1.195441
   2560000      3.354006     -0.893189
   2580000      3.265672     -1.129162
   2600000      3.253641     -0.937328
   2620000      3.306605     -0.648813
   2640000      3.273968     -0.861494
   2660000      3.386696     -0.170139
   2680000      3.243371     -0.313235
   2700000      3.293340     -0.445978
   2720000      3.078014     -0.638116
   2740000      3.239669     -0.389135
   2760000      3.021620     -0.427294
   2780000      3.112577     -0.579072
   2800000      3.070073     -0.556829
   2820000      3.221052     -0.657344
   2840000      3.216895     -0.707664
   2860000      3.342486     -0.849232
   2880000      3.622301     -0.692255
   2900000      3.659398     -0.835816
   2920000      3.770837     -0.798468
   2940000      3.762350     -0.966805
   2960000      3.696625     -0.894936
   2980000      3.880711     -0.718159
   3000000      3.790251     -0.848298
   3020000      3.615857     -1.178855
   3040000      4.037131     -1.019469
   3060000      4.169197     -0.839762
   3080000      4.160505     -1.025188
   3100000      3.975353     -1.062489
   3120000      3.829554     -1.256446
   3140000      3.816905     -1.123762
   3160000      3.818327     -1.136886
   3180000      3.857829     -0.950872
   3200000      3.747203     -0.833635
   3220000      3.902840     -0.474283
   3240000      3.612242     -0.669313
   3260000      3.648193     -0.577867
   3280000      3.508764     -0.828281
   3300000      3.473568     -0.825518
   3320000      3.499321     -0.940789
   3340000      3.476745     -0.905898
   3360000      3.736866     -0.531017
   3380000      3.817237     -0.629299
   3400000      3.869146     -0.497204
   3420000      3.886702     -0.485608
   3440000      3.974034     -0.505242
   3460000      3.889450     -0.497490
   3480000      3.720269     -0.207868
   3500000      3.549666     -0.318965
   3520000      3.513337     -0.288473
   3540000      3.361866     -0.528486
   3560000      3.280886     -0.540581
   3580000      3.294942     -0.427846
   3600000      3.352388     -0.552494
   3620000      3.141422     -0.703977
   3640000      3.209626     -0.759628
   3660000      3.145265     -0.620913
   3680000      2.945396     -0.737947
   3700000      2.998366     -0.548794
   3720000      3.060354     -0.770612
   3740000      2.984986     -0.965510
   3760000      2.966004     -1.266641
   3780000      2.612321     -1.448643
   3800000      2.773186     -1.194887
   3820000      2.753513     -1.014528
   3840000      2.924248     -1.012793
   3860000      2.920840     -1.151909
   3880000      2.934809     -0.890188
   3900000      2.885769     -0.898030
   3920000      2.961915     -0.724588
   3940000      2.977323     -0.947903
   3960000      3.027250     -0.969200
   3980000      3.038654     -1.169072
   4000000      3.145424     -1.267760
   4020000      3.007206     -1.288994
   4040000      3.267781     -1.170560
   4060000      3.367629     -1.057731
   4080000      3.232863     -1.358122
   4100000      3.103424     -1.389666
   4120000      2.756288     -1.550649
   4140000      3.069340     -1.235728
   4160000      3.063304     -1.080900
   4180000      2.541213     -1.415916
   4200000      2.557168     -1.168982
   4220000      2.453790     -1.119388
   4240000      2.380171     -0.934472
   4260000      2.492210     -1.084739
   4280000      3.082020     -1.003526
   4300000      2.975149     -1.289972
   4320000      2.696489     -1.265864
   4340000      2.954311     -1.339664
   4360000      2.933096     -1.564495
   4380000      3.278138     -1.728524
   4400000      3.316280     -1.812949
   4420000      3.013317     -1.975279
   4440000      3.316739     -1.862989
   4460000      3.010196     -1.952903
   4480000      3.246428     -1.876344
   4500000      3.047073     -1.952313
   4520000      2.822180     -1.876960
   4540000      3.057163     -1.823127
   4560000      3.228888     -1.801917
   4580000      2.953507     -1.574296
   4600000      2.967189     -1.578873
   4620000      2.934388     -1.645674
   4640000      2.849923     -1.568409
   4660000      2.929906     -1.574068
   4680000      2.589543     -1.626915
   4700000      2.514590     -1.629460
   4720000      1.994671     -1.370501
   4740000      1.770138     -1.434839
   4760000      1.798146     -1.471884
   4780000      2.122462     -1.632033
   4800000      2.002096     -1.644789
   4820000      2.065858     -1.832724
   4840000      1.680382     -1.596426
   4860000      1.519955     -1.610781
   4880000      1.803906     -1.826664
   4900000      1.688926     -1.692944
   4920000      1.719345     -1.625544
   4940000      1.908621     -1.637820
   4960000      1.510417     -1.484329
   4980000      1.550945     -1.702150
   5000000      1.347968     -1.541056
   5020000      1.361030     -1.579690
   5040000      1.415310     -1.614781
   5060000      1.527241     -1.724273
   5080000      1.481757     -1.852892
   5100000      1.483824     -1.890666
   5120000      1.366269     -1.865452
   5140000      1.534489     -1.767558
   5160000      1.736232     -1.711834
   5180000      2.045279     -1.953805
   5200000      1.895889     -2.054516
   5220000      1.908059     -2.122707
   5240000      2.156009     -2.180935
   5260000      1.999678     -2.094483
   5280000      1.817316     -2.179612
   5300000      1.776831     -2.324920
   5320000      1.952737     -2.446829
   5340000      1.721672     -2.449116
   5360000      1.630296     -2.584947
   5380000      1.609858     -2.516952
   5400000      1.551946     -2.840655
   5420000      1.679037     -2.831727
   5440000      1.037045     -2.636000
   5460000      1.276969     -2.825767
   5480000      1.445363     -2.879536
   5500000      1.709117     -2.874705
   5520000      1.374740     -2.870064
   5540000      1.508524     -2.988616
   5560000      1.217140     -2.937582
   5580000      1.268018     -3.064980
   5600000      1.174625     -2.946040
   5620000      1.053519     -2.761508
   5640000      0.698981     -2.665049
   5660000      0.517609     -2.569447
   5680000      0.605550     -2.604874
   5700000      0.805226     -2.803516
   5720000      0.855846     -2.616224
   5740000      0.826555     -2.809336
   5760000      0.768045     -2.625837
   5780000      0.671565     -2.444475
   5800000      0.817117     -2.743535
   5820000      0.720083     -2.603473
   5840000      0.929944     -2.797963
   5860000      1.175215     -2.802977
   5880000      1.547304     -2.670225
   5900000      1.433339     -2.691964
   5920000      1.636431     -2.659001
   5940000      1.813139     -2.730419
   5960000      1.602909     -2.635391
   5980000      1.462412     -2.402338
   6000000      1.611099     -2.525430
