         0      4.000000      0.000000
     20000      4.054310      0.028779
     40000      4.106351     -0.071155
     60000      4.175467     -0.134566
     80000      4.244417     -0.121724
    100000      4.299534     -0.099496
    120000      4.349966      0.089916
    140000      4.414359      0.075448
    160000      4.450980      0.202413
    180000      4.572605      0.184180
    200000      4.585462      0.297397
    220000      4.626737      0.340904
    240000      4.689946      0.375741
    260000      4.768881      0.377880
    280000      4.882097      0.302549
    300000      4.965984      0.283758
    320000      5.036246      0.207445
    340000      5.062441      0.413681
    360000      5.111419      0.469028
    380000      5.115434      0.582067
    400000      5.206896      0.600406
    420000      5.168099      0.744065
    440000      5.258997      0.758209
    460000      5.395749      0.695523
    480000      5.423488      0.626954
    500000      5.417951      0.859349
    520000      5.430858      0.909701
    540000      5.477880      0.975243
    560000      5.530409      1.011262
    580000      5.613624      1.002472
    600000      5.797469      0.928487
    620000      5.852485      0.949417
    640000      5.915197      0.968239
    660000      6.003374      0.974064
    680000      6.022107      1.029530
    700000      6.088237      1.055480
    720000      6.310197      0.831675
    740000      6.397290      0.709369
    760000      6.426126      0.867133
    780000      6.508045      0.844231
    800000      6.557594      0.884487
    820000      6.605884      0.972705
    840000      6.695349      0.945835
    860000      6.768530      0.964081
    880000      6.807340      1.027863
    900000      6.886568      0.991997
    920000      7.056463      0.503633
    940000      7.128996      0.534092
    960000      7.175594      0.381473
    980000      7.204012      0.317522
   1000000      7.259565      0.328301
   1020000      7.380512      0.446560
   1040000      7.353642      0.208747
   1060000      7.459420      0.222130
   1080000      7.513419      0.202775
   1100000      7.641809      0.303475
   1120000      7.659665      0.177177
   1140000      7.675281      0.093501
   1160000      7.893292      0.412676
   1180000      7.947989      0.389778
   1200000      8.004130      0.282034
   1220000      8.020344      0.190581
   1240000      8.153965      0.364886
   1260000      8.223254      0.365551
   1280000      8.279353      0.287390
   1300000      8.371571      0.329771
   1320000      8.421567      0.295853
   1340000      8.481807      0.234423
   1360000      8.516089      0.594164
   1380000      8.574714      0.649912
   1400000      8.638794      0.646805
   1420000      8.704792      0.661346
   1440000      8.722145      0.804557
   1460000      8.727657      0.963184
   1480000      8.731471      1.056555
   1500000      8.719390      1.156043
   1520000      8.691111      1.243488
   1540000      8.710106      1.307379
   1560000      8.689219      1.377181
   1580000      8.829862      1.389808
   1600000      8.809667      1.451562
   1620000      8.549248      1.565601
   1640000      8.476165      1.619589
   1660000      8.518742      1.682286
   1680000      8.815863      1.721997
   1700000      8.826905      1.795587
   1720000      9.100893      1.692173
   1740000      9.137515      1.758881
   1760000      8.899445      1.962312
   1780000      8.946077      2.008849
   1800000      8.802550      2.067372
   1820000      8.909839      2.152571
   1840000      8.861229      2.225512
   1860000      9.033612      2.258400
   1880000      9.032247      2.327387
   1900000      9.179922      2.383207
   1920000      9.234646      2.428007
   1940000      9.210549      2.499634
   1960000      9.188988      2.542782
   1980000      9.283173      2.610635
   2000000      9.434455      2.617456
   2020000      9.437558      2.673777
   2040000      9.065270      2.816682
   2060000      9.062251      2.898487
   2080000      9.032672      2.953197
   2100000      8.888623      2.974512
   2120000      9.076594      3.086642
   2140000      9.225859      3.163410
   2160000      9.184648      3.229086
   2180000      8.926999      3.240166
   2200000      8.889172      3.286312
   2220000      8.853162      3.326729
   2240000      8.742530      3.319377
   2260000      8.819659      3.456783
   2280000      8.856689      3.545070
   2300000      8.864983      3.607958
   2320000      8.816644      3.670476
   2340000      8.628257      3.651462
   2360000      8.684705      3.766250
   2380000      8.722741      3.839896
   2400000      8.696057      3.891556
   2420000      8.546536      3.893657
   2440000      8.619769      4.007031
   2460000      8.698571      4.081899
   2480000      8.642920      4.130214
   2500000      8.564551      4.182920
   2520000      8.378154      4.222079
   2540000      8.316754      4.262207
   2560000      8.267357      4.315962
   2580000      8.269065      4.359622
   2600000      8.252934      4.398448
   2620000      8.290544      4.458106
   2640000      8.408473      4.475385
   2660000      8.425769      4.521784
   2680000      8.492014      4.584810
   2700000      8.433506      4.648803
   2720000      8.474099      4.703581
   2740000      8.500971      4.752634
   2760000      8.564331      4.806681
   2780000      8.455591      4.927728
   2800000      8.425917      4.978805
   2820000      8.237884      5.007491
   2840000      8.186945      5.119364
   2860000      8.239685      5.188089
   2880000      8.290400      5.224974
   2900000      8.214133      5.301592
   2920000      8.293683      5.357608
   2940000      8.149879      5.454676
   2960000      8.080061      5.505949
   2980000      8.289358      5.575221
   3000000      8.360038      5.591520
   3020000      8.424116      5.639619
   3040000      8.400151      5.721763
   3060000      8.288270      5.826427
   3080000      8.466292      5.859167
   3100000      8.517298      5.884682
   3120000      8.589319      5.957245
   3140000      8.585414      6.038238
   3160000      8.593061      6.070507
   3180000      8.744926      6.080040
   3200000      8.915159      6.043673
   3220000      9.019270      6.021475
   3240000      9.094902      6.024893
   3260000      9.188016      5.999518
   3280000      9.127515      6.243442
   3300000      9.257979      6.196549
   3320000      9.309382      6.246741
   3340000      9.280669      6.391953
   3360000      9.318385      6.436303
   3380000      9.393538      6.440390
   3400000      9.511456      6.400398
   3420000      9.553565      6.469541
   3440000      9.622986      6.499818
   3460000      9.662673      6.526902
   3480000      9.719337      6.513987
   3500000      9.755847      6.643378
   3520000      9.745910      6.776879
   3540000      9.952418      6.572923
   3560000      9.957630      6.728812
   3580000     10.007173      6.803697
   3600000      9.936036      6.979818
   3620000     10.041493      6.983077
   3640000     10.091928      7.044461
   3660000     10.051009      7.151459
   3680000     10.086582      7.206026
   3700000     10.009560      7.344619
   3720000      9.982598      7.406353
   3740000     10.214584      7.371255
   3760000     10.485830      7.217472
   3780000     10.543799      7.247205
   3800000     10.595739      7.286642
   3820000     10.670204      7.300227
   3840000     10.684748      7.355092
   3860000     10.722220      7.415194
   3880000     10.749422      7.498101
   3900000     10.775448      7.564962
   3920000     10.865928      7.579732
   3940000     10.727213      7.733250
   3960000     10.818165      7.802203
   3980000     10.840658      7.855366
   4000000     10.926492      7.859498
   4020000     10.992021      7.874455
   4040000     10.986431      7.954058
   4060000     11.162194      7.904584
   4080000     11.141426      8.012967
   4100000     11.156449      8.087802
   4120000     11.278200      8.070822
   4140000     11.402733      7.983967
   4160000     11.365772      8.128141
   4180000     11.502890      8.013982
   4200000     11.555002      8.158256
   4220000     11.494731      8.301317
   4240000     11.660495      8.268266
   4260000     11.720559      8.272797
   4280000     11.736336      8.383758
   4300000     11.746973      8.471679
   4320000     11.697666      8.626895
   4340000     11.724165      8.715102
   4360000     11.642623      8.823973
   4380000     11.872747      8.742346
   4400000     11.899536      8.801969
   4420000     11.939911      8.833891
   4440000     12.035358      8.817971
   4460000     12.058688      8.907831
   4480000     12.075276      9.001492
   4500000     12.125096      9.050231
   4520000     12.183336      9.049636
   4540000     12.251130      9.073127
   4560000     12.217440      9.240340
   4580000     12.297196      9.236703
   4600000     12.372499      9.214362
   4620000     12.477354      9.120691
   4640000     12.536804      9.163660
   4660000     12.611745      9.194191
   4680000     12.664111      9.218576
   4700000     12.739657      9.230009
   4720000     12.742970      9.412707
   4740000     12.804868      9.431278
   4760000     12.851631      9.487679
   4780000     12.950913      9.452266
   4800000     12.924204      9.621528
   4820000     12.981457      9.666557
   4840000     13.045302      9.686756
   4860000     13.054827      9.779247
   4880000     13.046230      9.874903
   4900000     13.153123      9.859642
   4920000     13.202209      9.907214
   4940000     13.272758      9.912999
   4960000     13.300002      9.995480
   4980000     13.367541     10.025387
   5000000     13.527120      9.919148
   5020000     13.228099     10.277594
   5040000     13.213235     10.345977
   5060000     13.288380     10.382318
   5080000     13.284292     10.451960
   5100000     13.472564     10.456302
   5120000     13.507538     10.511468
   5140000     13.425750     10.618617
   5160000     13.348765     10.686711
   5180000     13.431381     10.755631
   5200000     13.502696     10.802124
   5220000     13.469122     10.873924
   5240000     13.675018     10.878796
   5260000     13.687452     10.932437
   5280000     13.729047     10.985105
   5300000     13.826156     10.980166
   5320000     13.798449     11.087997
   5340000     13.934061     11.056146
   5360000     14.013695     11.039990
   5380000     14.079503     11.052854
   5400000     14.167306     11.003690
   5420000     14.200201     11.075389
   5440000     14.237883     11.108676
   5460000     14.257463     11.238620
   5480000     14.238228     11.351124
   5500000     14.200800     11.431719
   5520000     14.441937     11.315766
   5540000     14.509694     11.334562
   5560000     14.507314     11.468592
   5580000     14.593510     11.345637
   5600000     14.626502     11.275757
   5620000     14.638246     11.603152
   5640000     14.635795     11.701982
   5660000     14.715222     11.715292
   5680000     14.728193     11.831947
   5700000     14.790780     11.887042
   5720000     14.867071     11.888966
   5740000     14.932372     11.923874
   5760000     14.976292     11.980031
   5780000     15.063734     11.965511
   5800000     15.081680     12.065257
   5820000     15.154717     12.087541
   5840000     15.179428     12.139973
   5860000     15.195133     12.258755
   5880000     15.104821     12.423547
   5900000     15.204125     12.446203
   5920000     15.095529     12.601335
   5940000     15.095577     12.680437
   5960000     15.389542     12.601719
   5980000     15.236791     12.777644
   6000000     15.324170     12.817049
