         0      4.000000      0.000000
     20000      4.007065      0.015512
     40000      4.004722      0.028728
     60000      4.007547      0.012367
     80000      4.011752     -0.006173
    100000      4.010378      0.003400
    120000      4.012536      0.006619
    140000      4.012948      0.015742
    160000      4.007529      0.021716
    180000      4.004972      0.054233
    200000      4.006224      0.032498
    220000      4.008940      0.030218
    240000      4.001115      0.045855
    260000      4.013499      0.020020
    280000      4.020984      0.030717
    300000      4.023156      0.042908
    320000      4.043818      0.030519
    340000      4.030842     -0.305658
    360000      4.058626     -0.310074
    380000      4.111236     -0.225538
    400000      4.137045     -0.226610
    420000      4.159949     -0.263438
    440000      4.165698     -0.307163
    460000      4.152329     -0.379528
    480000      4.207743     -0.370139
    500000      4.234708     -0.352283
    520000      4.225068     -0.398214
    540000      4.239697     -0.431727
    560000      4.233254     -0.497404
    580000      4.219270     -0.530184
    600000      4.245514     -0.536863
    620000      4.385032     -0.375682
    640000      4.422770     -0.273651
    660000      4.434699     -0.375370
    680000      4.393351     -0.516482
    700000      4.400357     -0.549729
    720000      4.417694     -0.552426
    740000      4.405286     -0.611226
    760000      4.446273     -0.593298
    780000      4.482342     -0.584263
    800000      4.480952     -0.632733
    820000      4.622929     -0.416556
    840000      4.476220     -0.726490
    860000      4.607588     -0.588214
    880000      4.630556     -0.647428
    900000      4.647763     -0.611077
    920000      4.673641     -0.612742
    940000      4.675490     -0.712534
    960000      4.723675     -0.643111
    980000      4.722628     -0.746055
   1000000      4.724260     -0.766354
   1020000      4.756369     -0.739474
   1040000      4.783604     -0.759302
   1060000      4.791426     -0.801205
   1080000      4.805042     -0.811769
   1100000      4.817351     -0.846446
   1120000      4.898823     -0.769853
   1140000      4.933163     -0.764237
   1160000      4.955030     -0.757819
   1180000      4.902653     -0.860349
   1200000      4.962466     -0.816604
   1220000      4.898895     -0.900606
   1240000      5.012806     -0.775141
   1260000      5.083124     -0.695381
   1280000      5.151941     -0.550378
   1300000      5.118002     -0.728960
   1320000      5.170782     -0.628785
   1340000      5.192741     -0.638261
   1360000      5.224559     -0.594605
   1380000      5.255541     -0.570303
   1400000      5.179906     -0.822570
   1420000      5.236757     -0.785124
   1440000      5.323675     -0.696611
   1460000      5.328648     -0.750285
   1480000      5.375751     -0.674072
   1500000      5.409138     -0.639615
   1520000      5.455991     -0.488657
   1540000      5.470050     -0.581980
   1560000      5.417565     -0.794280
   1580000      5.484941     -0.689118
   1600000      5.483023     -0.782587
   1620000      5.528830     -0.749700
   1640000      5.547910     -0.766941
   1660000      5.602282     -0.638392
   1680000      5.623454     -0.684155
   1700000      5.661591     -0.616880
   1720000      5.686648     -0.573969
   1740000      5.693007     -0.683108
   1760000      5.722495     -0.735050
   1780000      5.738518     -0.761938
   1800000      5.747873     -0.767506
   1820000      5.770031     -0.774086
   1840000      5.788438     -0.796640
   1860000      5.835735     -0.661611
   1880000      5.846998     -0.670112
   1900000      5.789951     -0.991607
   1920000      5.770224     -1.086960
   1940000      5.541698     -1.394629
   1960000      5.599242     -1.402679
   1980000      5.640958     -1.379680
   2000000      5.632574     -1.430796
   2020000      5.646800     -1.441931
   2040000      5.646315     -1.484012
   2060000      5.621906     -1.524652
   2080000      5.682471     -1.525477
   2100000      5.610709     -1.613908
   2120000      5.751727     -1.564267
   2140000      5.805991     -1.530069
   2160000      5.765687     -1.602960
   2180000      5.723328     -1.660843
   2200000      5.720758     -1.681466
   2220000      5.677668     -1.747576
   2240000      5.802654     -1.690079
   2260000      5.579914     -1.852145
   2280000      5.675092     -1.843354
   2300000      5.623762     -1.907079
   2320000      5.567205     -1.953801
   2340000      5.532794     -1.994240
   2360000      5.454221     -2.038245
   2380000      5.479571     -2.066623
   2400000      5.445486     -2.086754
   2420000      5.445720     -2.112421
   2440000      5.560823     -2.110338
   2460000      5.411320     -2.088338
   2480000      5.648210     -2.174052
   2500000      5.624427     -2.187682
   2520000      5.632239     -2.221627
   2540000      5.667971     -2.223450
   2560000      5.556656     -2.281337
   2580000      5.785004     -2.198563
   2600000      5.668960     -2.287827
   2620000      5.772461     -2.267186
   2640000      5.684355     -2.335015
   2660000      5.686079     -2.342703
   2680000      5.627302     -2.390008
   2700000      5.489685     -2.457155
   2720000      5.377179     -2.494958
   2740000      5.369645     -2.518388
   2760000      5.374125     -2.533133
   2780000      5.437546     -2.553088
   2800000      5.360594     -2.584184
   2820000      5.296222     -2.615589
   2840000      5.176012     -2.629000
   2860000      5.373153     -2.659713
   2880000      5.352130     -2.683610
   2900000      5.290607     -2.720452
   2920000      5.261178     -2.752309
   2940000      5.159396     -2.771134
   2960000      5.085022     -2.769310
   2980000      5.047814     -2.783651
   3000000      5.141387     -2.841414
   3020000      5.116705     -2.862307
   3040000      5.070291     -2.883030
   3060000      5.144692     -2.924776
   3080000      5.126605     -2.935447
   3100000      5.083810     -2.925020
   3120000      5.255893     -2.978577
   3140000      5.086052     -3.015931
   3160000      5.099317     -3.040371
   3180000      5.053404     -3.076695
   3200000      5.103309     -3.101885
   3220000      5.032556     -3.121562
   3240000      5.090333     -3.155615
   3260000      5.106408     -3.156444
   3280000      5.232031     -3.174614
   3300000      5.250982     -3.184635
   3320000      5.104632     -3.242695
   3340000      5.074021     -3.309302
   3360000      5.028986     -3.220410
   3380000      5.011709     -3.364906
   3400000      5.172527     -3.418701
   3420000      5.046389     -3.440755
   3440000      5.058642     -3.447039
   3460000      5.041371     -3.480938
   3480000      5.127667     -3.518623
   3500000      5.163677     -3.535506
   3520000      5.152284     -3.558162
   3540000      5.203514     -3.578530
   3560000      5.244179     -3.584114
   3580000      5.048959     -3.648859
   3600000      4.986195     -3.668972
   3620000      5.158750     -3.706893
   3640000      5.193601     -3.716187
   3660000      5.035177     -3.733823
   3680000      5.032347     -3.763816
   3700000      5.068146     -3.797581
   3720000      5.026640     -3.819893
   3740000      4.986272     -3.841447
   3760000      4.974812     -3.859185
   3780000      5.051392     -3.903342
   3800000      4.957024     -3.916219
   3820000      4.990628     -3.951956
   3840000      5.008340     -3.970944
   3860000      5.041849     -3.993545
   3880000      5.023308     -4.032150
   3900000      5.025384     -4.047435
   3920000      5.082517     -4.058016
   3940000      5.114819     -4.106220
   3960000      5.136842     -4.121468
   3980000      5.118199     -4.145674
   4000000      5.227948     -4.121026
   4020000      5.153574     -4.176259
   4040000      5.117364     -4.202355
   4060000      5.090416     -4.242388
   4080000      5.101965     -4.267452
   4100000      5.130474     -4.286588
   4120000      5.186062     -4.291258
   4140000      5.140011     -4.336582
   4160000      5.157840     -4.344872
   4180000      5.193281     -4.354785
   4200000      5.169632     -4.405615
   4220000      5.073795     -4.458662
   4240000      5.159878     -4.465055
   4260000      5.121225     -4.498463
   4280000      5.068897     -4.515408
   4300000      5.137494     -4.543290
   4320000      5.173146     -4.565452
   4340000      4.994899     -4.596056
   4360000      4.982830     -4.615618
   4380000      5.190229     -4.637648
   4400000      5.130663     -4.668828
   4420000      5.100515     -4.672226
   4440000      5.146978     -4.709069
   4460000      5.520089     -4.639368
   4480000      5.420299     -4.710655
   4500000      5.454166     -4.720410
   4520000      5.696228     -4.574810
   4540000      5.633474     -4.674802
   4560000      5.573629     -4.749088
   4580000      5.573760     -4.767321
   4600000      5.550187     -4.822914
   4620000      5.501452     -4.877442
   4640000      5.643883     -4.821442
   4660000      5.665497     -4.827685
   4680000      5.658878     -4.840645
   4700000      5.822158     -4.763406
   4720000      5.864417     -4.782395
   4740000      5.943106     -4.707628
   4760000      5.942006     -4.767514
   4780000      5.954696     -4.790072
   4800000      6.064240     -4.688844
   4820000      5.973726     -4.819338
   4840000      6.010004     -4.801346
   4860000      5.950587     -4.887568
   4880000      6.060195     -4.793461
   4900000      6.002871     -4.913800
   4920000      5.903382     -5.041025
   4940000      5.896918     -5.047632
   4960000      5.899149     -5.071746
   4980000      6.055005     -5.006724
   5000000      6.090591     -4.996267
   5020000      6.009579     -5.122919
   5040000      5.930576     -5.204778
   5060000      5.956290     -5.212405
   5080000      6.049887     -5.179063
   5100000      6.052527     -5.196110
   5120000      6.070339     -5.211354
   5140000      6.019949     -5.255110
   5160000      6.073386     -5.275261
   5180000      6.071940     -5.286125
   5200000      6.060185     -5.313865
   5220000      6.170033     -5.284199
   5240000      6.180562     -5.308703
   5260000      6.248447     -5.307242
   5280000      6.404381     -5.183624
   5300000      6.436252     -5.164119
   5320000      6.447242     -5.176308
   5340000      6.464951     -5.192105
   5360000      6.524920     -5.093459
   5380000      6.545639     -5.115947
   5400000      6.562284     -5.113411
   5420000      6.567913     -5.138478
   5440000      6.548871     -5.277595
   5460000      6.571664     -5.298233
   5480000      6.598187     -5.286604
   5500000      6.652944     -5.228888
   5520000      6.677304     -5.196262
   5540000      6.598467     -5.422194
   5560000      6.665817     -5.351905
   5580000      6.709526     -5.297129
   5600000      6.716888     -5.320796
   5620000      6.758975     -5.275639
   5640000      6.788149     -5.276715
   5660000      6.806918     -5.278630
   5680000      6.721707     -5.529404
   5700000      6.825407     -5.404447
   5720000      6.820437     -5.446905
   5740000      6.911444     -5.294533
   5760000      6.936080     -5.344696
   5780000      6.892036     -5.260882
   5800000      6.869001     -5.594499
   5820000      6.939366     -5.535348
   5840000      6.978970     -5.505483
   5860000      6.996972     -5.499859
   5880000      7.014518     -5.517058
   5900000      6.822325     -5.836410
   5920000      6.799883     -5.915709
   5940000      6.824033     -5.915496
   5960000      6.847190     -5.926908
   5980000      6.883907     -5.929022
   6000000      6.994810     -5.845394
   6020000      6.915608     -5.941801
   6040000      6.961448     -5.940901
   6060000      6.981787     -5.942287
   6080000      7.010460     -5.954719
   6100000      7.024050     -5.967565
   6120000      7.013003     -6.058315
   6140000      7.030253     -6.067314
   6160000      7.045725     -6.084856
   6180000      7.089046     -6.043011
   6200000      7.048317     -6.114260
   6220000      7.045641     -6.147102
   6240000      6.982537     -6.223040
   6260000      6.978321     -6.251051
   6280000      7.006850     -6.255239
   6300000      7.103533     -6.182761
   6320000      7.217913     -6.175794
   6340000      7.339611     -6.058006
   6360000      7.350477     -6.050622
   6380000      7.372627     -6.031385
   6400000      7.423364     -5.978716
   6420000      7.441521     -5.989447
   6440000      7.402314     -6.150028
   6460000      7.242830     -6.398051
   6480000      7.255443     -6.412012
   6500000      7.241998     -6.435579
   6520000      7.297605     -6.428030
   6540000      7.331795     -6.438915
   6560000      7.442985     -6.353920
   6580000      7.312438     -6.533177
   6600000      7.428919     -6.465079
   6620000      7.302407     -6.638671
   6640000      7.298764     -6.690958
   6660000      7.425758     -6.591449
   6680000      7.542822     -6.444162
   6700000      7.541355     -6.507316
   6720000      7.584279     -6.478233
   6740000      7.551652     -6.580015
   6760000      7.611456     -6.523501
   6780000      7.646128     -6.511152
   6800000      7.696229     -6.432417
   6820000      7.594767     -6.671517
   6840000      7.670249     -6.604293
   6860000      7.600175     -6.736148
   6880000      7.695894     -6.638034
   6900000      7.736626     -6.576542
   6920000      7.788024     -6.545235
   6940000      7.793817     -6.552589
   6960000      7.801981     -6.554465
   6980000      7.803871     -6.641944
   7000000      7.738766     -6.770639
   7020000      7.825634     -6.717150
   7040000      7.794293     -6.764268
   7060000      7.848361     -6.757894
   7080000      7.882962     -6.736530
   7100000      7.891312     -6.764247
   7120000      7.908329     -6.755694
   7140000      7.919397     -6.774532
   7160000      7.932705     -6.785980
   7180000      7.942771     -6.807537
   7200000      7.959274     -6.814908
   7220000      8.003712     -6.772020
   7240000      8.012016     -6.811207
   7260000      8.047353     -6.796288
   7280000      8.070349     -6.805230
   7300000      8.087425     -6.810979
   7320000      8.108489     -6.769301
   7340000      8.111451     -6.878650
   7360000      8.120914     -6.924618
   7380000      8.141764     -6.948561
   7400000      8.163668     -6.945705
   7420000      8.206535     -6.927048
   7440000      8.223188     -6.913816
   7460000      8.279179     -6.821966
   7480000      8.302034     -6.734670
   7500000      8.294044     -6.914569
   7520000      8.323748     -6.950479
   7540000      8.349872     -6.989441
   7560000      8.361121     -7.020496
   7580000      8.433256     -6.723815
   7600000      8.378418     -6.825713
   7620000      8.525436     -6.841694
   7640000      8.521628     -6.928167
   7660000      8.589705     -6.814382
   7680000      8.628865     -6.794898
   7700000      8.651695     -6.823899
   7720000      8.618154     -6.938198
   7740000      8.654217     -6.936750
   7760000      8.664138     -6.944786
   7780000      8.613813     -7.041569
   7800000      8.730441     -6.933275
   7820000      8.773722     -6.892461
   7840000      8.764109     -6.916980
   7860000      8.865897     -6.780210
   7880000      8.880425     -6.810637
   7900000      8.884277     -6.911239
   7920000      8.904855     -6.883530
   7940000      8.936474     -6.857741
   7960000      8.969177     -6.809830
   7980000      8.982571     -6.816487
   8000000      8.966696     -6.899641
   8020000      9.008423     -6.913776
   8040000      9.041554     -6.867360
   8060000      9.057758     -6.863669
   8080000      9.096837     -6.897391
   8100000      9.101088     -6.923879
   8120000      9.133840     -6.904552
   8140000      9.162086     -6.867711
   8160000      9.127987     -7.001248
   8180000      9.147769     -7.024633
   8200000      9.209632     -6.945993
   8220000      9.238389     -6.937023
   8240000      9.254932     -6.966760
   8260000      9.254145     -6.999364
   8280000      9.299025     -6.936427
   8300000      9.320815     -6.981290
   8320000      9.348514     -6.987552
   8340000      9.240664     -7.197451
   8360000      9.253550     -7.207616
   8380000      9.237362     -7.251215
   8400000      9.362478     -7.144650
   8420000      9.453704     -7.032060
   8440000      9.503804     -6.919548
   8460000      9.548576     -6.934895
   8480000      9.564431     -6.931520
   8500000      9.575883     -6.944856
   8520000      9.671256     -6.565674
   8540000      9.586471     -6.305698
   8560000      9.724616     -6.451838
   8580000      9.754970     -6.614384
   8600000      9.786651     -6.545779
   8620000      9.782211     -6.589583
   8640000      9.833544     -6.638143
   8660000      9.849815     -6.503038
   8680000      9.877192     -6.536962
   8700000      9.893156     -6.495492
   8720000      9.914899     -6.480496
   8740000      9.946168     -6.556276
   8760000      9.882748     -6.327566
   8780000      9.973266     -6.490642
   8800000     10.010786     -6.504228
   8820000     10.008262     -6.397499
   8840000      9.926256     -6.143972
   8860000     10.073496     -6.453715
   8880000     10.090159     -6.350595
   8900000     10.113098     -6.346420
   8920000     10.148382     -6.376083
   8940000     10.165904     -6.492006
   8960000     10.156279     -6.324183
   8980000     10.252056     -6.548299
   9000000     10.268066     -6.880631
   9020000     10.262199     -6.648066
   9040000     10.345680     -6.685250
   9060000     10.370806     -6.710245
   9080000     10.392611     -6.688406
   9100000     10.409469     -6.657617
   9120000     10.429923     -6.646674
   9140000     10.461075     -6.676526
   9160000     10.474520     -6.638852
   9180000     10.498532     -6.672180
   9200000     10.499734     -6.534610
   9220000     10.502756     -6.500289
   9240000     10.578383     -6.599687
   9260000     10.589495     -6.574628
   9280000     10.615853     -6.582363
   9300000     10.639131     -6.558224
   9320000     10.657227     -6.579973
   9340000     10.639264     -6.453651
   9360000     10.671821     -6.481120
   9380000     10.688464     -6.439606
   9400000     10.674725     -6.352750
   9420000     10.690057     -6.343769
   9440000     10.710484     -6.329508
   9460000     10.712179     -6.301107
   9480000     10.737602     -6.296736
   9500000     10.730535     -6.259783
   9520000     10.785846     -6.292217
   9540000     10.797695     -6.282757
   9560000     10.838734     -6.297330
   9580000     10.867782     -6.305082
   9600000     10.888611     -6.295949
   9620000     10.893883     -6.241634
   9640000     10.938208     -6.274181
   9660000     10.983165     -6.259951
   9680000     11.020622     -6.320517
   9700000     10.956319     -6.125351
   9720000     10.935424     -6.073781
   9740000     10.892349     -6.006817
   9760000     10.943754     -6.024914
   9780000     10.967914     -6.028370
   9800000     11.153604     -6.330467
   9820000     11.222337     -6.426170
   9840000     11.238634     -6.421872
   9860000     11.258791     -6.406219
   9880000     11.335001     -6.749825
   9900000     11.355398     -6.713381
   9920000     11.367962     -6.709237
   9940000     11.387673     -6.695643
   9960000     11.403623     -6.878288
   9980000     11.437448     -6.870251
  10000000     11.457863     -6.759664
