         0      4.000000      0.000000
     20000      3.999368      0.004362
     40000      4.001131      0.002303
     60000      4.001172      0.000492
     80000      4.001289      0.010859
    100000      4.001414      0.009678
    120000      4.000089      0.013839
    140000      4.000916      0.012972
    160000      4.002481      0.010633
    180000      4.002987      0.002260
    200000      4.002577     -0.004676
    220000      4.002182      0.009465
    240000      4.004157      0.006983
    260000      4.001661      0.006597
    280000      4.003349      0.001817
    300000      4.000296      0.003468
    320000      4.000897      0.008198
    340000      3.998825      0.004366
    360000      4.002078      0.006366
    380000      4.000430      0.010003
    400000      4.001937      0.009383
    420000      4.000551      0.009489
    440000      4.001372      0.009221
    460000      4.000939      0.015938
    480000      4.000006      0.003954
    500000      3.998782      0.015035
    520000      4.001181     -0.000208
    540000      4.002454      0.012379
    560000      4.002456      0.005191
    580000      4.001400      0.002537
    600000      3.999089      0.003656
    620000      4.001944     -0.001246
    640000      4.001267      0.008165
    660000      4.001727      0.011086
    680000      4.000030      0.009273
    700000      4.001894      0.001658
    720000      4.001566      0.002238
    740000      4.002532      0.008356
    760000      4.001671      0.014183
    780000      4.000132      0.012012
    800000      3.999979      0.004917
    820000      4.001362     -0.000550
    840000      4.001204     -0.000620
    860000      4.002782      0.011192
    880000      4.002459      0.013106
    900000      4.001760      0.006699
    920000      4.000409      0.006297
    940000      4.001613     -0.001698
    960000      4.001752      0.000372
    980000      4.002352      0.004569
   1000000      4.001049      0.005479
   1020000      4.000675     -0.003695
   1040000      3.999645      0.013378
   1060000      4.002641      0.011157
   1080000      4.000847      0.015060
   1100000      4.002153      0.005812
   1120000      4.001120     -0.000025
   1140000      4.002106      0.005469
   1160000      4.000393      0.004204
   1180000      4.001523      0.010676
   1200000      4.001692      0.001789
   1220000      4.001780     -0.025940
   1240000      3.998132     -0.037675
   1260000      4.002173     -0.029154
   1280000      4.000398     -0.034249
   1300000      3.998261     -0.034136
   1320000      4.001143     -0.033864
   1340000      3.999124     -0.035502
   1360000      4.003046     -0.027864
   1380000      3.999894     -0.029355
   1400000      4.002227     -0.022183
   1420000      4.000572     -0.035139
   1440000      4.001118     -0.023616
   1460000      3.999097     -0.026106
   1480000      4.002102     -0.019722
   1500000      4.002060     -0.011273
   1520000      3.999764     -0.026610
   1540000      4.000548     -0.027068
   1560000      3.998601     -0.043595
   1580000      3.997342     -0.042621
   1600000      3.998548     -0.027487
   1620000      4.001413     -0.037060
   1640000      4.000373     -0.031888
   1660000      4.001110     -0.036616
   1680000      4.002048     -0.012529
   1700000      4.000247     -0.022697
   1720000      4.001598     -0.024569
   1740000      4.002054     -0.025850
   1760000      4.001444     -0.031133
   1780000      4.001927     -0.025214
   1800000      4.001616     -0.020731
   1820000      4.000920     -0.028583
   1840000      4.001123     -0.018950
   1860000      4.000610     -0.033519
   1880000      4.002158     -0.038089
   1900000      3.999928     -0.039520
   1920000      4.002103     -0.026474
   1940000      4.000949     -0.020671
   1960000      4.000588     -0.033816
   1980000      4.000623     -0.025623
   2000000      4.000284     -0.026225
   2020000      3.999766     -0.032375
   2040000      3.999686     -0.019693
   2060000      4.001041     -0.025334
   2080000      4.000691     -0.033392
   2100000      4.000689     -0.026833
   2120000      3.998743     -0.036649
   2140000      4.002145     -0.032339
   2160000      4.001922     -0.030697
   2180000      3.999999     -0.031968
   2200000      4.001729     -0.026502
   2220000      4.001681     -0.029896
   2240000      4.001475     -0.022795
   2260000      4.001786     -0.031530
   2280000      4.002397     -0.029491
   2300000      4.001298     -0.031082
   2320000      4.001441     -0.031594
   2340000      4.002289     -0.029352
   2360000      4.002516     -0.026296
   2380000      4.000954     -0.020640
   2400000      4.000680     -0.033514
   2420000      3.998355     -0.035885
   2440000      4.000483     -0.033758
   2460000      4.000357     -0.035314
   2480000      4.000288     -0.015702
   2500000      3.998450     -0.028462
   2520000      4.001827     -0.024977
   2540000      4.001317     -0.019840
   2560000      4.000248     -0.023059
   2580000      4.000254     -0.031524
   2600000      3.997240     -0.046002
   2620000      4.002803     -0.028628
   2640000      4.003702     -0.035800
   2660000      4.000938     -0.029218
   2680000      4.001774     -0.020967
   2700000      4.000608     -0.034818
   2720000      4.002674     -0.028690
   2740000      4.001550     -0.029105
   2760000      4.002544     -0.027923
   2780000      3.999608     -0.025466
   2800000      4.001871     -0.021453
   2820000      4.000058     -0.027844
   2840000      4.000110     -0.030267
   2860000      4.000465     -0.036684
   2880000      4.000315     -0.035631
   2900000      4.000507     -0.025237
   2920000      4.001113     -0.035267
   2940000      4.002860     -0.018453
   2960000      4.000225     -0.027184
   2980000      4.002710     -0.026535
   3000000      4.002063     -0.020436
   3020000      4.000265     -0.034491
   3040000      3.999835     -0.030351
   3060000      4.000964     -0.015116
   3080000      4.000084     -0.021911
   3100000      3.999597     -0.034129
   3120000      3.999840     -0.036868
   3140000      3.999048     -0.038225
   3160000      4.001093     -0.030408
   3180000      3.999964     -0.025717
   3200000      4.003145     -0.021919
   3220000      4.002072     -0.029822
   3240000      3.998805     -0.035113
   3260000      4.001421     -0.030671
   3280000      4.002806     -0.022551
   3300000      4.002370     -0.016827
   3320000      4.002487     -0.028641
   3340000      3.998730     -0.021635
   3360000      4.000882     -0.032804
   3380000      4.000711     -0.018761
   3400000      4.000564     -0.037276
   3420000      3.999841     -0.024816
   3440000      4.000344     -0.036715
   3460000      4.000045     -0.030653
   3480000      3.998967     -0.035927
   3500000      4.001362     -0.020721
   3520000      4.001343     -0.023266
   3540000      4.001349     -0.028946
   3560000      4.002344     -0.027556
   3580000      4.000053     -0.021606
   3600000      4.000201     -0.028719
   3620000      4.002195     -0.016491
   3640000      3.998969     -0.025528
   3660000      4.001747     -0.019845
   3680000      4.000793     -0.021221
   3700000      4.000900     -0.034953
   3720000      4.002672     -0.018718
   3740000      4.001240     -0.026202
   3760000      3.999640     -0.032372
   3780000      4.000283     -0.027365
   3800000      4.001290     -0.023370
   3820000      4.000884     -0.028024
   3840000      4.000643     -0.028219
   3860000      4.000920     -0.009111
   3880000      4.000106     -0.021692
   3900000      4.000242     -0.023935
   3920000      4.002116     -0.027105
   3940000      4.002440     -0.030696
   3960000      4.001087     -0.031880
   3980000      4.001217     -0.034242
   4000000      4.000890     -0.027690
   4020000      4.001922     -0.022900
   4040000      3.999837     -0.028729
   4060000      3.999409     -0.022582
   4080000      4.000013     -0.041511
   4100000      4.002427     -0.028315
   4120000      4.000171     -0.033901
   4140000      4.000773     -0.029752
   4160000      4.000985     -0.024436
   4180000      4.001358     -0.028979
   4200000      3.999826     -0.026390
   4220000      4.000957     -0.022036
   4240000      3.999772     -0.026232
   4260000      4.000537     -0.014856
   4280000      3.996861     -0.039108
   4300000      3.999537     -0.027487
   4320000      4.000628     -0.039448
   4340000      3.998163     -0.029351
   4360000      4.001214     -0.030789
   4380000      4.002825     -0.031369
   4400000      3.999266     -0.032247
   4420000      4.001963     -0.031017
   4440000      4.000968     -0.026612
   4460000      4.001538     -0.032803
   4480000      3.998476     -0.027215
   4500000      3.999565     -0.030930
   4520000      3.999706     -0.028860
   4540000      4.000987     -0.029813
   4560000      3.999831     -0.030448
   4580000      4.000868     -0.027907
   4600000      3.999851     -0.024479
   4620000      3.999509     -0.028150
   4640000      4.000160     -0.020735
   4660000      4.002587     -0.022075
   4680000      3.999156     -0.027609
   4700000      4.001666     -0.026937
   4720000      4.000928     -0.021934
   4740000      4.000981     -0.025491
   4760000      4.000095     -0.024148
   4780000      4.003551     -0.024213
   4800000      3.999346     -0.034099
   4820000      3.998783     -0.020388
   4840000      4.000693     -0.026158
   4860000      4.001175     -0.022104
   4880000      4.001793     -0.024333
   4900000      4.000053     -0.026871
   4920000      4.001476     -0.024923
   4940000      4.002063     -0.028185
   4960000      4.001527     -0.028564
   4980000      4.002498     -0.031186
   5000000      4.000706     -0.028211
   5020000      3.998894     -0.029367
   5040000      4.000709     -0.029662
   5060000      4.000025     -0.026481
   5080000      3.999509     -0.023918
   5100000      4.000822     -0.030609
   5120000      4.001593     -0.026399
   5140000      3.999948     -0.029068
   5160000      4.000645     -0.029892
   5180000      4.000167     -0.025773
   5200000      3.999183     -0.042947
   5220000      3.998646     -0.029357
   5240000      3.999368     -0.029285
   5260000      4.002612     -0.014134
   5280000      4.003279     -0.025859
   5300000      3.999235     -0.031682
   5320000      3.999759     -0.023287
   5340000      4.000240     -0.020190
   5360000      4.000618     -0.024368
   5380000      4.000444     -0.030642
   5400000      3.999077     -0.029937
   5420000      3.999526     -0.037328
   5440000      3.998831     -0.034880
   5460000      4.002999     -0.015529
   5480000      4.002936     -0.034629
   5500000      4.002287     -0.028941
   5520000      4.002733     -0.027714
   5540000      3.999541     -0.028490
   5560000      4.000236     -0.024853
   5580000      4.000427     -0.033750
   5600000      3.999458     -0.021706
   5620000      3.998517     -0.025859
   5640000      4.000156     -0.035117
   5660000      4.003863     -0.019395
   5680000      4.004343     -0.020594
   5700000      3.999417     -0.034572
   5720000      4.000659     -0.024046
   5740000      4.000167     -0.036181
   5760000      4.001544     -0.027733
   5780000      4.002099     -0.033346
   5800000      4.003991     -0.024828
   5820000      4.002492     -0.024685
   5840000      4.003043     -0.027269
   5860000      4.002503     -0.029286
   5880000      4.000142     -0.026235
   5900000      3.999030     -0.033271
   5920000      3.999697     -0.018992
   5940000      3.998940     -0.019717
   5960000      4.000610     -0.027695
   5980000      4.000341     -0.033818
   6000000      4.001648     -0.022189
   6020000      3.997763     -0.045650
   6040000      4.000698     -0.032317
   6060000      4.000829     -0.030209
   6080000      4.000714     -0.026357
   6100000      3.999401     -0.025480
   6120000      4.000730     -0.033183
   6140000      4.001601     -0.031927
   6160000      4.001381     -0.040168
   6180000      4.001876     -0.036033
   6200000      4.002882     -0.025873
   6220000      4.002580     -0.030062
   6240000      4.000466     -0.026143
   6260000      4.000115     -0.030362
   6280000      3.999885     -0.027938
   6300000      3.999568     -0.030024
   6320000      3.998471     -0.025667
   6340000      3.999681     -0.031535
   6360000      3.999200     -0.029341
   6380000      4.000044     -0.032531
   6400000      3.998545     -0.034209
   6420000      3.998599     -0.032742
   6440000      4.001712     -0.032123
   6460000      4.000563     -0.029059
   6480000      4.002921     -0.031120
   6500000      4.001886     -0.031751
   6520000      3.999767     -0.042923
   6540000      4.000009     -0.035292
   6560000      4.001797     -0.021368
   6580000      4.002816     -0.020244
   6600000      4.001159     -0.019483
   6620000      4.000530     -0.027950
   6640000      4.000728     -0.028479
   6660000      4.002519     -0.026122
   6680000      4.002728     -0.019676
   6700000      4.000993     -0.021034
   6720000      3.998908     -0.032782
   6740000      4.000599     -0.022735
   6760000      3.997898     -0.028554
   6780000      4.001828     -0.003310
   6800000      4.000895     -0.029028
   6820000      3.999897     -0.034338
   6840000      4.000921     -0.022231
   6860000      4.000591     -0.030398
   6880000      4.002846     -0.027829
   6900000      4.000268     -0.027682
   6920000      4.001417     -0.022237
   6940000      4.001666     -0.025665
   6960000      4.002131     -0.021714
   6980000      4.000640     -0.023525
   7000000      4.000218     -0.038908
   7020000      4.000252     -0.028782
   7040000      4.000659     -0.021972
   7060000      3.999390     -0.028897
   7080000      4.001078     -0.025652
   7100000      3.998529     -0.031279
   7120000      4.001577     -0.031150
   7140000      4.001881     -0.023748
   7160000      4.001949     -0.032220
   7180000      3.999038     -0.038811
   7200000      4.002316     -0.027162
   7220000      4.001812     -0.023580
   7240000      4.001658     -0.030753
   7260000      4.002262     -0.031156
   7280000      4.000501     -0.031433
   7300000      4.000898     -0.033847
   7320000      4.002094     -0.027883
   7340000      4.001069     -0.021852
   7360000      3.999176     -0.034378
   7380000      4.001391     -0.019815
   7400000      4.000184     -0.019598
   7420000      4.001862     -0.024818
   7440000      4.002435     -0.023191
   7460000      4.001899     -0.023651
   7480000      4.001511     -0.025591
   7500000      3.999897     -0.026180
   7520000      4.000019     -0.031879
   7540000      4.000321     -0.030745
   7560000      3.999987     -0.033816
   7580000      4.000339     -0.030918
   7600000      3.999351     -0.036736
   7620000      3.999007     -0.028826
   7640000      4.000993     -0.024556
   7660000      4.001851     -0.032007
   7680000      4.001406     -0.012850
   7700000      4.002533     -0.018297
   7720000      4.001596     -0.024370
   7740000      4.003464     -0.021093
   7760000      4.000366     -0.016602
   7780000      4.000079     -0.042435
   7800000      4.001383     -0.024177
   7820000      4.003093     -0.020008
   7840000      4.000304     -0.041174
   7860000      4.001766     -0.027614
   7880000      4.000152     -0.033016
   7900000      4.000593     -0.028516
   7920000      3.998555     -0.030388
   7940000      4.001914     -0.017961
   7960000      4.001251     -0.018114
   7980000      3.999190     -0.039947
   8000000      4.000125     -0.037126
   8020000      4.000933     -0.024748
   8040000      3.999811     -0.037114
   8060000      4.000439     -0.034359
   8080000      3.998560     -0.036259
   8100000      4.002807     -0.025152
   8120000      4.000267     -0.028212
   8140000      4.001359     -0.017919
   8160000      3.999823     -0.027396
   8180000      4.001380     -0.022060
   8200000      3.999285     -0.034862
   8220000      4.000864     -0.025910
   8240000      3.998870     -0.034209
   8260000      4.000695     -0.024578
   8280000      3.999822     -0.022220
   8300000      4.001823     -0.026381
   8320000      4.000584     -0.032728
   8340000      3.999790     -0.030061
   8360000      4.002239     -0.021833
   8380000      4.001501     -0.030315
   8400000      3.999827     -0.032082
   8420000      3.997927     -0.030278
   8440000      3.999252     -0.021276
   8460000      4.000304     -0.035575
   8480000      3.999109     -0.044440
   8500000      4.003467     -0.022942
   8520000      4.000985     -0.032187
   8540000      4.000726     -0.019358
   8560000      4.001608     -0.027126
   8580000      4.000837     -0.025147
   8600000      3.997847     -0.037777
   8620000      3.999344     -0.028265
   8640000      3.998202     -0.032823
   8660000      3.999350     -0.033411
   8680000      4.000505     -0.026751
   8700000      4.002378     -0.014715
   8720000      4.000295     -0.020278
   8740000      4.002894     -0.014605
   8760000      4.002692     -0.029049
   8780000      3.999863     -0.023807
   8800000      4.002239     -0.026780
   8820000      4.002208     -0.019486
   8840000      4.001006     -0.026960
   8860000      3.998423     -0.047247
   8880000      4.001455     -0.031244
   8900000      4.001027     -0.028947
   8920000      4.002898     -0.024297
   8940000      4.001272     -0.024147
   8960000      4.001427     -0.029608
   8980000      4.001781     -0.028454
   9000000      3.999241     -0.030555
   9020000      3.999307     -0.039839
   9040000      4.001387     -0.025165
   9060000      4.000705     -0.019661
   9080000      4.000556     -0.037634
   9100000      3.999195     -0.022883
   9120000      4.002037     -0.027471
   9140000      3.999827     -0.030891
   9160000      3.999473     -0.031346
   9180000      3.997777     -0.037813
   9200000      4.000205     -0.019689
   9220000      4.000069     -0.036447
   9240000      3.996646     -0.040133
   9260000      3.998354     -0.025427
   9280000      3.997178     -0.044155
   9300000      4.001549     -0.012018
   9320000      4.002315     -0.025689
   9340000      4.001627     -0.033954
   9360000      4.000692     -0.023489
   9380000      4.002362     -0.026414
   9400000      3.999953     -0.024172
   9420000      3.997353     -0.036409
   9440000      3.998890     -0.025150
   9460000      3.999729     -0.024164
   9480000      4.001261     -0.029356
   9500000      4.000287     -0.024556
   9520000      4.000490     -0.028657
   9540000      4.001466     -0.019229
   9560000      4.000755     -0.021083
   9580000      3.998658     -0.025208
   9600000      4.000972     -0.019291
   9620000      3.998405     -0.030982
   9640000      3.997989     -0.045759
   9660000      4.000168     -0.038405
   9680000      4.002956     -0.026745
   9700000      3.999326     -0.030757
   9720000      4.000141     -0.028560
   9740000      3.998485     -0.028666
   9760000      4.002123     -0.027064
   9780000      4.001671     -0.027519
   9800000      4.000826     -0.028422
   9820000      4.003766     -0.014022
   9840000      3.999721     -0.029087
   9860000      4.001042     -0.023953
   9880000      4.001358     -0.039990
   9900000      4.001128     -0.025071
   9920000      4.000165     -0.019660
   9940000      4.001209     -0.024767
   9960000      4.000448     -0.018878
   9980000      4.000865     -0.027661
  10000000      3.999991     -0.028225
