         0      4.000000      0.000000
     20000      4.003667     -0.051350
     40000      4.016478     -0.044258
     60000      4.021422     -0.045111
     80000      4.019035     -0.086843
    100000      4.019748     -0.096237
    120000      4.023758     -0.092354
    140000      4.025540     -0.113883
    160000      4.036707     -0.116291
    180000      4.057589     -0.110555
    200000      4.068968     -0.112111
    220000      4.071496     -0.116199
    240000      4.079263     -0.138358
    260000      4.087171     -0.138322
    280000      4.095366     -0.147246
    300000      4.142915     -0.084126
    320000      4.144987     -0.103489
    340000      4.160907     -0.096668
    360000      4.171736     -0.101563
    380000      4.174121     -0.103107
    400000      4.185881     -0.085747
    420000      4.187946     -0.103474
    440000      4.189959     -0.133765
    460000      4.194694     -0.155749
    480000      4.211930     -0.164494
    500000      4.215682     -0.179880
    520000      4.229972     -0.174362
    540000      4.235914     -0.181153
    560000      4.236479     -0.199426
    580000      4.250893     -0.192564
    600000      4.266163     -0.190918
    620000      4.267390     -0.200170
    640000      4.288362     -0.182946
    660000      4.294333     -0.184154
    680000      4.300927     -0.191984
    700000      4.306406     -0.198789
    720000      4.315554     -0.206372
    740000      4.326209     -0.208020
    760000      4.339016     -0.192302
    780000      4.347402     -0.214833
    800000      4.350295     -0.248539
    820000      4.359568     -0.254129
    840000      4.367083     -0.258921
    860000      4.366860     -0.282154
    880000      4.373412     -0.284584
    900000      4.374583     -0.311225
    920000      4.371200     -0.331251
    940000      4.381552     -0.336129
    960000      4.377930     -0.350326
    980000      4.397355     -0.343576
   1000000      4.398865     -0.355291
   1020000      4.399694     -0.361275
   1040000      4.406758     -0.369782
   1060000      4.410297     -0.376689
   1080000      4.419359     -0.381161
   1100000      4.433900     -0.381788
   1120000      4.465783     -0.351279
   1140000      4.485973     -0.353720
   1160000      4.499518     -0.345930
   1180000      4.496377     -0.365571
   1200000      4.516042     -0.361558
   1220000      4.530741     -0.361130
   1240000      4.534303     -0.365798
   1260000      4.540350     -0.379737
   1280000      4.536244     -0.399638
   1300000      4.524343     -0.430741
   1320000      4.518099     -0.443297
   1340000      4.519058     -0.451096
   1360000      4.517956     -0.468056
   1380000      4.532880     -0.471122
   1400000      4.531697     -0.479562
   1420000      4.533985     -0.485782
   1440000      4.529351     -0.496317
   1460000      4.540202     -0.501350
   1480000      4.539688     -0.507781
   1500000      4.545690     -0.523109
   1520000      4.545947     -0.529728
   1540000      4.528481     -0.553727
   1560000      4.535647     -0.561337
   1580000      4.530848     -0.576460
   1600000      4.540322     -0.586587
   1620000      4.551012     -0.596985
   1640000      4.551275     -0.601155
   1660000      4.542465     -0.614315
   1680000      4.568441     -0.625942
   1700000      4.571114     -0.629287
   1720000      4.570133     -0.635260
   1740000      4.580208     -0.646407
   1760000      4.575111     -0.655539
   1780000      4.567245     -0.667409
   1800000      4.569450     -0.663897
   1820000      4.558298     -0.675620
   1840000      4.598716     -0.680139
   1860000      4.583203     -0.704669
   1880000      4.596781     -0.705341
   1900000      4.592943     -0.717832
   1920000      4.586833     -0.732047
   1940000      4.600780     -0.736670
   1960000      4.623106     -0.741285
   1980000      4.625135     -0.754069
   2000000      4.631478     -0.755649
   2020000      4.615023     -0.773020
   2040000      4.611465     -0.783260
   2060000      4.617102     -0.794665
   2080000      4.616758     -0.803253
   2100000      4.634812     -0.805745
   2120000      4.619751     -0.817213
   2140000      4.573614     -0.833548
   2160000      4.510133     -0.831796
   2180000      4.509140     -0.837928
   2200000      4.523070     -0.856883
   2220000      4.502853     -0.864076
   2240000      4.505331     -0.873200
   2260000      4.478817     -0.871978
   2280000      4.469461     -0.876241
   2300000      4.477407     -0.897994
   2320000      4.455902     -0.891572
   2340000      4.457626     -0.896158
   2360000      4.461067     -0.905817
   2380000      4.464043     -0.918323
   2400000      4.469137     -0.927787
   2420000      4.461950     -0.931205
   2440000      4.446987     -0.928457
   2460000      4.448815     -0.952885
   2480000      4.441574     -0.961651
   2500000      4.432660     -0.969762
   2520000      4.429748     -0.974164
   2540000      4.414878     -0.980192
   2560000      4.421591     -0.990855
   2580000      4.426589     -1.004390
   2600000      4.413694     -1.005920
   2620000      4.392632     -0.997811
   2640000      4.396154     -1.003422
   2660000      4.407008     -1.019826
   2680000      4.411112     -1.032847
   2700000      4.413372     -1.047681
   2720000      4.409935     -1.052613
   2740000      4.404963     -1.068120
   2760000      4.399329     -1.068673
   2780000      4.390037     -1.081642
   2800000      4.374731     -1.087074
   2820000      4.358190     -1.093568
   2840000      4.451802     -1.149456
   2860000      4.445274     -1.155844
   2880000      4.427447     -1.169292
   2900000      4.427335     -1.173111
   2920000      4.422571     -1.180029
   2940000      4.424537     -1.193188
   2960000      4.426980     -1.202846
   2980000      4.425771     -1.217245
   3000000      4.450274     -1.232582
   3020000      4.427524     -1.229972
   3040000      4.435139     -1.243851
   3060000      4.445414     -1.255979
   3080000      4.447949     -1.262132
   3100000      4.449264     -1.276825
   3120000      4.539126     -1.269688
   3140000      4.532730     -1.284177
   3160000      4.518096     -1.300882
   3180000      4.509848     -1.316083
   3200000      4.509684     -1.323094
   3220000      4.522141     -1.325680
   3240000      4.529568     -1.344671
   3260000      4.527149     -1.354177
   3280000      4.535881     -1.359651
   3300000      4.560155     -1.361636
   3320000      4.541886     -1.376223
   3340000      4.581626     -1.380032
   3360000      4.589765     -1.386365
   3380000      4.596734     -1.392136
   3400000      4.586108     -1.410524
   3420000      4.576888     -1.425936
   3440000      4.565756     -1.444140
   3460000      4.566486     -1.448593
   3480000      4.556618     -1.470734
   3500000      4.558749     -1.480621
   3520000      4.556126     -1.488085
   3540000      4.565310     -1.500642
   3560000      4.567424     -1.511485
   3580000      4.567868     -1.528577
   3600000      4.566903     -1.541111
   3620000      4.561774     -1.555485
   3640000      4.559484     -1.567499
   3660000      4.545914     -1.573301
   3680000      4.544084     -1.582145
   3700000      4.534379     -1.588174
   3720000      4.550296     -1.598218
   3740000      4.569821     -1.605174
   3760000      4.599155     -1.608690
   3780000      4.660208     -1.599001
   3800000      4.635793     -1.617360
   3820000      4.631018     -1.624124
   3840000      4.632375     -1.635719
   3860000      4.647811     -1.646352
   3880000      4.705650     -1.639025
   3900000      4.710032     -1.651979
   3920000      4.712644     -1.659773
   3940000      4.636461     -1.694458
   3960000      4.638775     -1.705478
   3980000      4.620364     -1.714032
   4000000      4.613127     -1.724922
   4020000      4.723648     -1.715607
   4040000      4.754250     -1.717267
   4060000      4.760833     -1.724744
   4080000      4.715227     -1.757698
   4100000      4.722693     -1.767129
   4120000      4.724088     -1.770911
   4140000      4.782677     -1.754965
   4160000      4.800958     -1.759520
   4180000      4.823946     -1.754966
   4200000      4.831942     -1.761289
   4220000      4.874315     -1.738908
   4240000      4.868135     -1.761309
   4260000      4.892002     -1.742824
   4280000      4.907071     -1.746435
   4300000      4.909164     -1.759306
   4320000      4.926061     -1.746852
   4340000      4.933987     -1.751082
   4360000      4.888547     -1.823196
   4380000      4.900765     -1.824721
   4400000      4.913553     -1.830408
   4420000      4.940109     -1.826046
   4440000      4.945302     -1.832608
   4460000      4.964983     -1.822053
   4480000      4.977283     -1.819690
   4500000      4.976290     -1.828145
   4520000      4.987242     -1.837156
   4540000      5.000135     -1.827289
   4560000      5.014445     -1.823971
   4580000      5.022344     -1.837388
   4600000      5.002126     -1.884368
   4620000      5.011350     -1.882973
   4640000      5.012902     -1.894065
   4660000      5.010302     -1.918150
   4680000      5.021129     -1.905815
   4700000      5.035783     -1.900936
   4720000      5.038355     -1.907498
   4740000      5.043610     -1.919589
   4760000      5.050361     -1.916622
   4780000      5.061430     -1.924307
   4800000      5.075582     -1.916593
   4820000      5.081847     -1.925366
   4840000      5.089531     -1.940253
   4860000      5.098791     -1.944865
   4880000      5.107632     -1.960680
   4900000      5.117193     -1.957373
   4920000      5.125023     -1.961380
   4940000      5.134115     -1.953323
   4960000      5.110162     -2.006407
   4980000      5.116149     -2.015153
   5000000      5.129016     -2.013019
   5020000      5.141800     -2.018841
   5040000      5.154094     -2.023025
   5060000      5.157773     -2.033491
   5080000      5.162840     -2.041609
   5100000      5.166116     -2.054985
   5120000      5.184106     -2.040242
   5140000      5.193122     -2.048534
   5160000      5.200086     -2.053092
   5180000      5.204902     -2.047580
   5200000      5.225142     -2.055324
   5220000      5.230829     -2.059333
   5240000      5.248999     -2.034595
   5260000      5.256233     -2.033566
   5280000      5.263703     -2.035340
   5300000      5.276014     -2.043359
   5320000      5.292725     -2.035625
   5340000      5.300888     -2.042534
   5360000      5.317964     -2.039872
   5380000      5.326747     -2.045476
   5400000      5.342235     -2.026722
   5420000      5.363311     -2.010279
   5440000      5.369217     -2.005183
   5460000      5.377446     -2.006036
   5480000      5.382384     -1.919959
   5500000      5.388511     -1.903817
   5520000      5.394593     -1.895393
   5540000      5.402182     -1.888796
   5560000      5.411078     -1.881475
   5580000      5.418209     -1.876650
   5600000      5.431399     -1.871839
   5620000      5.446850     -1.870218
   5640000      5.463574     -1.858283
   5660000      5.466765     -1.860056
   5680000      5.474993     -1.861283
   5700000      5.495394     -1.867689
   5720000      5.501323     -1.867891
   5740000      5.502085     -1.861710
   5760000      5.503975     -1.835415
   5780000      5.501705     -1.812608
   5800000      5.518624     -1.816309
   5820000      5.538977     -1.825709
   5840000      5.544297     -1.817136
   5860000      5.551659     -1.811363
   5880000      5.563882     -1.810552
   5900000      5.557866     -1.780558
   5920000      5.568276     -1.785733
   5940000      5.570591     -1.782746
   5960000      5.604451     -1.820868
   5980000      5.600840     -1.775720
   6000000      5.625861     -1.808630
   6020000      5.626809     -1.793168
   6040000      5.641668     -1.792668
   6060000      5.645022     -1.783111
   6080000      5.657286     -1.783539
   6100000      5.665826     -1.788517
   6120000      5.680122     -1.767534
   6140000      5.678687     -1.741216
   6160000      5.698678     -1.762320
   6180000      5.710663     -1.770495
   6200000      5.723625     -1.776656
   6220000      5.739704     -1.805111
   6240000      5.751711     -1.812683
   6260000      5.771742     -1.790770
   6280000      5.767398     -1.758257
   6300000      5.782352     -1.761615
   6320000      5.803526     -1.778550
   6340000      5.817659     -1.789617
   6360000      5.830754     -1.798927
   6380000      5.849591     -1.809033
   6400000      5.852760     -1.793726
   6420000      5.865818     -1.782995
   6440000      5.870336     -1.775805
   6460000      5.879421     -1.769110
   6480000      5.884542     -1.749356
   6500000      5.898112     -1.749475
   6520000      5.911570     -1.762298
   6540000      5.923046     -1.764990
   6560000      5.929835     -1.763650
   6580000      5.943511     -1.758929
   6600000      5.953568     -1.761641
   6620000      5.954891     -1.745175
   6640000      5.964551     -1.725659
   6660000      5.978238     -1.728112
   6680000      5.990839     -1.730484
   6700000      5.999538     -1.727470
   6720000      6.011036     -1.728501
   6740000      6.025853     -1.739575
   6760000      6.028257     -1.733690
   6780000      6.038470     -1.727144
   6800000      6.050619     -1.721080
   6820000      6.059800     -1.716038
   6840000      6.060728     -1.691982
   6860000      6.074058     -1.698221
   6880000      6.081725     -1.696543
   6900000      6.093297     -1.686134
   6920000      6.096408     -1.689193
   6940000      6.099715     -1.667612
   6960000      6.111001     -1.647491
   6980000      6.114213     -1.641099
   7000000      6.124386     -1.648519
   7020000      6.134195     -1.645963
   7040000      6.147907     -1.638493
   7060000      6.151953     -1.623482
   7080000      6.167170     -1.626219
   7100000      6.180021     -1.609724
   7120000      6.171275     -1.580913
   7140000      6.180758     -1.569094
   7160000      6.183218     -1.554606
   7180000      6.208735     -1.562684
   7200000      6.217975     -1.549391
   7220000      6.232212     -1.564635
   7240000      6.243860     -1.567716
   7260000      6.254173     -1.559694
   7280000      6.261014     -1.550076
   7300000      6.260602     -1.544484
   7320000      6.269630     -1.535198
   7340000      6.282653     -1.547615
   7360000      6.276065     -1.518745
   7380000      6.283655     -1.506718
   7400000      6.283010     -1.484742
   7420000      6.285623     -1.474836
   7440000      6.296316     -1.473145
   7460000      6.316804     -1.482723
   7480000      6.333420     -1.490384
   7500000      6.332650     -1.477508
   7520000      6.338621     -1.458867
   7540000      6.339846     -1.447418
   7560000      6.349245     -1.435880
   7580000      6.351572     -1.427457
   7600000      6.350079     -1.407313
   7620000      6.353203     -1.395504
   7640000      6.356633     -1.386373
   7660000      6.377690     -1.392196
   7680000      6.395301     -1.400524
   7700000      6.405467     -1.396981
   7720000      6.418845     -1.396566
   7740000      6.404173     -1.367865
   7760000      6.393638     -1.336477
   7780000      6.315843     -1.247897
   7800000      6.360486     -1.261633
   7820000      6.322696     -1.233565
   7840000      6.342884     -1.221596
   7860000      6.338249     -1.215244
   7880000      6.328294     -1.190762
   7900000      6.340377     -1.183109
   7920000      6.339224     -1.177203
   7940000      6.341995     -1.165415
   7960000      6.326619     -1.150147
   7980000      6.331937     -1.145382
   8000000      6.352111     -1.131401
   8020000      6.385048     -1.141649
   8040000      6.392187     -1.132027
   8060000      6.393081     -1.120163
   8080000      6.410796     -1.122759
   8100000      6.418514     -1.110794
   8120000      6.427887     -1.104094
   8140000      6.430401     -1.097363
   8160000      6.441572     -1.093087
   8180000      6.452556     -1.094522
   8200000      6.449707     -1.081988
   8220000      6.454582     -1.077968
   8240000      6.472851     -1.074190
   8260000      6.483623     -1.065396
   8280000      6.475853     -1.049008
   8300000      6.474898     -1.036682
   8320000      6.469718     -1.019920
   8340000      6.461835     -1.001322
   8360000      6.469800     -0.987792
   8380000      6.457452     -0.972177
   8400000      6.466401     -0.960268
   8420000      6.496185     -0.967749
   8440000      6.498441     -0.961748
   8460000      6.506464     -0.952331
   8480000      6.514713     -0.952028
   8500000      6.517872     -0.938058
   8520000      6.526674     -0.938744
   8540000      6.533763     -0.925252
   8560000      6.552445     -0.922513
   8580000      6.543007     -0.901853
   8600000      6.558665     -0.908255
   8620000      6.580600     -0.912545
   8640000      6.598746     -0.918821
   8660000      6.596034     -0.896040
   8680000      6.610713     -0.891117
   8700000      6.620943     -0.889562
   8720000      6.630878     -0.882069
   8740000      6.622745     -0.856380
   8760000      6.630218     -0.852211
   8780000      6.635629     -0.839097
   8800000      6.644334     -0.840427
   8820000      6.648094     -0.825057
   8840000      6.661860     -0.827437
   8860000      6.670700     -0.823060
   8880000      6.679631     -0.818348
   8900000      6.700260     -0.827388
   8920000      6.704388     -0.818943
   8940000      6.711362     -0.817641
   8960000      6.722540     -0.829133
   8980000      6.657216     -0.721430
   9000000      6.679894     -0.720549
   9020000      6.677603     -0.711580
   9040000      6.681937     -0.701643
   9060000      6.686143     -0.698270
   9080000      6.699737     -0.683977
   9100000      6.720926     -0.683607
   9120000      6.696029     -0.660382
   9140000      6.727810     -0.664616
   9160000      6.731452     -0.659397
   9180000      6.761337     -0.668736
   9200000      6.777039     -0.671591
   9220000      6.803896     -0.676880
   9240000      6.806968     -0.672806
   9260000      6.805255     -0.662424
   9280000      6.801221     -0.643896
   9300000      6.828177     -0.644976
   9320000      6.850718     -0.648681
   9340000      6.888508     -0.691305
   9360000      6.862045     -0.628086
   9380000      6.881127     -0.634262
   9400000      6.887327     -0.637268
   9420000      6.901860     -0.626232
   9440000      6.911014     -0.619752
   9460000      6.905111     -0.596712
   9480000      6.924040     -0.602409
   9500000      6.897174     -0.560090
   9520000      6.892785     -0.544137
   9540000      6.901321     -0.541571
   9560000      6.911854     -0.537332
   9580000      6.936431     -0.534258
   9600000      6.961357     -0.548656
   9620000      6.947785     -0.517900
   9640000      6.965616     -0.527374
   9660000      6.952598     -0.501884
   9680000      6.951694     -0.487023
   9700000      6.928919     -0.461963
   9720000      6.933640     -0.444660
   9740000      6.939892     -0.439818
   9760000      6.945209     -0.435066
   9780000      6.948618     -0.428946
   9800000      6.948038     -0.411002
   9820000      6.947804     -0.401105
   9840000      6.924152     -0.382847
   9860000      6.918235     -0.368005
   9880000      6.919351     -0.360208
   9900000      6.915911     -0.350478
   9920000      6.922394     -0.342754
   9940000      6.933349     -0.337182
   9960000      6.956164     -0.332849
   9980000      6.972592     -0.335846
  10000000      6.977347     -0.325254
