         0      4.000000      0.000000
     20000      4.045473     -0.057828
     40000      4.099477     -0.111932
     60000      4.163597     -0.072325
     80000      4.223161     -0.027207
    100000      4.310955     -0.118366
    120000      4.346886     -0.268796
    140000      4.418740     -0.344775
    160000      4.442030     -0.542707
    180000      4.521416     -0.522522
    200000      4.581198     -0.517709
    220000      4.545939     -0.739155
    240000      4.489140     -0.828341
    260000      4.745493     -0.661347
    280000      4.768010     -0.744789
    300000      4.782606     -0.811218
    320000      4.740533     -0.955624
    340000      4.963891     -0.729140
    360000      5.013788     -0.817905
    380000      5.130110     -0.709525
    400000      5.150557     -0.795281
    420000      5.229885     -0.808617
    440000      5.253756     -0.922880
    460000      5.307874     -0.967504
    480000      5.352924     -0.979509
    500000      5.495764     -0.865954
    520000      5.555282     -0.857549
    540000      5.633063     -0.742922
    560000      5.688027     -0.792269
    580000      5.655760     -1.209271
    600000      5.799789     -0.955660
    620000      5.861848     -1.088517
    640000      5.903531     -1.202465
    660000      5.998473     -1.134195
    680000      6.020597     -1.277881
    700000      6.096031     -1.310115
    720000      6.190706     -1.229777
    740000      6.241966     -1.316200
    760000      6.293511     -1.301325
    780000      6.364236     -1.365712
    800000      6.396353     -1.431655
    820000      6.388724     -1.618749
    840000      6.461448     -1.629183
    860000      6.505617     -1.697916
    880000      6.539148     -1.762243
    900000      6.666847     -1.497764
    920000      6.742079     -1.469461
    940000      6.798451     -1.447270
    960000      6.860554     -1.430730
    980000      6.935660     -1.373986
   1000000      6.962975     -1.170463
   1020000      7.071800     -1.169179
   1040000      7.158854     -1.306110
   1060000      7.197951     -1.296844
   1080000      7.268091     -1.231809
   1100000      7.216960     -0.881587
   1120000      7.296660     -0.874483
   1140000      7.392907     -0.885531
   1160000      7.417927     -0.805170
   1180000      7.413099     -0.697361
   1200000      7.363766     -0.557574
   1220000      7.379343     -0.532608
   1240000      7.393877     -0.445830
   1260000      7.493594     -0.422145
   1280000      7.735100     -0.576181
   1300000      7.813246     -0.577390
   1320000      7.927529     -0.679094
   1340000      7.951458     -0.621661
   1360000      7.987481     -0.530416
   1380000      8.103803     -0.517497
   1400000      8.160994     -0.491149
   1420000      8.143604     -0.359815
   1440000      8.154118     -0.282640
   1460000      8.305566     -0.308893
   1480000      8.496236     -0.519795
   1500000      8.451730     -0.311375
   1520000      8.544416     -0.315997
   1540000      8.583548     -0.258035
   1560000      8.602076     -0.175494
   1580000      8.687180     -0.180475
   1600000      8.838791     -0.359007
   1620000      8.824134     -0.166019
   1640000      8.882571     -0.187686
   1660000      8.919407     -0.154446
   1680000      9.007731     -0.207388
   1700000      9.002150     -0.029927
   1720000      9.057804      0.010880
   1740000      9.090505      0.053480
   1760000      9.195895     -0.007663
   1780000      9.244304      0.005663
   1800000      9.235669      0.195697
   1820000      9.314415      0.208791
   1840000      9.395327      0.190436
   1860000      9.485220      0.212588
   1880000      9.532525      0.244318
   1900000      9.480403      0.425393
   1920000      9.637315      0.353697
   1940000      9.701196      0.340205
   1960000      9.545723      0.732053
   1980000      9.607583      0.731003
   2000000      9.605865      0.836137
   2020000      9.583236      0.921245
   2040000      9.666383      0.935812
   2060000      9.837976      0.845433
   2080000      9.854346      0.934068
   2100000      9.930538      0.958243
   2120000      9.967380      1.013548
   2140000     10.031191      1.002751
   2160000     10.054080      1.143539
   2180000     10.079955      1.198143
   2200000     10.127927      1.207270
   2220000     10.127751      1.297049
   2240000     10.196461      1.344828
   2260000     10.299160      1.306221
   2280000     10.368180      1.319323
   2300000     10.445219      1.326978
   2320000     10.398129      1.467602
   2340000     10.581978      1.445532
   2360000     10.722003      1.319674
   2380000     10.800271      1.166379
   2400000     10.866112      1.287777
   2420000     10.931958      1.254115
   2440000     11.006034      1.223309
   2460000     11.072580      1.256367
   2480000     11.145603      1.274427
   2500000     11.226126      1.220465
   2520000     11.282873      1.150016
   2540000     11.373653      1.256726
   2560000     11.443418      1.244678
   2580000     11.501292      1.391215
   2600000     11.573075      1.335210
   2620000     11.639447      1.316428
   2640000     11.679529      0.990750
   2660000     11.749505      0.986159
   2680000     11.812107      1.044862
   2700000     11.797808      0.843934
   2720000     11.978679      1.040146
   2740000     12.062716      1.068836
   2760000     12.095127      0.875016
   2780000     12.142635      0.862855
   2800000     12.153465      0.778156
   2820000     12.248877      0.793130
   2840000     12.288477      0.743858
   2860000     12.360938      0.721707
   2880000     12.403399      0.697595
   2900000     12.563398      0.977713
   2920000     12.620683      0.881315
   2940000     12.683876      0.800276
   2960000     12.747919      0.803303
   2980000     12.754285      0.701227
   3000000     12.842744      0.728682
   3020000     12.917837      0.726984
   3040000     12.955388      0.682785
   3060000     13.020137      0.668576
   3080000     13.111213      0.753661
   3100000     13.162214      0.712095
   3120000     13.139787      0.448513
   3140000     12.982606      0.113593
   3160000     12.746205     -0.108728
   3180000     12.973994     -0.076301
   3200000     12.821893     -0.237073
   3220000     13.000829     -0.229586
   3240000     13.062143     -0.237581
   3260000     12.752160     -0.536087
   3280000     12.702804     -0.598213
   3300000     12.669089     -0.675181
   3320000     12.772176     -0.714621
   3340000     12.687281     -0.797839
   3360000     12.667569     -0.875907
   3380000     12.617958     -0.939650
   3400000     12.845657     -0.963057
   3420000     12.734879     -1.050963
   3440000     12.913116     -1.086433
   3460000     12.987737     -1.153876
   3480000     12.783025     -1.262962
   3500000     12.729479     -1.329012
   3520000     12.632439     -1.382926
   3540000     12.788337     -1.506021
   3560000     12.913124     -1.544826
   3580000     12.981410     -1.557145
   3600000     12.950711     -1.696542
   3620000     13.053818     -1.723613
   3640000     13.189323     -1.764002
   3660000     13.206450     -1.811813
   3680000     13.668857     -1.602984
   3700000     13.717337     -1.633011
   3720000     13.745305     -1.748510
   3740000     13.790248     -1.806481
   3760000     13.819922     -1.907600
   3780000     13.968793     -1.866461
   3800000     14.002928     -1.917319
   3820000     14.116263     -1.893733
   3840000     13.995836     -2.094455
   3860000     14.203159     -1.966392
   3880000     14.022463     -2.232143
   3900000     14.225726     -2.141906
   3920000     14.353976     -2.072375
   3940000     14.395673     -2.123321
   3960000     14.440069     -2.184457
   3980000     14.410718     -2.340066
   4000000     14.542043     -2.298540
   4020000     14.497322     -2.458905
   4040000     14.530910     -2.491899
   4060000     14.530888     -2.549790
   4080000     14.701267     -2.515684
   4100000     14.803663     -2.501610
   4120000     14.767088     -2.619019
   4140000     14.818137     -2.679969
   4160000     14.807790     -2.758977
   4180000     15.001986     -2.687981
   4200000     15.070592     -2.713548
   4220000     15.072901     -2.764966
   4240000     15.204843     -2.721189
   4260000     15.275885     -2.754335
   4280000     15.411962     -2.650669
   4300000     15.450262     -2.736491
   4320000     15.527368     -2.730557
   4340000     15.574312     -2.821963
   4360000     15.577341     -2.953945
   4380000     15.661583     -2.915621
   4400000     15.709409     -2.983799
   4420000     15.754301     -3.010582
   4440000     15.835903     -2.928061
   4460000     15.833421     -3.093790
   4480000     15.828268     -3.236429
   4500000     15.909490     -3.241957
   4520000     15.941280     -3.304657
   4540000     15.886752     -3.441642
   4560000     16.091568     -3.368218
   4580000     16.153041     -3.392516
   4600000     16.224085     -3.394025
   4620000     16.311436     -3.382192
   4640000     16.428567     -3.283509
   4660000     16.442552     -3.410946
   4680000     16.376176     -3.589032
   4700000     16.527302     -3.529144
   4720000     16.561139     -3.607351
   4740000     16.617979     -3.650152
   4760000     16.722358     -3.609762
   4780000     16.862416     -3.457874
   4800000     16.909145     -3.575029
   4820000     16.573074     -4.123987
   4840000     16.895677     -3.924224
   4860000     16.886122     -4.073449
   4880000     16.741833     -4.283258
   4900000     16.797911     -4.322231
   4920000     16.838429     -4.371092
   4940000     16.767426     -4.459794
   4960000     16.820197     -4.516511
   4980000     16.999519     -4.483677
   5000000     16.946494     -4.581073
   5020000     16.910617     -4.665608
   5040000     16.994649     -4.702311
   5060000     17.093940     -4.756117
   5080000     17.118176     -4.808154
   5100000     17.025062     -4.929397
   5120000     17.102165     -4.944015
   5140000     17.126894     -5.014130
   5160000     17.064242     -5.043578
   5180000     17.016889     -5.147396
   5200000     17.090719     -5.207202
   5220000     17.083785     -5.260326
   5240000     17.164627     -5.310769
   5260000     17.303602     -5.382563
   5280000     17.335466     -5.433740
   5300000     17.594724     -5.391255
   5320000     17.571331     -5.487535
   5340000     17.633647     -5.513466
   5360000     17.803169     -5.475921
   5380000     17.825085     -5.528421
   5400000     17.919319     -5.536295
   5420000     17.914292     -5.677706
   5440000     18.019123     -5.666630
   5460000     18.027115     -5.729206
   5480000     18.195631     -5.619336
   5500000     18.211999     -5.668520
   5520000     18.264244     -5.712771
   5540000     18.331271     -5.727234
   5560000     18.397936     -5.752622
   5580000     18.357609     -5.933873
   5600000     18.425961     -5.963476
   5620000     18.490246     -5.986833
   5640000     18.615113     -5.918275
   5660000     18.681563     -5.945241
   5680000     18.732228     -5.940899
   5700000     18.607151     -6.294859
   5720000     18.657008     -6.321121
   5740000     18.810592     -6.243394
   5760000     18.763611     -6.436938
   5780000     18.750421     -6.538158
   5800000     18.911277     -6.424298
   5820000     18.924615     -6.527300
   5840000     19.017853     -6.493653
   5860000     19.077370     -6.502151
   5880000     19.128760     -6.489909
   5900000     19.168729     -6.633846
   5920000     19.207253     -6.654388
   5940000     19.264889     -6.707322
   5960000     19.418377     -6.542145
   5980000     19.441112     -6.646079
   6000000     19.598706     -6.435064
