         0      4.000000      0.000000
     20000      4.006867     -0.047774
     40000      4.010041     -0.067931
     60000      4.026580     -0.088781
     80000      4.072170      0.089049
    100000      4.098635      0.121543
    120000      4.134648      0.080254
    140000      4.176243      0.029353
    160000      4.203684      0.158238
    180000      4.256768      0.098236
    200000      4.281369     -0.148486
    220000      4.325569     -0.044223
    240000      4.357201      0.015414
    260000      4.388005     -0.023646
    280000      4.423163      0.090127
    300000      4.465700      0.075996
    320000      4.490858      0.082000
    340000      4.488966      0.134470
    360000      4.557275      0.074949
    380000      4.591026      0.078161
    400000      4.633502      0.077705
    420000      4.652320      0.088188
    440000      4.679362      0.118009
    460000      4.699149      0.133860
    480000      4.697543      0.217340
    500000      4.707250      0.257498
    520000      4.803387      0.128918
    540000      4.842338      0.096971
    560000      4.872138      0.090181
    580000      4.898199      0.105574
    600000      4.945118      0.053639
    620000      4.921699      0.230512
    640000      4.957171      0.249054
    660000      5.009543      0.202872
    680000      5.070422      0.105826
    700000      5.089859      0.135253
    720000      5.127920      0.152720
    740000      5.154676      0.145933
    760000      5.188606      0.156474
    780000      5.271116      0.065135
    800000      5.281904      0.158387
    820000      5.337197      0.117747
    840000      5.366964      0.161094
    860000      5.382858      0.188871
    880000      5.403724      0.225565
    900000      5.439684      0.205939
    920000      5.485725      0.153775
    940000      5.518571      0.166647
    960000      5.547003      0.173119
    980000      5.576620      0.182262
   1000000      5.618338      0.141052
   1020000      5.647543      0.115293
   1040000      5.675230      0.082001
   1060000      5.710696      0.171684
   1080000      5.747116      0.185370
   1100000      5.690506      0.346203
   1120000      5.773995      0.288281
   1140000      5.808987      0.289586
   1160000      5.829578      0.314175
   1180000      5.797544      0.400227
   1200000      5.848388      0.394754
   1220000      5.913401      0.365309
   1240000      5.908381      0.423400
   1260000      5.914009      0.455615
   1280000      5.979695      0.427774
   1300000      6.029804      0.408162
   1320000      6.037220      0.441917
   1340000      6.037103      0.483889
   1360000      6.084068      0.500601
   1380000      6.020012      0.581482
   1400000      6.066354      0.585896
   1420000      6.058262      0.635803
   1440000      6.154108      0.604243
   1460000      6.197421      0.604235
   1480000      6.214699      0.626542
   1500000      6.328462      0.517233
   1520000      6.208010      0.748180
   1540000      6.225851      0.767155
   1560000      6.218269      0.839387
   1580000      6.276962      0.827245
   1600000      6.274966      0.869668
   1620000      6.313577      0.851730
   1640000      6.321925      0.907511
   1660000      6.357144      0.901851
   1680000      6.352952      0.987040
   1700000      6.391548      0.998594
   1720000      6.441073      0.991671
   1740000      6.489476      1.003117
   1760000      6.488577      1.056380
   1780000      6.463666      1.110842
   1800000      6.573151      1.071325
   1820000      6.572509      1.114484
   1840000      6.588496      1.146836
   1860000      6.596208      1.192870
   1880000      6.599490      1.229562
   1900000      6.639092      1.231216
   1920000      6.672305      1.225525
   1940000      6.761772      1.124865
   1960000      6.805756      1.103077
   1980000      6.834390      1.159398
   2000000      6.879544      1.153027
   2020000      6.904563      1.194189
   2040000      6.925718      1.229263
   2060000      6.943781      1.285219
   2080000      6.947949      1.319337
   2100000      6.969315      1.342877
   2120000      6.982504      1.389977
   2140000      7.041911      1.379089
   2160000      7.075548      1.374626
   2180000      7.109048      1.386505
   2200000      7.153704      1.331070
   2220000      7.134258      1.472463
   2240000      7.110426      1.541728
   2260000      7.147742      1.560751
   2280000      7.118198      1.626881
   2300000      7.123313      1.666831
   2320000      7.192965      1.676493
   2340000      7.202068      1.698856
   2360000      7.155617      1.756932
   2380000      7.214798      1.772915
   2400000      7.145012      1.832801
   2420000      7.195330      1.856892
   2440000      7.261993      1.851486
   2460000      7.288114      1.874051
   2480000      7.319610      1.909865
   2500000      7.305779      1.945869
   2520000      7.261223      2.013043
   2540000      7.268877      2.042707
   2560000      7.182606      2.091254
   2580000      7.162752      2.134000
   2600000      7.206623      2.148921
   2620000      7.276217      2.164707
   2640000      7.247009      2.209204
   2660000      7.225750      2.248011
   2680000      7.240719      2.275653
   2700000      7.290173      2.300132
   2720000      7.305451      2.329576
   2740000      7.502617      2.281985
   2760000      7.475118      2.326292
   2780000      7.469952      2.374520
   2800000      7.495478      2.392528
   2820000      7.509199      2.421735
   2840000      7.509685      2.452819
   2860000      7.537905      2.478088
   2880000      7.582643      2.482802
   2900000      7.533257      2.547373
   2920000      7.585113      2.566000
   2940000      7.624197      2.575635
   2960000      7.573390      2.651593
   2980000      7.532860      2.697498
   3000000      7.535721      2.734823
   3020000      7.575053      2.763327
   3040000      7.605477      2.774859
   3060000      7.600940      2.805469
   3080000      7.555978      2.853008
   3100000      7.536219      2.887746
   3120000      7.554269      2.914290
   3140000      7.561089      2.936891
   3160000      7.597964      2.963270
   3180000      7.617511      2.983229
   3200000      7.622995      3.003080
   3220000      7.690053      3.027646
   3240000      7.711231      3.045626
   3260000      7.706287      3.082460
   3280000      7.697114      3.115619
   3300000      7.698961      3.152442
   3320000      7.755778      3.173812
   3340000      7.721411      3.210143
   3360000      7.747283      3.247273
   3380000      7.749055      3.274481
   3400000      7.773573      3.285949
   3420000      7.730611      3.349896
   3440000      7.617960      3.401177
   3460000      7.619548      3.426889
   3480000      7.589786      3.454593
   3500000      7.556600      3.470664
   3520000      7.597593      3.507240
   3540000      7.626820      3.538967
   3560000      7.626009      3.565554
   3580000      7.685644      3.589137
   3600000      7.708386      3.619641
   3620000      7.752567      3.634132
   3640000      7.730778      3.679428
   3660000      7.737763      3.720257
   3680000      7.775932      3.747442
   3700000      7.684376      3.781098
   3720000      7.647803      3.793788
   3740000      7.662690      3.854834
   3760000      7.679545      3.889222
   3780000      7.661966      3.915537
   3800000      7.604246      3.954491
   3820000      7.601015      3.986311
   3840000      7.602850      4.013073
   3860000      7.655609      4.047058
   3880000      7.722629      4.100424
   3900000      7.761687      4.118226
   3920000      7.771688      4.155084
   3940000      7.807215      4.183024
   3960000      7.752790      4.211231
   3980000      7.807776      4.243706
   4000000      7.698407      4.293272
   4020000      7.594546      4.293171
   4040000      7.781828      4.363855
   4060000      7.878953      4.390787
   4080000      7.871048      4.434871
   4100000      7.960107      4.453899
   4120000      7.934338      4.487784
   4140000      7.912988      4.513032
   4160000      7.911702      4.544446
   4180000      7.893302      4.573542
   4200000      7.842317      4.585809
   4220000      7.928757      4.634318
   4240000      7.897603      4.662794
   4260000      7.887364      4.684261
   4280000      7.984519      4.706760
   4300000      7.909979      4.742911
   4320000      7.869837      4.754712
   4340000      8.003618      4.797456
   4360000      7.951816      4.836143
   4380000      7.958494      4.860280
   4400000      7.945549      4.897073
   4420000      7.951858      4.929204
   4440000      7.898330      4.963333
   4460000      8.099973      4.935786
   4480000      8.120361      4.953685
   4500000      8.169543      4.938799
   4520000      8.178471      4.947574
   4540000      8.216876      4.947580
   4560000      8.250248      4.952969
   4580000      8.286074      4.945239
   4600000      8.307096      4.914572
   4620000      8.243824      5.085363
   4640000      8.298804      5.065510
   4660000      8.319424      5.100872
   4680000      8.344034      5.109036
   4700000      8.355694      5.151347
   4720000      8.396788      5.135761
   4740000      8.416105      5.162149
   4760000      8.301520      5.330833
   4780000      8.348183      5.322090
   4800000      8.274574      5.415563
   4820000      8.340515      5.413091
   4840000      8.388231      5.422202
   4860000      8.383859      5.459729
   4880000      8.390459      5.468486
   4900000      8.411224      5.488199
   4920000      8.392011      5.540245
   4940000      8.374298      5.571829
   4960000      8.555548      5.513608
   4980000      8.476477      5.601435
   5000000      8.550997      5.593144
   5020000      8.575485      5.613928
   5040000      8.597418      5.646188
   5060000      8.589078      5.690364
   5080000      8.459754      5.820126
   5100000      8.500188      5.845398
   5120000      8.556861      5.847966
   5140000      8.572157      5.878585
   5160000      8.547748      5.912040
   5180000      8.657029      5.908151
   5200000      8.652420      5.936858
   5220000      8.682415      5.949262
   5240000      8.777923      5.951115
   5260000      8.845151      5.949880
   5280000      8.906805      5.928493
   5300000      8.898156      5.970844
   5320000      8.894082      6.015759
   5340000      8.947860      6.021739
   5360000      9.002558      6.016117
   5380000      9.044223      6.005426
   5400000      8.948437      6.134717
   5420000      9.019822      6.131236
   5440000      9.039148      6.151955
   5460000      9.119876      6.115111
   5480000      9.098352      6.198552
   5500000      9.133990      6.201683
   5520000      9.132126      6.253019
   5540000      9.183595      6.245378
   5560000      9.210409      6.237688
   5580000      9.198092      6.291177
   5600000      9.220108      6.308188
   5620000      9.235360      6.336154
   5640000      9.247509      6.358205
   5660000      9.304185      6.347617
   5680000      9.166919      6.517124
   5700000      9.176212      6.549104
   5720000      9.219110      6.572979
   5740000      9.210147      6.606132
   5760000      9.218238      6.632932
   5780000      9.266126      6.644814
   5800000      9.246900      6.674168
   5820000      9.249537      6.710828
   5840000      9.264862      6.727219
   5860000      9.376417      6.724191
   5880000      9.273807      6.821635
   5900000      9.212414      6.866076
   5920000      9.224317      6.895981
   5940000      9.285667      6.901229
   5960000      9.317246      6.919657
   5980000      9.329858      6.957699
   6000000      9.341904      6.985574
   6020000      9.308717      7.043870
   6040000      9.324157      7.069739
   6060000      9.280072      7.118725
   6080000      9.138254      7.141453
   6100000      9.276329      7.164387
   6120000      9.412659      7.158101
   6140000      9.327353      7.218743
   6160000      9.294771      7.245851
   6180000      9.376801      7.270204
   6200000      9.200661      7.307045
   6220000      9.236209      7.346645
   6240000      9.335011      7.380599
   6260000      9.305829      7.413993
   6280000      9.325556      7.444367
   6300000      9.446126      7.446467
   6320000      9.455550      7.470143
   6340000      9.460664      7.506479
   6360000      9.462054      7.538935
   6380000      9.404843      7.585140
   6400000      9.420802      7.606892
   6420000      9.452966      7.616199
   6440000      9.357576      7.674112
   6460000      9.363837      7.697629
   6480000      9.379351      7.728772
   6500000      9.444092      7.752974
   6520000      9.395031      7.783694
   6540000      9.535617      7.775772
   6560000      9.319685      7.851682
   6580000      9.393569      7.887586
   6600000      9.485789      7.897015
   6620000      9.421521      7.937531
   6640000      9.508848      7.948770
   6660000      9.504746      7.986327
   6680000      9.472508      8.017858
   6700000      9.466605      8.048030
   6720000      9.553754      8.066357
   6740000      9.537812      8.111622
   6760000      9.452596      8.166609
   6780000      9.320688      8.183399
   6800000      9.310788      8.214843
   6820000      9.316425      8.252832
   6840000      9.433219      8.303095
   6860000      9.442242      8.326261
   6880000      9.360056      8.364467
   6900000      9.295044      8.394198
   6920000      9.274164      8.419562
   6940000      9.241570      8.445815
   6960000      9.261207      8.484534
   6980000      9.361041      8.529902
   7000000      9.383142      8.564707
   7020000      9.348642      8.592113
   7040000      9.376442      8.628662
   7060000      9.432315      8.658844
   7080000      9.565355      8.676160
   7100000      9.581245      8.702445
   7120000      9.614037      8.716528
   7140000      9.624195      8.746547
   7160000      9.665809      8.767839
   7180000      9.701667      8.787721
   7200000      9.693727      8.845720
   7220000      9.623717      8.885272
   7240000      9.628731      8.919546
   7260000      9.618997      8.952665
   7280000      9.623770      8.977444
   7300000      9.528003      9.025035
   7320000      9.478078      9.046203
   7340000      9.543311      9.073188
   7360000      9.584711      9.088656
   7380000      9.616283      9.129410
   7400000      9.583400      9.173282
   7420000      9.539253      9.203082
   7440000      9.549635      9.224844
   7460000      9.552060      9.245262
   7480000      9.537730      9.273346
   7500000      9.568409      9.308422
   7520000      9.497356      9.326668
   7540000      9.542119      9.374351
   7560000      9.503239      9.400755
   7580000      9.501695      9.441756
   7600000      9.518623      9.463638
   7620000      9.541046      9.502200
   7640000      9.406869      9.541286
   7660000      9.462781      9.588492
   7680000      9.380796      9.587231
   7700000      9.674321      9.615935
   7720000      9.644693      9.660972
   7740000      9.595619      9.690389
   7760000      9.503041      9.739372
   7780000      9.530803      9.762599
   7800000      9.543141      9.787021
   7820000      9.548737      9.813090
   7840000      9.577214      9.841614
   7860000      9.603900      9.871012
   7880000      9.580794      9.912497
   7900000      9.549993      9.934165
   7920000      9.730200      9.921491
   7940000      9.770016      9.926529
   7960000      9.784382      9.955022
   7980000      9.873711      9.910621
   8000000      9.818399     10.009914
   8020000      9.940100      9.931755
   8040000      9.933569      9.999283
   8060000      9.991600      9.950587
   8080000      9.941343     10.072397
   8100000      9.924451     10.143771
   8120000      9.919267     10.191537
   8140000      9.993310     10.169825
   8160000      9.979091     10.219351
   8180000     10.004297     10.244796
   8200000      9.974638     10.293259
   8220000      9.978805     10.342350
   8240000      9.811175     10.437325
   8260000      9.873837     10.446380
   8280000      9.885250     10.471885
   8300000      9.946471     10.477210
   8320000      9.984294     10.476247
   8340000     10.011696     10.519771
   8360000     10.069316     10.524408
   8380000     10.038524     10.574323
   8400000     10.043617     10.606188
   8420000     10.096134     10.617389
   8440000     10.111385     10.639881
   8460000     10.094666     10.695758
   8480000     10.122286     10.718346
   8500000     10.103894     10.763430
   8520000     10.138218     10.785987
   8540000     10.102258     10.847797
   8560000     10.089917     10.877472
   8580000     10.165531     10.880695
   8600000     10.140211     10.916731
   8620000     10.142003     10.935286
   8640000     10.135482     10.970904
   8660000     10.138482     11.000857
   8680000     10.138477     11.039666
   8700000     10.165577     11.071970
   8720000     10.416784     11.002204
   8740000     10.459724     11.017470
   8760000     10.437712     11.070956
   8780000     10.453727     11.096588
   8800000     10.483862     11.113086
   8820000     10.495038     11.139802
   8840000     10.544621     11.134060
   8860000     10.351541     11.307707
   8880000     10.332927     11.334241
   8900000     10.277846     11.346543
   8920000     10.313345     11.382572
   8940000     10.428350     11.390339
   8960000     10.383071     11.453145
   8980000     10.383665     11.495339
   9000000     10.437203     11.516793
   9020000     10.412743     11.558280
   9040000     10.464260     11.575723
   9060000     10.499895     11.597288
   9080000     10.562451     11.607568
   9100000     10.608821     11.621594
   9120000     10.618354     11.654186
   9140000     10.619844     11.679593
   9160000     10.708483     11.680854
   9180000     10.678694     11.743542
   9200000     10.657668     11.779215
   9220000     10.752595     11.770328
   9240000     10.699839     11.836349
   9260000     10.726843     11.859913
   9280000     10.761141     11.879165
   9300000     10.790656     11.884901
   9320000     10.815942     11.907676
   9340000     10.826708     11.938682
   9360000     10.866196     11.951357
   9380000     10.890410     11.973461
   9400000     10.895183     12.014701
   9420000     10.879238     12.070151
   9440000     10.910318     12.081767
   9460000     10.865610     12.149839
   9480000     10.821856     12.204264
   9500000     10.959476     12.162360
   9520000     10.864905     12.260914
   9540000     10.884870     12.288487
   9560000     10.867089     12.333919
   9580000     10.968278     12.315300
   9600000     11.012556     12.306827
   9620000     11.039027     12.313533
   9640000     11.079123     12.329845
   9660000     11.068939     12.383575
   9680000     11.091580     12.398618
   9700000     11.021239     12.490418
   9720000     10.957817     12.533417
   9740000     10.957307     12.557612
   9760000     10.933219     12.578795
   9780000     10.960306     12.617034
   9800000     11.122155     12.602277
   9820000     11.163284     12.611888
   9840000     11.233850     12.563121
   9860000     11.236685     12.632863
   9880000     11.137978     12.730904
   9900000     11.088535     12.776628
   9920000     11.102890     12.791410
   9940000     11.068878     12.817243
   9960000     10.931312     12.861841
   9980000     10.999166     12.893690
  10000000     11.051924     12.908606
