         0      4.000000      0.000000
     20000      4.000057      0.013161
     40000      4.001079      0.031535
     60000      4.000886      0.028426
     80000      4.001804      0.009309
    100000      4.000599      0.022282
    120000      4.000812      0.026586
    140000      4.003605      0.010512
    160000      4.000605      0.008165
    180000      4.002259      0.005718
    200000      4.000966      0.017129
    220000      3.999811      0.024103
    240000      3.999119      0.020985
    260000      4.002768      0.014778
    280000      3.999742      0.008034
    300000      4.000452      0.020774
    320000      4.002081      0.014682
    340000      4.002639      0.015862
    360000      4.000088      0.006015
    380000      4.000589      0.008197
    400000      4.002233      0.015151
    420000      4.002856      0.014510
    440000      4.001636      0.019835
    460000      4.001045      0.019852
    480000      4.001038      0.024124
    500000      4.002754      0.015579
    520000      4.000974      0.018347
    540000      4.001069      0.017057
    560000      4.001349      0.031776
    580000      3.999744      0.030672
    600000      4.001923      0.014704
    620000      4.001169      0.007038
    640000      4.001932     -0.000644
    660000      3.997306      0.037497
    680000      4.000944      0.032371
    700000      4.001339      0.015345
    720000      3.999705      0.017035
    740000      3.999802      0.025936
    760000      4.003648      0.008942
    780000      4.003267      0.017533
    800000      4.004226      0.011732
    820000      4.000530      0.023273
    840000      3.999941      0.001301
    860000      3.998343     -0.001539
    880000      4.000168      0.025522
    900000      4.000867      0.024070
    920000      4.001317      0.023522
    940000      4.002868      0.022215
    960000      4.002080      0.015694
    980000      4.000590      0.002955
   1000000      4.002134      0.021580
   1020000      4.001889      0.014413
   1040000      4.002202      0.019374
   1060000      4.002923      0.011014
   1080000      4.000049      0.018978
   1100000      3.999977      0.027799
   1120000      3.998520      0.029583
   1140000      4.002023      0.019366
   1160000      4.002328      0.014867
   1180000      3.999838      0.022500
   1200000      4.000635      0.007505
   1220000      4.000516     -0.000248
   1240000      4.003004      0.007676
   1260000      4.003974      0.008017
   1280000      4.003113      0.016757
   1300000      3.999763      0.013566
   1320000      3.998699      0.025638
   1340000      4.002056      0.018897
   1360000      4.002487      0.011084
   1380000      4.000084      0.020273
   1400000      4.001500      0.027037
   1420000      4.001174      0.018860
   1440000      4.002596      0.007698
   1460000      4.001443      0.007000
   1480000      4.002165      0.015881
   1500000      4.003119      0.015238
   1520000      4.002428      0.013829
   1540000      4.001780      0.022479
   1560000      3.997058      0.030693
   1580000      3.999678      0.024488
   1600000      4.002435      0.007440
   1620000      3.999564      0.029957
   1640000      3.998301      0.017575
   1660000      4.001809      0.010155
   1680000      4.002023      0.017644
   1700000      3.999714      0.020234
   1720000      4.002232      0.018634
   1740000      4.001757      0.015410
   1760000      3.999705      0.021600
   1780000      4.000196      0.024986
   1800000      4.002547      0.017534
   1820000      4.001555      0.003162
   1840000      4.002513     -0.001123
   1860000      4.001611      0.021731
   1880000      3.999637      0.029087
   1900000      4.000988      0.005986
   1920000      4.000825      0.010712
   1940000      3.998975      0.027933
   1960000      4.001343      0.018841
   1980000      3.999397      0.025309
   2000000      4.000405      0.026408
   2020000      4.000860      0.010866
   2040000      4.002044      0.018292
   2060000      4.000801      0.001997
   2080000      4.002066      0.015031
   2100000      4.002288      0.019257
   2120000      4.001546      0.016011
   2140000      4.003232      0.016043
   2160000      4.002396      0.027217
   2180000      4.000083      0.030861
   2200000      4.001651      0.029829
   2220000      3.997225      0.037344
   2240000      4.001566      0.029467
   2260000      3.998795      0.033492
   2280000      4.001581      0.020060
   2300000      4.001963      0.013761
   2320000      4.000678      0.007876
   2340000      4.001662      0.020599
   2360000      4.001315      0.013951
   2380000      4.001771      0.020066
   2400000      4.001507      0.005157
   2420000      4.001482      0.015468
   2440000      4.002155      0.031749
   2460000      4.000839      0.026655
   2480000      4.000795      0.025276
   2500000      4.002237      0.016166
   2520000      4.002034      0.014471
   2540000      4.001365      0.025063
   2560000      4.001949      0.018556
   2580000      3.998839      0.022879
   2600000      4.001507      0.013596
   2620000      4.002760      0.013838
   2640000      4.001770      0.027468
   2660000      4.000727      0.015762
   2680000      4.001509      0.023017
   2700000      3.999914      0.020097
   2720000      4.000693      0.027636
   2740000      4.000328      0.033193
   2760000      4.000818      0.016885
   2780000      4.001381      0.014071
   2800000      4.001184      0.017167
   2820000      4.000445      0.021802
   2840000      4.001920      0.014398
   2860000      4.001633      0.017247
   2880000      4.002306      0.015033
   2900000      4.001542      0.007076
   2920000      4.001221      0.018295
   2940000      4.000287      0.022710
   2960000      4.002549      0.020629
   2980000      4.002286      0.027092
   3000000      4.001528      0.025749
   3020000      4.003945      0.004321
   3040000      4.000740      0.006538
   3060000      4.001072      0.006769
   3080000      4.001846      0.008581
   3100000      3.998230      0.020095
   3120000      4.001001      0.018008
   3140000      4.001652      0.031625
   3160000      3.999879      0.020601
   3180000      4.001866      0.025353
   3200000      4.002585      0.023197
   3220000      4.002503      0.007860
   3240000      4.001575      0.015346
   3260000      4.000624      0.013762
   3280000      4.002327      0.012515
   3300000      4.001861      0.014320
   3320000      3.999609      0.013727
   3340000      4.003462      0.015555
   3360000      4.001644      0.023341
   3380000      4.002645      0.004538
   3400000      4.001200      0.009401
   3420000      4.001565      0.006671
   3440000      4.001393      0.029602
   3460000      4.001884      0.011747
   3480000      4.001247      0.013192
   3500000      4.001125      0.009526
   3520000      4.000111      0.011138
   3540000      4.001771      0.012987
   3560000      3.999401      0.028834
   3580000      4.000182      0.002845
   3600000      4.000869      0.010445
   3620000      4.003696      0.008726
   3640000      4.002383      0.011214
   3660000      4.001287      0.024140
   3680000      4.000683      0.013436
   3700000      4.001740      0.028475
   3720000      4.000722      0.027379
   3740000      4.000507      0.018232
   3760000      3.999806      0.027776
   3780000      4.001751      0.021775
   3800000      4.002815      0.023741
   3820000      4.000741      0.024003
   3840000      4.003350      0.015048
   3860000      3.998101      0.029445
   3880000      4.000183      0.023460
   3900000      4.002260      0.025357
   3920000      4.001231      0.021624
   3940000      4.000705      0.025031
   3960000      4.002916      0.018430
   3980000      4.001431      0.013569
   4000000      4.003007      0.012087
   4020000      4.001601      0.018347
   4040000      3.999935      0.027066
   4060000      4.000005      0.017280
   4080000      4.000996      0.027063
   4100000      4.001658      0.019774
   4120000      4.001226      0.020507
   4140000      4.000717      0.007229
   4160000      4.001194      0.017394
   4180000      4.000914      0.021069
   4200000      3.998839      0.031720
   4220000      4.000776      0.021080
   4240000      4.001126      0.015183
   4260000      4.002036      0.014162
   4280000      4.002024      0.029778
   4300000      4.000808      0.026626
   4320000      4.002181      0.022437
   4340000      4.000473      0.025424
   4360000      4.001048      0.024456
   4380000      4.001734      0.029740
   4400000      4.001602     -0.002649
   4420000      4.001281      0.024413
   4440000      4.001433      0.005057
   4460000      4.000713      0.004573
   4480000      4.001290      0.022306
   4500000      4.000882      0.025689
   4520000      4.001069      0.022375
   4540000      3.999580      0.017399
   4560000      4.002533      0.021798
   4580000      4.001490      0.026256
   4600000      4.000870      0.005414
   4620000      4.002081      0.029705
   4640000      4.002235      0.013598
   4660000      4.002329      0.023084
   4680000      4.002696      0.015765
   4700000      3.998578      0.008488
   4720000      4.000041      0.021696
   4740000      4.001127      0.023270
   4760000      4.000967      0.021027
   4780000      3.999387      0.000955
   4800000      4.000512      0.010627
   4820000      4.000014      0.028905
   4840000      4.000408      0.021004
   4860000      3.999245      0.027771
   4880000      4.000817      0.021183
   4900000      4.001658      0.022393
   4920000      3.998732      0.026882
   4940000      4.001227      0.023471
   4960000      4.002438      0.016495
   4980000      4.001609      0.019485
   5000000      4.000358      0.025604
   5020000      4.001015      0.018918
   5040000      4.003060      0.012989
   5060000      4.003290      0.014427
   5080000      4.001860      0.022637
   5100000      4.001232      0.025564
   5120000      4.001479      0.031534
   5140000      4.001464      0.011277
   5160000      4.000801      0.020862
   5180000      4.003076      0.004627
   5200000      4.000376      0.008329
   5220000      4.000463      0.024765
   5240000      4.001157      0.013521
   5260000      4.001023      0.014992
   5280000      4.001844      0.010942
   5300000      4.002454      0.015963
   5320000      4.003664      0.002880
   5340000      4.003907      0.012552
   5360000      4.003130      0.012400
   5380000      4.003455      0.012689
   5400000      4.000259      0.023411
   5420000      4.001305      0.022639
   5440000      4.000228      0.018505
   5460000      4.001120      0.011077
   5480000      4.001909      0.000483
   5500000      4.000311      0.025229
   5520000      4.005065      0.013952
   5540000      4.004038      0.013041
   5560000      4.001593      0.014197
   5580000      4.002151      0.018532
   5600000      4.001755      0.026092
   5620000      3.999770      0.027221
   5640000      4.000251      0.024147
   5660000      3.999754      0.015478
   5680000      4.001710      0.012774
   5700000      4.002726      0.019610
   5720000      4.000768      0.015295
   5740000      4.000144      0.033944
   5760000      4.002659      0.023193
   5780000      4.001671      0.012078
   5800000      4.000912      0.016983
   5820000      4.001575      0.019506
   5840000      4.000305      0.021124
   5860000      4.000854      0.015273
   5880000      4.003043      0.018962
   5900000      4.000639      0.031365
   5920000      4.002365      0.018993
   5940000      4.003130      0.011481
   5960000      4.000642      0.019492
   5980000      4.002455      0.015848
   6000000      4.002436      0.023759
