         0      4.000000      0.000000
     20000      4.055323      0.053059
     40000      4.137595      0.014829
     60000      4.212466      0.046168
     80000      4.296149     -0.006935
    100000      4.348717      0.023571
    120000      4.417899      0.051218
    140000      4.472582      0.162569
    160000      4.521821      0.201730
    180000      4.595871      0.195118
    200000      4.681378      0.180511
    220000      4.720184      0.293742
    240000      4.727018      0.413165
    260000      4.735915      0.510661
    280000      4.788133      0.540657
    300000      4.841753      0.592203
    320000      4.858797      0.652326
    340000      4.939788      0.678898
    360000      4.947477      0.751789
    380000      5.005938      0.796375
    400000      5.060093      0.827582
    420000      5.151839      0.777209
    440000      5.069811      0.976474
    460000      5.106828      1.033262
    480000      5.119672      1.111401
    500000      5.157588      1.173229
    520000      5.169034      1.259942
    540000      5.177984      1.316049
    560000      5.041245      1.388502
    580000      5.114153      1.471611
    600000      5.063984      1.559686
    620000      5.123086      1.646046
    640000      5.002979      1.705182
    660000      4.977084      1.755416
    680000      5.090397      1.834518
    700000      4.990192      1.899263
    720000      4.938555      1.947338
    740000      4.904996      2.003675
    760000      5.025265      2.095594
    780000      5.085207      2.173047
    800000      5.171247      2.224982
    820000      5.359293      2.206183
    840000      5.354393      2.302974
    860000      5.325980      2.383993
    880000      5.314353      2.473451
    900000      5.339427      2.542202
    920000      5.429729      2.577981
    940000      5.453904      2.649647
    960000      5.447946      2.730131
    980000      5.435368      2.811444
   1000000      5.411195      2.868816
   1020000      5.352640      2.944409
   1040000      5.470935      3.017673
   1060000      5.509350      3.058930
   1080000      5.409782      3.142405
   1100000      5.306258      3.207782
   1120000      5.290400      3.269609
   1140000      5.316882      3.353471
   1160000      5.398926      3.390448
   1180000      5.383788      3.470882
   1200000      5.386872      3.537626
   1220000      5.389374      3.611412
   1240000      5.341329      3.688419
   1260000      5.417523      3.743824
   1280000      5.419673      3.808832
   1300000      5.425674      3.870361
   1320000      5.465414      3.901297
   1340000      5.483158      3.983399
   1360000      5.527430      4.012613
   1380000      5.625723      4.010282
   1400000      5.713280      4.016228
   1420000      5.514649      4.260975
   1440000      5.552980      4.324232
   1460000      5.625933      4.363392
   1480000      5.602981      4.436843
   1500000      5.608271      4.531801
   1520000      5.725618      4.576246
   1540000      5.681014      4.650935
   1560000      5.762159      4.716635
   1580000      5.818596      4.775484
   1600000      5.917837      4.803674
   1620000      5.948344      4.866440
   1640000      6.014898      4.908354
   1660000      6.084193      4.935202
   1680000      6.001890      5.089181
   1700000      6.086910      5.141470
   1720000      6.165903      5.178508
   1740000      6.161242      5.250315
   1760000      6.206653      5.268248
   1780000      6.171625      5.369629
   1800000      6.307728      5.359010
   1820000      6.303204      5.459489
   1840000      6.272114      5.527116
   1860000      6.315413      5.592007
   1880000      6.450907      5.583949
   1900000      6.547288      5.582472
   1920000      6.573419      5.647413
   1940000      6.607288      5.678526
   1960000      6.616985      5.786925
   1980000      6.756984      5.729648
   2000000      6.750153      5.859586
   2020000      6.890637      5.756838
   2040000      6.965420      5.759237
   2060000      7.050608      5.697438
   2080000      7.142541      5.631703
   2100000      7.194371      5.598354
   2120000      7.253055      5.592932
   2140000      7.329797      5.621319
   2160000      7.401538      5.661515
   2180000      7.456768      5.570357
   2200000      7.502613      5.524623
   2220000      7.598323      5.628488
   2240000      7.671154      5.644995
   2260000      7.747402      5.605744
   2280000      7.809480      5.698041
   2300000      7.865921      5.570439
   2320000      7.927964      5.604450
   2340000      7.992424      5.492901
   2360000      8.049921      5.478341
   2380000      8.142137      5.554173
   2400000      8.206910      5.582806
   2420000      8.261336      5.625520
   2440000      8.312248      5.422494
   2460000      8.398765      5.395338
   2480000      8.469883      5.337081
   2500000      8.573026      5.430435
   2520000      8.636052      5.387564
   2540000      8.710930      5.408482
   2560000      8.750480      5.308531
   2580000      8.819176      5.358304
   2600000      8.819473      5.137760
   2620000      8.896777      5.086544
   2640000      8.912910      5.030618
   2660000      9.032066      5.074613
   2680000      9.115478      5.096268
   2700000      9.162706      4.987715
   2720000      9.267435      5.017075
   2740000      9.327130      5.017011
   2760000      9.389463      5.032545
   2780000      9.436715      4.997680
   2800000      9.543274      5.120909
   2820000      9.588668      4.992153
   2840000      9.674827      4.967030
   2860000      9.767768      5.016180
   2880000      9.829711      5.021602
   2900000      9.891639      5.038394
   2920000      9.938680      4.903573
   2940000     10.005452      4.921692
   2960000     10.078315      4.940248
   2980000     10.147356      4.897710
   3000000     10.200136      4.894265
   3020000     10.268439      4.915459
   3040000     10.324770      4.930626
   3060000     10.360837      4.847919
   3080000     10.414897      4.777160
   3100000     10.527213      4.943792
   3120000     10.568530      4.988302
   3140000     10.671448      4.895814
   3160000     10.728681      4.890828
   3180000     10.792067      4.869008
   3200000     10.884742      4.854969
   3220000     10.957704      4.910507
   3240000     11.029230      4.888966
   3260000     11.099016      4.856535
   3280000     11.161851      4.848524
   3300000     11.237974      4.833484
   3320000     11.319694      4.885103
   3340000     11.383166      4.893758
   3360000     11.452085      4.897016
   3380000     11.521592      4.830130
   3400000     11.586484      4.794647
   3420000     11.649292      4.776633
   3440000     11.725881      4.815039
   3460000     11.790532      4.847709
   3480000     11.862650      4.842974
   3500000     11.914984      4.889790
   3520000     11.996564      4.829311
   3540000     12.063448      4.756951
   3560000     12.114566      4.728044
   3580000     12.159383      4.674021
   3600000     12.259932      4.688862
   3620000     12.338656      4.709175
   3640000     12.389729      4.656226
   3660000     12.435176      4.596594
   3680000     12.542009      4.723304
   3700000     12.607020      4.663101
   3720000     12.663034      4.596757
   3740000     12.726675      4.532935
   3760000     12.772167      4.510013
   3780000     12.813708      4.402892
   3800000     12.880746      4.413349
   3820000     12.936173      4.368083
   3840000     12.984135      4.288489
   3860000     13.023596      4.217074
   3880000     13.056401      4.158216
   3900000     13.089136      4.084279
   3920000     13.202698      4.141118
   3940000     13.270334      4.141768
   3960000     13.325094      4.049492
   3980000     13.398359      4.046543
   4000000     13.413655      3.953816
   4020000     13.468083      3.958238
   4040000     13.552404      3.955607
   4060000     13.632694      3.937370
   4080000     13.700147      3.962258
   4100000     13.778857      3.921494
   4120000     13.760824      3.732830
   4140000     13.764569      3.654268
   4160000     13.849399      3.627104
   4180000     13.878053      3.585099
   4200000     13.908472      3.522744
   4220000     13.972271      3.477669
   4240000     14.026874      3.427073
   4260000     14.039746      3.360647
   4280000     14.118914      3.339158
   4300000     14.129117      3.250430
   4320000     14.183190      3.196085
   4340000     14.185707      3.092319
   4360000     14.205907      3.011952
   4380000     14.256848      2.977080
   4400000     14.296653      2.917277
   4420000     14.209432      2.808750
   4440000     14.202261      2.740865
   4460000     14.267694      2.674986
   4480000     14.247998      2.597496
   4500000     14.236947      2.530351
   4520000     14.163042      2.468565
   4540000     14.378181      2.411627
   4560000     14.371345      2.340807
   4580000     14.257455      2.241375
   4600000     14.099717      2.212085
   4620000     14.083320      2.155365
   4640000     14.060553      2.085561
   4660000     14.035274      2.036393
   4680000     14.079433      1.954728
   4700000     14.112444      1.879514
   4720000     14.016374      1.817733
   4740000     14.067206      1.713634
   4760000     14.038459      1.635151
   4780000     13.985152      1.565670
   4800000     13.957054      1.497774
   4820000     13.962060      1.431022
   4840000     13.938760      1.362137
   4860000     14.007122      1.302708
   4880000     13.954104      1.224439
   4900000     13.940792      1.157077
   4920000     13.916404      1.098407
   4940000     13.846783      1.060953
   4960000     13.867734      0.979044
   4980000     13.910344      0.913852
   5000000     13.877846      0.849264
   5020000     13.897836      0.776072
   5040000     13.851274      0.722439
   5060000     13.943178      0.629507
   5080000     13.844637      0.564046
   5100000     13.936482      0.462252
   5120000     13.880977      0.440578
   5140000     13.884708      0.364342
   5160000     13.844958      0.300015
   5180000     13.843940      0.243592
   5200000     13.807907      0.204992
   5220000     13.993564      0.092069
   5240000     13.837885      0.060121
   5260000     13.815270     -0.003964
   5280000     13.827706     -0.080035
   5300000     13.807194     -0.130606
   5320000     13.788136     -0.234070
   5340000     13.724282     -0.271963
   5360000     13.722507     -0.352647
   5380000     13.705329     -0.434797
   5400000     13.698359     -0.507495
   5420000     13.712094     -0.564306
   5440000     13.758994     -0.628857
   5460000     13.771690     -0.703134
   5480000     13.680071     -0.762508
   5500000     13.713725     -0.831572
   5520000     13.645304     -0.893608
   5540000     13.749903     -0.956992
   5560000     13.896502     -0.971131
   5580000     13.925778     -1.034039
   5600000     13.913453     -1.123768
   5620000     13.753967     -1.214015
   5640000     13.700802     -1.265027
   5660000     13.774527     -1.345951
   5680000     13.794739     -1.422941
   5700000     13.789562     -1.495276
   5720000     13.816323     -1.569036
   5740000     13.826471     -1.632527
   5760000     13.749538     -1.680718
   5780000     13.727355     -1.729448
   5800000     13.722904     -1.795266
   5820000     13.818622     -1.893161
   5840000     13.863843     -1.944922
   5860000     13.766876     -2.031283
   5880000     13.754853     -2.104578
   5900000     13.710790     -2.158724
   5920000     13.664367     -2.208464
   5940000     13.525037     -2.200766
   5960000     13.504459     -2.275164
   5980000     13.469280     -2.316011
   6000000     13.345889     -2.294761
