         0      4.000000      0.000000
     20000      4.007939      0.000570
     40000      4.011154      0.002831
     60000      4.013190      0.012206
     80000      4.015360      0.003337
    100000      4.019127      0.008231
    120000      4.020278     -0.008330
    140000      4.019237     -0.000579
    160000      4.033039      0.016494
    180000      4.053136     -0.086249
    200000      4.064757     -0.104796
    220000      4.075350     -0.123808
    240000      4.086672     -0.138712
    260000      4.114337     -0.096599
    280000      4.122854     -0.124352
    300000      4.146513     -0.038147
    320000      4.040270     -0.338331
    340000      4.059862     -0.354483
    360000      4.128973     -0.279670
    380000      4.110867     -0.347022
    400000      4.120035     -0.356010
    420000      4.117716     -0.368175
    440000      4.110679     -0.383979
    460000      4.117480     -0.392424
    480000      4.128519     -0.406406
    500000      4.172392     -0.407127
    520000      4.207676     -0.409947
    540000      4.211865     -0.421867
    560000      4.209751     -0.448617
    580000      4.252229     -0.417802
    600000      4.286333     -0.403152
    620000      4.310066     -0.370238
    640000      4.331641     -0.358129
    660000      4.353991     -0.362502
    680000      4.355044     -0.395757
    700000      4.362170     -0.411125
    720000      4.389759     -0.409228
    740000      4.365797     -0.475897
    760000      4.407731     -0.437949
    780000      4.375102     -0.504344
    800000      4.426090     -0.469337
    820000      4.453370     -0.431688
    840000      4.460250     -0.447881
    860000      4.477378     -0.452385
    880000      4.518890     -0.356993
    900000      4.523343     -0.418004
    920000      4.542040     -0.425970
    940000      4.548050     -0.434648
    960000      4.570957     -0.445015
    980000      4.586369     -0.454419
   1000000      4.616395     -0.410979
   1020000      4.630636     -0.413181
   1040000      4.641598     -0.380683
   1060000      4.648452     -0.341689
   1080000      4.664303     -0.350913
   1100000      4.681743     -0.392700
   1120000      4.696187     -0.398031
   1140000      4.708961     -0.392116
   1160000      4.722997     -0.370590
   1180000      4.737019     -0.360196
   1200000      4.754473     -0.362305
   1220000      4.764230     -0.346319
   1240000      4.769023     -0.332983
   1260000      4.791823     -0.344833
   1280000      4.809410     -0.346010
   1300000      4.832912     -0.369525
   1320000      4.848201     -0.402277
   1340000      4.860529     -0.394508
   1360000      4.868820     -0.366129
   1380000      4.878581     -0.360479
   1400000      4.899537     -0.379013
   1420000      4.917937     -0.401075
   1440000      4.934399     -0.381030
   1460000      4.953492     -0.366351
   1480000      4.965381     -0.361530
   1500000      4.993926     -0.378316
   1520000      5.013776     -0.379385
   1540000      5.034143     -0.470015
   1560000      5.040929     -0.474869
   1580000      5.060384     -0.426359
   1600000      5.082341     -0.484401
   1620000      5.088822     -0.544210
   1640000      5.105080     -0.540135
   1660000      5.119159     -0.550272
   1680000      5.143686     -0.541282
   1700000      5.160912     -0.533841
   1720000      5.169964     -0.532870
   1740000      5.180140     -0.529891
   1760000      5.197259     -0.555103
   1780000      5.221460     -0.557218
   1800000      5.236975     -0.545189
   1820000      5.258363     -0.544695
   1840000      5.275697     -0.543075
   1860000      5.286005     -0.548573
   1880000      5.295806     -0.530242
   1900000      5.306663     -0.494627
   1920000      5.337658     -0.534290
   1940000      5.354249     -0.538355
   1960000      5.378289     -0.538389
   1980000      5.397708     -0.509311
   2000000      5.408487     -0.503505
   2020000      5.426556     -0.500157
   2040000      5.435882     -0.491408
   2060000      5.458693     -0.506150
   2080000      5.471401     -0.475492
   2100000      5.494609     -0.547397
   2120000      5.506111     -0.479356
   2140000      5.520761     -0.476350
   2160000      5.535619     -0.485755
   2180000      5.550408     -0.467586
   2200000      5.564361     -0.458617
   2220000      5.579927     -0.452075
   2240000      5.601244     -0.548268
   2260000      5.616324     -0.551831
   2280000      5.637337     -0.531505
   2300000      5.654391     -0.522834
   2320000      5.668793     -0.506622
   2340000      5.687102     -0.500846
   2360000      5.704132     -0.508187
   2380000      5.713120     -0.593122
   2400000      5.744750     -0.534466
   2420000      5.757001     -0.536932
   2440000      5.770734     -0.514260
   2460000      5.780355     -0.583966
   2480000      5.781731     -0.619727
   2500000      5.794854     -0.629599
   2520000      5.796951     -0.649834
   2540000      5.811447     -0.656675
   2560000      5.819351     -0.664876
   2580000      5.880150     -0.421379
   2600000      5.905611     -0.444061
   2620000      5.906972     -0.378158
   2640000      5.926546     -0.376511
   2660000      5.948943     -0.397905
   2680000      5.956612     -0.384311
   2700000      5.972390     -0.377173
   2720000      6.000123     -0.374463
   2740000      6.017585     -0.382888
   2760000      6.026991     -0.338772
   2780000      6.041884     -0.338409
   2800000      6.073670     -0.402095
   2820000      6.086006     -0.372273
   2840000      6.085289     -0.341151
   2860000      6.116173     -0.370518
   2880000      6.138393     -0.402388
   2900000      6.151421     -0.393324
   2920000      6.168416     -0.371939
   2940000      6.164049     -0.288022
   2960000      6.199276     -0.387356
   2980000      6.212385     -0.349730
   3000000      6.243173     -0.361558
   3020000      6.258176     -0.368395
   3040000      6.270654     -0.378994
   3060000      6.280892     -0.361911
   3080000      6.290669     -0.380521
   3100000      6.305396     -0.371243
   3120000      6.317567     -0.378943
   3140000      6.326477     -0.378941
   3160000      6.337900     -0.388120
   3180000      6.346536     -0.410318
   3200000      6.350398     -0.434182
   3220000      6.365610     -0.448115
   3240000      6.379179     -0.447879
   3260000      6.391069     -0.452501
   3280000      6.437802     -0.364378
   3300000      6.460504     -0.373827
   3320000      6.477172     -0.374857
   3340000      6.484543     -0.350381
   3360000      6.502424     -0.350800
   3380000      6.526477     -0.381204
   3400000      6.552993     -0.398702
   3420000      6.551613     -0.434137
   3440000      6.585514     -0.418862
   3460000      6.584117     -0.446564
   3480000      6.601967     -0.458898
   3500000      6.615753     -0.472585
   3520000      6.613906     -0.491901
   3540000      6.653186     -0.466343
   3560000      6.682110     -0.310806
   3580000      6.691602     -0.286293
   3600000      6.698938     -0.276958
   3620000      6.700148     -0.252547
   3640000      6.699487     -0.210622
   3660000      6.719734     -0.220485
   3680000      6.756398     -0.253151
   3700000      6.773559     -0.212087
   3720000      6.783411     -0.205716
   3740000      6.775916     -0.127095
   3760000      6.786344     -0.109919
   3780000      6.789142     -0.111643
   3800000      6.805410     -0.093976
   3820000      6.846321     -0.178075
   3840000      6.864891     -0.178045
   3860000      6.895686     -0.220210
   3880000      6.919240     -0.246302
   3900000      6.935912     -0.323940
   3920000      6.946011     -0.204145
   3940000      6.969063     -0.228484
   3960000      6.979864     -0.220772
   3980000      7.002648     -0.277683
   4000000      7.012303     -0.284731
   4020000      7.034806     -0.285496
   4040000      7.041781     -0.322784
   4060000      7.061235     -0.330475
   4080000      7.067510     -0.342772
   4100000      7.087461     -0.356939
   4120000      7.097931     -0.376874
   4140000      7.108582     -0.383527
   4160000      7.149396     -0.316540
   4180000      7.167958     -0.305501
   4200000      7.181878     -0.295168
   4220000      7.202527     -0.296894
   4240000      7.212973     -0.299211
   4260000      7.218292     -0.317619
   4280000      7.238841     -0.310924
   4300000      7.260059     -0.293741
   4320000      7.268678     -0.284800
   4340000      7.273602     -0.330599
   4360000      7.302901     -0.327411
   4380000      7.316084     -0.330792
   4400000      7.326407     -0.302701
   4420000      7.345617     -0.280315
   4440000      7.360364     -0.282775
   4460000      7.374129     -0.299205
   4480000      7.386325     -0.301263
   4500000      7.406549     -0.298691
   4520000      7.416307     -0.311190
   4540000      7.425975     -0.331767
   4560000      7.417474     -0.411297
   4580000      7.419456     -0.448436
   4600000      7.427850     -0.443892
   4620000      7.458265     -0.418297
   4640000      7.470112     -0.440062
   4660000      7.528186     -0.311064
   4680000      7.523585     -0.439427
   4700000      7.531669     -0.445316
   4720000      7.536655     -0.489597
   4740000      7.528945     -0.520091
   4760000      7.543423     -0.523613
   4780000      7.613422     -0.416628
   4800000      7.637416     -0.383364
   4820000      7.657068     -0.370533
   4840000      7.664018     -0.384130
   4860000      7.668905     -0.383758
   4880000      7.690223     -0.377638
   4900000      7.703140     -0.375390
   4920000      7.720288     -0.379086
   4940000      7.730564     -0.381003
   4960000      7.724610     -0.467780
   4980000      7.728985     -0.501135
   5000000      7.723458     -0.546268
   5020000      7.747288     -0.520942
   5040000      7.774788     -0.469766
   5060000      7.791413     -0.482598
   5080000      7.800915     -0.524801
   5100000      7.813606     -0.531595
   5120000      7.830963     -0.532228
   5140000      7.843765     -0.575825
   5160000      7.863116     -0.576846
   5180000      7.876812     -0.593456
   5200000      7.885068     -0.595153
   5220000      7.886268     -0.614387
   5240000      7.937472     -0.577839
   5260000      7.958219     -0.539998
   5280000      7.966718     -0.574242
   5300000      7.978265     -0.560525
   5320000      7.972514     -0.638449
   5340000      7.985819     -0.643177
   5360000      7.975725     -0.672381
   5380000      7.981407     -0.681751
   5400000      7.991536     -0.693006
   5420000      8.010737     -0.685787
   5440000      8.003364     -0.717992
   5460000      8.029589     -0.718001
   5480000      8.036569     -0.748056
   5500000      8.044302     -0.757773
   5520000      8.051848     -0.762283
   5540000      8.054915     -0.775039
   5560000      8.105925     -0.757013
   5580000      8.114029     -0.779108
   5600000      8.127800     -0.788067
   5620000      8.150902     -0.791033
   5640000      8.142287     -0.828615
   5660000      8.157145     -0.829060
   5680000      8.191541     -0.832206
   5700000      8.199263     -0.844068
   5720000      8.218436     -0.855740
   5740000      8.228243     -0.871706
   5760000      8.248143     -0.876921
   5780000      8.266845     -0.875164
   5800000      8.324728     -0.833638
   5820000      8.304734     -0.899101
   5840000      8.307099     -0.925859
   5860000      8.327601     -0.920405
   5880000      8.379715     -0.887799
   5900000      8.396220     -0.884605
   5920000      8.409256     -0.889770
   5940000      8.417670     -0.905524
   5960000      8.445643     -0.800188
   5980000      8.451416     -0.883770
   6000000      8.467300     -0.878238
   6020000      8.476137     -0.891852
   6040000      8.520053     -0.870202
   6060000      8.530824     -0.867488
   6080000      8.543711     -0.856420
   6100000      8.558491     -0.848283
   6120000      8.567938     -0.832636
   6140000      8.586581     -0.782616
   6160000      8.607326     -0.786088
   6180000      8.616880     -0.810941
   6200000      8.620814     -0.825810
   6220000      8.652950     -0.847899
   6240000      8.692244     -0.790703
   6260000      8.713746     -0.790440
   6280000      8.734757     -0.748996
   6300000      8.756156     -0.762472
   6320000      8.766919     -0.742522
   6340000      8.784823     -0.765235
   6360000      8.798018     -0.774923
   6380000      8.814881     -0.772002
   6400000      8.824589     -0.728364
   6420000      8.838566     -0.721361
   6440000      8.866255     -0.750611
   6460000      8.874041     -0.850785
   6480000      8.887712     -0.856039
   6500000      8.896176     -0.864287
   6520000      8.914542     -0.853622
   6540000      8.926073     -0.848035
   6560000      8.946700     -0.825217
   6580000      8.965327     -0.796151
   6600000      8.963068     -0.891678
   6620000      8.977040     -0.900725
   6640000      8.997644     -0.890354
   6660000      9.013139     -0.876160
   6680000      9.034521     -0.867100
   6700000      9.045311     -0.876709
   6720000      9.047145     -0.898151
   6740000      9.063738     -0.913756
   6760000      9.078907     -0.929318
   6780000      9.101573     -0.922664
   6800000      9.125346     -0.946605
   6820000      9.152703     -0.895071
   6840000      9.172264     -0.904118
   6860000      9.175130     -0.921233
   6880000      9.191713     -0.920957
   6900000      9.209014     -0.934507
   6920000      9.228347     -0.857879
   6940000      9.236001     -0.849506
   6960000      9.251419     -0.862270
   6980000      9.243574     -0.819194
   7000000      9.263242     -0.820309
   7020000      9.245297     -0.776603
   7040000      9.299925     -0.995664
   7060000      9.313220     -1.004473
   7080000      9.328744     -1.006536
   7100000      9.342214     -1.024786
   7120000      9.358514     -1.013218
   7140000      9.364718     -1.023806
   7160000      9.376578     -1.021228
   7180000      9.397710     -1.020816
   7200000      9.414651     -1.015723
   7220000      9.428209     -1.042280
   7240000      9.444040     -1.044220
   7260000      9.443245     -1.074682
   7280000      9.468374     -1.051027
   7300000      9.490056     -1.029466
   7320000      9.489090     -1.077275
   7340000      9.501083     -1.085281
   7360000      9.502441     -1.105066
   7380000      9.527526     -1.104371
   7400000      9.545643     -1.093633
   7420000      9.569523     -1.082471
   7440000      9.585699     -1.068541
   7460000      9.567508     -1.132397
   7480000      9.586014     -1.139993
   7500000      9.592661     -1.143671
   7520000      9.601303     -1.152877
   7540000      9.624978     -1.155615
   7560000      9.626675     -1.171903
   7580000      9.691333     -1.093489
   7600000      9.696572     -1.126518
   7620000      9.705547     -1.127725
   7640000      9.708746     -1.135982
   7660000      9.767648     -0.999455
   7680000      9.778777     -1.052561
   7700000      9.787275     -1.083394
   7720000      9.806727     -1.078338
   7740000      9.825084     -1.055901
   7760000      9.831090     -1.084693
   7780000      9.839830     -1.082284
   7800000      9.840491     -1.107540
   7820000      9.874048     -1.066921
   7840000      9.889603     -1.103713
   7860000      9.901786     -1.102804
   7880000      9.925223     -1.066504
   7900000      9.950171     -0.793472
   7920000      9.967141     -0.804987
   7940000      9.974089     -0.763979
   7960000      9.998433     -0.802520
   7980000     10.012154     -0.798117
   8000000     10.026327     -0.790350
   8020000     10.034654     -0.779731
   8040000     10.022333     -0.721782
   8060000     10.012284     -0.678204
   8080000     10.007378     -0.659082
   8100000     10.002291     -0.651542
   8120000     10.018633     -0.642061
   8140000     10.008600     -0.619765
   8160000     10.004887     -0.602806
   8180000     10.007538     -0.587470
   8200000     10.024211     -0.578408
   8220000     10.013521     -0.563647
   8240000     10.012621     -0.543196
   8260000     10.001924     -0.524007
   8280000      9.992151     -0.514310
   8300000      9.987546     -0.493862
   8320000      9.972942     -0.483981
   8340000      9.972583     -0.477305
   8360000      9.989662     -0.464535
   8380000     10.079868     -0.471515
   8400000     10.085425     -0.459255
   8420000     10.074606     -0.440998
   8440000     10.097171     -0.429706
   8460000     10.103806     -0.422854
   8480000     10.091273     -0.406754
   8500000     10.116232     -0.402571
   8520000     10.125303     -0.384844
   8540000     10.114945     -0.358366
   8560000     10.127433     -0.351060
   8580000     10.121361     -0.341811
   8600000     10.098915     -0.314161
   8620000     10.123401     -0.316349
   8640000     10.139148     -0.312638
   8660000     10.157708     -0.306319
   8680000     10.192229     -0.314750
   8700000     10.193378     -0.296328
   8720000     10.201708     -0.280326
   8740000     10.229075     -0.279251
   8760000     10.246499     -0.283249
   8780000     10.185052     -0.218755
   8800000     10.175084     -0.189518
   8820000     10.170452     -0.173744
   8840000     10.155992     -0.151836
   8860000     10.136551     -0.134956
   8880000     10.128161     -0.119364
   8900000     10.118249     -0.105707
   8920000     10.118921     -0.092162
   8940000     10.157003     -0.075868
   8960000     10.182245     -0.066860
   8980000     10.226219     -0.066832
   9000000     10.243067     -0.062758
   9020000     10.270420     -0.064214
   9040000     10.273262     -0.033929
   9060000     10.263412     -0.013003
   9080000     10.270166     -0.001007
   9100000     10.299305      0.005649
   9120000     10.278642      0.030917
   9140000     10.289783      0.043765
   9160000     10.257542      0.064877
   9180000     10.263175      0.088715
   9200000     10.069563      0.133131
   9220000     10.076039      0.154427
   9240000     10.073914      0.167777
   9260000     10.060488      0.174842
   9280000     10.058294      0.185345
   9300000     10.096684      0.208031
   9320000     10.093424      0.229811
   9340000     10.137441      0.241246
   9360000     10.054275      0.269130
   9380000     10.093135      0.283665
   9400000     10.111347      0.300878
   9420000     10.090774      0.320214
   9440000     10.080107      0.330698
   9460000     10.095525      0.348958
   9480000     10.096071      0.358718
   9500000     10.094874      0.382677
   9520000     10.114734      0.397351
   9540000     10.123334      0.411193
   9560000     10.198032      0.406257
   9580000     10.209423      0.418963
   9600000     10.195491      0.442277
   9620000     10.185565      0.458243
   9640000     10.187886      0.469696
   9660000     10.213754      0.481427
   9680000     10.201448      0.492021
   9700000     10.194870      0.514898
   9720000     10.195127      0.528756
   9740000     10.187318      0.539487
   9760000     10.182611      0.551747
   9780000     10.206963      0.564770
   9800000     10.149496      0.583435
   9820000     10.113834      0.593401
   9840000     10.109308      0.592385
   9860000     10.091962      0.602449
   9880000     10.100094      0.622302
   9900000     10.108409      0.640583
   9920000     10.229550      0.658105
   9940000     10.321149      0.630085
   9960000     10.220294      0.681146
   9980000     10.201192      0.693599
  10000000     10.274104      0.692435
