         0      4.000000      0.000000
     20000      4.016062     -0.012351
     40000      4.027412     -0.010913
     60000      4.037219     -0.008911
     80000      4.044959     -0.001401
    100000      4.056479      0.011139
    120000      4.068879      0.006057
    140000      4.073958      0.018991
    160000      4.084628      0.026497
    180000      4.099329      0.024387
    200000      4.107708      0.027409
    220000      4.115700      0.038196
    240000      4.129228      0.043556
    260000      4.140705      0.038910
    280000      4.151472      0.035338
    300000      4.163474      0.032941
    320000      4.182758      0.003077
    340000      4.195974      0.004019
    360000      4.204650      0.002238
    380000      4.217019     -0.008776
    400000      4.226910     -0.005370
    420000      4.234245      0.004262
    440000      4.248199     -0.000297
    460000      4.255406      0.001241
    480000      4.262932      0.005060
    500000      4.270110      0.004627
    520000      4.280889      0.024671
    540000      4.289655      0.005476
    560000      4.296239     -0.038769
    580000      4.309161     -0.070095
    600000      4.324629      0.029231
    620000      4.340003      0.011193
    640000      4.352064      0.032772
    660000      4.362052      0.038069
    680000      4.371074      0.038568
    700000      4.384994      0.039729
    720000      4.395283      0.027498
    740000      4.406275      0.052808
    760000      4.414649      0.046719
    780000      4.425670      0.041729
    800000      4.438836      0.047238
    820000      4.446239      0.062500
    840000      4.456046      0.062227
    860000      4.470744      0.045897
    880000      4.480206      0.040690
    900000      4.490154      0.018827
    920000      4.503382      0.014038
    940000      4.512983      0.018906
    960000      4.519153      0.003263
    980000      4.529000      0.009279
   1000000      4.541095      0.008566
   1020000      4.558221      0.037548
   1040000      4.572281      0.026601
   1060000      4.582776      0.009225
   1080000      4.594502      0.016513
   1100000      4.604712      0.021662
   1120000      4.619001      0.023358
   1140000      4.630412      0.034481
   1160000      4.636625      0.043934
   1180000      4.649829      0.054791
   1200000      4.659889      0.051914
   1220000      4.667756      0.047461
   1240000      4.680775      0.072579
   1260000      4.693525      0.065137
   1280000      4.703764      0.056626
   1300000      4.714815      0.045060
   1320000      4.726262      0.039772
   1340000      4.733527      0.036699
   1360000      4.745237      0.038259
   1380000      4.751619      0.029215
   1400000      4.763971      0.024696
   1420000      4.768223      0.023052
   1440000      4.779347      0.011532
   1460000      4.783579      0.006765
   1480000      4.787377      0.000083
   1500000      4.795297     -0.006700
   1520000      4.805867     -0.005999
   1540000      4.811726     -0.023138
   1560000      4.812816     -0.044800
   1580000      4.814697     -0.052184
   1600000      4.825113     -0.055233
   1620000      4.844949     -0.057889
   1640000      4.849849     -0.068791
   1660000      4.857869     -0.070234
   1680000      4.864677     -0.068586
   1700000      4.882619     -0.062538
   1720000      4.885369     -0.070971
   1740000      4.901027     -0.066868
   1760000      4.910040     -0.065155
   1780000      4.919457     -0.074895
   1800000      4.931765     -0.080475
   1820000      4.942206     -0.094419
   1840000      4.958392     -0.081855
   1860000      4.981108     -0.075374
   1880000      4.995081     -0.058628
   1900000      5.009463     -0.062218
   1920000      5.006201     -0.090531
   1940000      5.012067     -0.097854
   1960000      5.019643     -0.103118
   1980000      5.031747     -0.100531
   2000000      5.036072     -0.103897
   2020000      5.048322     -0.114425
   2040000      5.055593     -0.119423
   2060000      5.065702     -0.115839
   2080000      5.061869     -0.136488
   2100000      5.075339     -0.140069
   2120000      5.096169     -0.141156
   2140000      5.102135     -0.132640
   2160000      5.121518     -0.111518
   2180000      5.138122     -0.094362
   2200000      5.148799     -0.123912
   2220000      5.156614     -0.143812
   2240000      5.168176     -0.147013
   2260000      5.186189     -0.122933
   2280000      5.203492     -0.092217
   2300000      5.219201     -0.097646
   2320000      5.228639     -0.133053
   2340000      5.237894     -0.108421
   2360000      5.258363     -0.119859
   2380000      5.261889     -0.141587
   2400000      5.280168     -0.151988
   2420000      5.287408     -0.134403
   2440000      5.301282     -0.145991
   2460000      5.313643     -0.150293
   2480000      5.317940     -0.148011
   2500000      5.329615     -0.124507
   2520000      5.350391     -0.127419
   2540000      5.352317     -0.133608
   2560000      5.359991     -0.135558
   2580000      5.373908     -0.133386
   2600000      5.390350     -0.155174
   2620000      5.394396     -0.149111
   2640000      5.406381     -0.162902
   2660000      5.414112     -0.155420
   2680000      5.423562     -0.150711
   2700000      5.433005     -0.170533
   2720000      5.444188     -0.158949
   2740000      5.451394     -0.165862
   2760000      5.460729     -0.151877
   2780000      5.478404     -0.162818
   2800000      5.487365     -0.160730
   2820000      5.495687     -0.197912
   2840000      5.504645     -0.212615
   2860000      5.506734     -0.221566
   2880000      5.509962     -0.238907
   2900000      5.515396     -0.249270
   2920000      5.520171     -0.261512
   2940000      5.534745     -0.258405
   2960000      5.548167     -0.253465
   2980000      5.556077     -0.252756
   3000000      5.579173     -0.240359
   3020000      5.597379     -0.237018
   3040000      5.603723     -0.242728
   3060000      5.621750     -0.231612
   3080000      5.632365     -0.230579
   3100000      5.640720     -0.247356
   3120000      5.642016     -0.264138
   3140000      5.646109     -0.286075
   3160000      5.666060     -0.269835
   3180000      5.686987     -0.257697
   3200000      5.694614     -0.269328
   3220000      5.698493     -0.279923
   3240000      5.707625     -0.293961
   3260000      5.715631     -0.300303
   3280000      5.726797     -0.309964
   3300000      5.751208     -0.286904
   3320000      5.759138     -0.297660
   3340000      5.771097     -0.303037
   3360000      5.774335     -0.319816
   3380000      5.788697     -0.316245
   3400000      5.794002     -0.330470
   3420000      5.805832     -0.333349
   3440000      5.815119     -0.340001
   3460000      5.830447     -0.335268
   3480000      5.843754     -0.332569
   3500000      5.857127     -0.336930
   3520000      5.869704     -0.338993
   3540000      5.875480     -0.349090
   3560000      5.875368     -0.378788
   3580000      5.889143     -0.371537
   3600000      5.882660     -0.409842
   3620000      5.893524     -0.413308
   3640000      5.894132     -0.420534
   3660000      5.899840     -0.441317
   3680000      5.908928     -0.455385
   3700000      5.908758     -0.468238
   3720000      5.925807     -0.465628
   3740000      5.941624     -0.458983
   3760000      5.960226     -0.441070
   3780000      5.975339     -0.436163
   3800000      5.981990     -0.437216
   3820000      6.001791     -0.416488
   3840000      6.021069     -0.413031
   3860000      6.025494     -0.434464
   3880000      6.045943     -0.414859
   3900000      6.061832     -0.413351
   3920000      6.056861     -0.448991
   3940000      6.057871     -0.467751
   3960000      6.064492     -0.475894
   3980000      6.077805     -0.467016
   4000000      6.090067     -0.464206
   4020000      6.063769     -0.522924
   4040000      6.077299     -0.535793
   4060000      6.068845     -0.557492
   4080000      6.081139     -0.571224
   4100000      6.089665     -0.579230
   4120000      6.120999     -0.561685
   4140000      6.130243     -0.566775
   4160000      6.132697     -0.577596
   4180000      6.146249     -0.581442
   4200000      6.160109     -0.587644
   4220000      6.163876     -0.596736
   4240000      6.183805     -0.579791
   4260000      6.200710     -0.577337
   4280000      6.211357     -0.576967
   4300000      6.221924     -0.588123
   4320000      6.224360     -0.607830
   4340000      6.235823     -0.614903
   4360000      6.242475     -0.620400
   4380000      6.264060     -0.598701
   4400000      6.263368     -0.615184
   4420000      6.275724     -0.603904
   4440000      6.302755     -0.569164
   4460000      6.312522     -0.572769
   4480000      6.315850     -0.585242
   4500000      6.332611     -0.581199
   4520000      6.349777     -0.594174
   4540000      6.363219     -0.570624
   4560000      6.379097     -0.580963
   4580000      6.385158     -0.597020
   4600000      6.402174     -0.591146
   4620000      6.412768     -0.612200
   4640000      6.424254     -0.617406
   4660000      6.428626     -0.621214
   4680000      6.436604     -0.618832
   4700000      6.444721     -0.624811
   4720000      6.459866     -0.624882
   4740000      6.460966     -0.630573
   4760000      6.465107     -0.629199
   4780000      6.486733     -0.599061
   4800000      6.500806     -0.592064
   4820000      6.512881     -0.609480
   4840000      6.520852     -0.609704
   4860000      6.529832     -0.619998
   4880000      6.533734     -0.624285
   4900000      6.543718     -0.628878
   4920000      6.557582     -0.621245
   4940000      6.580245     -0.592340
   4960000      6.592255     -0.563531
   4980000      6.612264     -0.567113
   5000000      6.618271     -0.572976
   5020000      6.634060     -0.573748
   5040000      6.643263     -0.572774
   5060000      6.656418     -0.583264
   5080000      6.675870     -0.584486
   5100000      6.684136     -0.584833
   5120000      6.698712     -0.587116
   5140000      6.711545     -0.585002
   5160000      6.718548     -0.581199
   5180000      6.722014     -0.577807
   5200000      6.734658     -0.581470
   5220000      6.744465     -0.584048
   5240000      6.754040     -0.573976
   5260000      6.769098     -0.569904
   5280000      6.785159     -0.564613
   5300000      6.798401     -0.571904
   5320000      6.806735     -0.570048
   5340000      6.814847     -0.571142
   5360000      6.821304     -0.564752
   5380000      6.838999     -0.568714
   5400000      6.848269     -0.549896
   5420000      6.856603     -0.570415
   5440000      6.866514     -0.556357
   5460000      6.882469     -0.551691
   5480000      6.890294     -0.561228
   5500000      6.899173     -0.585244
   5520000      6.909919     -0.582997
   5540000      6.916758     -0.564084
   5560000      6.922302     -0.560802
   5580000      6.937420     -0.553313
   5600000      6.943267     -0.547294
   5620000      6.962105     -0.533796
   5640000      6.974683     -0.527945
   5660000      6.989482     -0.519560
   5680000      6.999966     -0.521629
   5700000      7.012968     -0.511158
   5720000      7.023354     -0.517896
   5740000      7.027010     -0.488602
   5760000      7.040056     -0.479694
   5780000      7.069304     -0.489547
   5800000      7.080516     -0.521738
   5820000      7.092033     -0.498545
   5840000      7.097984     -0.482184
   5860000      7.107661     -0.480578
   5880000      7.110573     -0.459671
   5900000      7.122029     -0.441324
   5920000      7.128773     -0.430671
   5940000      7.140105     -0.428553
   5960000      7.150348     -0.430145
   5980000      7.155779     -0.427996
   6000000      7.171796     -0.432462
   6020000      7.177448     -0.434700
   6040000      7.196632     -0.425527
   6060000      7.202395     -0.417761
   6080000      7.207230     -0.413409
   6100000      7.216106     -0.401326
   6120000      7.226858     -0.398937
   6140000      7.235443     -0.397060
   6160000      7.242848     -0.389605
   6180000      7.250861     -0.379617
   6200000      7.262447     -0.380578
   6220000      7.277327     -0.389038
   6240000      7.286475     -0.367183
   6260000      7.292170     -0.351238
   6280000      7.302158     -0.340102
   6300000      7.307961     -0.337214
   6320000      7.319733     -0.344769
   6340000      7.334736     -0.354098
   6360000      7.342420     -0.339213
   6380000      7.363249     -0.356024
   6400000      7.366267     -0.330759
   6420000      7.376348     -0.328801
   6440000      7.395787     -0.337102
   6460000      7.383103     -0.289291
   6480000      7.405259     -0.304031
   6500000      7.412921     -0.293151
   6520000      7.428444     -0.291091
   6540000      7.442791     -0.286719
   6560000      7.453907     -0.289204
   6580000      7.461677     -0.269789
   6600000      7.472838     -0.258477
   6620000      7.484781     -0.260343
   6640000      7.499079     -0.260245
   6660000      7.505895     -0.249326
   6680000      7.518340     -0.247630
   6700000      7.527321     -0.249941
   6720000      7.534514     -0.236147
   6740000      7.546608     -0.235832
   6760000      7.557425     -0.231681
   6780000      7.567341     -0.237719
   6800000      7.578639     -0.238059
   6820000      7.589720     -0.243135
   6840000      7.596281     -0.238817
   6860000      7.608938     -0.231416
   6880000      7.622762     -0.227517
   6900000      7.635946     -0.244160
   6920000      7.647725     -0.226317
   6940000      7.640602     -0.175006
   6960000      7.659072     -0.188081
   6980000      7.663565     -0.177236
   7000000      7.667355     -0.159897
   7020000      7.678239     -0.155791
   7040000      7.679029     -0.136191
   7060000      7.686445     -0.123834
   7080000      7.699356     -0.126368
   7100000      7.706900     -0.121807
   7120000      7.710003     -0.112900
   7140000      7.723205     -0.114067
   7160000      7.733225     -0.108835
   7180000      7.774419     -0.161817
   7200000      7.783425     -0.151945
   7220000      7.794470     -0.155322
   7240000      7.797372     -0.144733
   7260000      7.805861     -0.142719
   7280000      7.810778     -0.131135
   7300000      7.822153     -0.137069
   7320000      7.828258     -0.132484
   7340000      7.841824     -0.124413
   7360000      7.857955     -0.116457
   7380000      7.860393     -0.101186
   7400000      7.875535     -0.126117
   7420000      7.886708     -0.132585
   7440000      7.903524     -0.130044
   7460000      7.908010     -0.134762
   7480000      7.917116     -0.125843
   7500000      7.925836     -0.128221
   7520000      7.934520     -0.134881
   7540000      7.945949     -0.121550
   7560000      7.955521     -0.126856
   7580000      7.968578     -0.128513
   7600000      7.978392     -0.117394
   7620000      7.982629     -0.119297
   7640000      7.998502     -0.125665
   7660000      8.017032     -0.123370
   7680000      8.027756     -0.109764
   7700000      8.037592     -0.105665
   7720000      8.045365     -0.099948
   7740000      8.050220     -0.086010
   7760000      8.063751     -0.081299
   7780000      8.073760     -0.089882
   7800000      8.086044     -0.115769
   7820000      8.095012     -0.101564
   7840000      8.104180     -0.111405
   7860000      8.112800     -0.090576
   7880000      8.121347     -0.090590
   7900000      8.129141     -0.076206
   7920000      8.137730     -0.071113
   7940000      8.145508     -0.065464
   7960000      8.149855     -0.062343
   7980000      8.165220     -0.067367
   8000000      8.173291     -0.056431
   8020000      8.185032     -0.061533
   8040000      8.196918     -0.068960
   8060000      8.209120     -0.061405
   8080000      8.213060     -0.047786
   8100000      8.224514     -0.052746
   8120000      8.237632     -0.051508
   8140000      8.246715     -0.044012
   8160000      8.256108     -0.036177
   8180000      8.267528     -0.042032
   8200000      8.271519     -0.026690
   8220000      8.278183     -0.023860
   8240000      8.289521     -0.008229
   8260000      8.297624     -0.006446
   8280000      8.319990     -0.025284
   8300000      8.323975      0.006152
   8320000      8.330935      0.005937
   8340000      8.328875      0.028896
   8360000      8.347364      0.030345
   8380000      8.355029      0.032994
   8400000      8.363587      0.034429
   8420000      8.372761      0.031149
   8440000      8.392546      0.021819
   8460000      8.407045      0.015225
   8480000      8.413851      0.025539
   8500000      8.415699      0.029450
   8520000      8.424811      0.027979
   8540000      8.439886      0.025976
   8560000      8.447669      0.020119
   8580000      8.469943     -0.013320
   8600000      8.482030     -0.015776
   8620000      8.484786     -0.011146
   8640000      8.500525     -0.008364
   8660000      8.512625     -0.022980
   8680000      8.518754     -0.027686
   8700000      8.530174     -0.034184
   8720000      8.535103     -0.050249
   8740000      8.553006     -0.047463
   8760000      8.559600     -0.053555
   8780000      8.573470     -0.046553
   8800000      8.579508     -0.061256
   8820000      8.590272     -0.064844
   8840000      8.603488     -0.064931
   8860000      8.602761     -0.069573
   8880000      8.622322     -0.085518
   8900000      8.635250     -0.095108
   8920000      8.649150     -0.084473
   8940000      8.658728     -0.089258
   8960000      8.662037     -0.093847
   8980000      8.681726     -0.096234
   9000000      8.696776     -0.086315
   9020000      8.708472     -0.091669
   9040000      8.721580     -0.093145
   9060000      8.734167     -0.106201
   9080000      8.744170     -0.088882
   9100000      8.747084     -0.106300
   9120000      8.741753     -0.133607
   9140000      8.770998     -0.098562
   9160000      8.785109     -0.105722
   9180000      8.786752     -0.118257
   9200000      8.813600     -0.102137
   9220000      8.816283     -0.122892
   9240000      8.824464     -0.124121
   9260000      8.832847     -0.124846
   9280000      8.853213     -0.123090
   9300000      8.855496     -0.128939
   9320000      8.868165     -0.118366
   9340000      8.877718     -0.129017
   9360000      8.884878     -0.129705
   9380000      8.894532     -0.137502
   9400000      8.906579     -0.138825
   9420000      8.911193     -0.165931
   9440000      8.916672     -0.167034
   9460000      8.924835     -0.173228
   9480000      8.913500     -0.211346
   9500000      8.928138     -0.224435
   9520000      8.944627     -0.234240
   9540000      8.964041     -0.224860
   9560000      8.956285     -0.268158
   9580000      8.975801     -0.267051
   9600000      8.977411     -0.274706
   9620000      8.986590     -0.266187
   9640000      8.996440     -0.280681
   9660000      8.988630     -0.301597
   9680000      8.977433     -0.323568
   9700000      8.990722     -0.330013
   9720000      8.986108     -0.343301
   9740000      9.008303     -0.333900
   9760000      9.013098     -0.343875
   9780000      9.014211     -0.349795
   9800000      9.026063     -0.353047
   9820000      9.034294     -0.359366
   9840000      9.043328     -0.373381
   9860000      9.033967     -0.397271
   9880000      9.052211     -0.398907
   9900000      9.068651     -0.396825
   9920000      9.076231     -0.409178
   9940000      9.065363     -0.434787
   9960000      9.093451     -0.432334
   9980000      9.104592     -0.438859
  10000000      9.090375     -0.459690
