         0      4.000000      0.000000
     20000      4.005973     -0.018795
     40000      4.013979     -0.024776
     60000      4.016999     -0.003577
     80000      4.020982     -0.010965
    100000      4.027274      0.019210
    120000      4.038760      0.021344
    140000      4.046149      0.052565
    160000      4.059268      0.058012
    180000      4.063377      0.064576
    200000      4.074729      0.070672
    220000      4.079747      0.088389
    240000      4.088904      0.089477
    260000      4.097324      0.092745
    280000      4.149439     -0.076103
    300000      4.162867     -0.127941
    320000      4.169170     -0.157634
    340000      4.188851     -0.147743
    360000      4.205551     -0.135830
    380000      4.230149     -0.107825
    400000      4.244042     -0.093265
    420000      4.252993     -0.115676
    440000      4.267714     -0.115865
    460000      4.278998     -0.111287
    480000      4.304912     -0.067612
    500000      4.319964     -0.101731
    520000      4.336810     -0.085124
    540000      4.355783     -0.070814
    560000      4.367539     -0.068891
    580000      4.378854     -0.073031
    600000      4.396851     -0.063656
    620000      4.413904     -0.082866
    640000      4.434029     -0.108641
    660000      4.446113     -0.153357
    680000      4.459959     -0.154306
    700000      4.470868     -0.160501
    720000      4.492166     -0.144092
    740000      4.507576     -0.131753
    760000      4.513287     -0.168585
    780000      4.528835     -0.176711
    800000      4.532634     -0.185823
    820000      4.561353     -0.151637
    840000      4.565930     -0.197168
    860000      4.580343     -0.204377
    880000      4.604792     -0.185877
    900000      4.628543     -0.180963
    920000      4.619360     -0.245074
    940000      4.630214     -0.249461
    960000      4.627391     -0.285681
    980000      4.634453     -0.303881
   1000000      4.600215     -0.345790
   1020000      4.636304     -0.343949
   1040000      4.653781     -0.342818
   1060000      4.634448     -0.371100
   1080000      4.665098     -0.374724
   1100000      4.666389     -0.390240
   1120000      4.644209     -0.432097
   1140000      4.666669     -0.437263
   1160000      4.674903     -0.443819
   1180000      4.671768     -0.465712
   1200000      4.667109     -0.480361
   1220000      4.666724     -0.488206
   1240000      4.688644     -0.489512
   1260000      4.726378     -0.480171
   1280000      4.687891     -0.535974
   1300000      4.664638     -0.557378
   1320000      4.677407     -0.568324
   1340000      4.682999     -0.585140
   1360000      4.735440     -0.577923
   1380000      4.738297     -0.594637
   1400000      4.746594     -0.611961
   1420000      4.725848     -0.633045
   1440000      4.839659     -0.610206
   1460000      4.861568     -0.625925
   1480000      4.858592     -0.635653
   1500000      4.857471     -0.657372
   1520000      4.913849     -0.629129
   1540000      4.927864     -0.636128
   1560000      4.887133     -0.674794
   1580000      4.887010     -0.685023
   1600000      4.871923     -0.712044
   1620000      4.894723     -0.722325
   1640000      4.902270     -0.726153
   1660000      4.895502     -0.745698
   1680000      4.914914     -0.749688
   1700000      4.939161     -0.753825
   1720000      4.944676     -0.766572
   1740000      4.928129     -0.790366
   1760000      4.911524     -0.805479
   1780000      4.892774     -0.825738
   1800000      4.868718     -0.843030
   1820000      4.882590     -0.861316
   1840000      4.852815     -0.888713
   1860000      4.867667     -0.896010
   1880000      4.869021     -0.917659
   1900000      4.894361     -0.917303
   1920000      4.908804     -0.928562
   1940000      4.908023     -0.951098
   1960000      4.923616     -0.960474
   1980000      5.230773     -0.765117
   2000000      5.227420     -0.786576
   2020000      5.164021     -0.873872
   2040000      5.172619     -0.879303
   2060000      5.254503     -0.820515
   2080000      5.296602     -0.801682
   2100000      5.309074     -0.805522
   2120000      5.348361     -0.764627
   2140000      5.369660     -0.753457
   2160000      5.352482     -0.833567
   2180000      5.358151     -0.847355
   2200000      5.360304     -0.861754
   2220000      5.363544     -0.878314
   2240000      5.405723     -0.855625
   2260000      5.421115     -0.853093
   2280000      5.430638     -0.871294
   2300000      5.430725     -0.897235
   2320000      5.438478     -0.909975
   2340000      5.476204     -0.873741
   2360000      5.498289     -0.883143
   2380000      5.509109     -0.885001
   2400000      5.531555     -0.882610
   2420000      5.495212     -0.963288
   2440000      5.542011     -0.949655
   2460000      5.527402     -1.001159
   2480000      5.507628     -1.060100
   2500000      5.519223     -1.070127
   2520000      5.525836     -1.079599
   2540000      5.703403     -0.818968
   2560000      5.637173     -1.002338
   2580000      5.675115     -0.952812
   2600000      5.669816     -1.015655
   2620000      5.679743     -1.027412
   2640000      5.690232     -1.040205
   2660000      5.703389     -1.028544
   2680000      5.722627     -1.033503
   2700000      5.736706     -1.054318
   2720000      5.757966     -1.063980
   2740000      5.746819     -1.096685
   2760000      5.757213     -1.100323
   2780000      5.755319     -1.131830
   2800000      5.752302     -1.163783
   2820000      5.785311     -1.139439
   2840000      5.776012     -1.195385
   2860000      5.839243     -1.117317
   2880000      5.844585     -1.134480
   2900000      5.850076     -1.172762
   2920000      5.857502     -1.179993
   2940000      5.880007     -1.174659
   2960000      5.894030     -1.173855
   2980000      5.955916     -1.105687
   3000000      5.961854     -1.130014
   3020000      5.995113     -1.079767
   3040000      5.949126     -1.201823
   3060000      5.957827     -1.215107
   3080000      5.978812     -1.198125
   3100000      6.001793     -1.178452
   3120000      6.023309     -1.167443
   3140000      5.983143     -1.262105
   3160000      6.046836     -1.233141
   3180000      6.068471     -1.222692
   3200000      6.073935     -1.239580
   3220000      6.084015     -1.255501
   3240000      6.097036     -1.258574
   3260000      6.118069     -1.248462
   3280000      6.128781     -1.243483
   3300000      6.154717     -1.244221
   3320000      6.108972     -1.376967
   3340000      6.127435     -1.378891
   3360000      6.134778     -1.399145
   3380000      6.134686     -1.427655
   3400000      6.154125     -1.428432
   3420000      6.159966     -1.444974
   3440000      6.122000     -1.503693
   3460000      6.142363     -1.505595
   3480000      6.146256     -1.517659
   3500000      6.164445     -1.531809
   3520000      6.185362     -1.535673
   3540000      6.208391     -1.542672
   3560000      6.211694     -1.560543
   3580000      6.190134     -1.588651
   3600000      6.176741     -1.622805
   3620000      6.183167     -1.635294
   3640000      6.174369     -1.660401
   3660000      6.199860     -1.667697
   3680000      6.201776     -1.685527
   3700000      6.229844     -1.689944
   3720000      6.237887     -1.697849
   3740000      6.254503     -1.701002
   3760000      6.253196     -1.722614
   3780000      6.210191     -1.756014
   3800000      6.182156     -1.790240
   3820000      6.222134     -1.807201
   3840000      6.248521     -1.816016
   3860000      6.248971     -1.838134
   3880000      6.286435     -1.835328
   3900000      6.346154     -1.819313
   3920000      6.373301     -1.823157
   3940000      6.371361     -1.843004
   3960000      6.379898     -1.863808
   3980000      6.402172     -1.864064
   4000000      6.430811     -1.856082
   4020000      6.444201     -1.864694
   4040000      6.480755     -1.855587
   4060000      6.505790     -1.835882
   4080000      6.526956     -1.829866
   4100000      6.509783     -1.882142
   4120000      6.489223     -1.938869
   4140000      6.534449     -1.912668
   4160000      6.336484     -2.034758
   4180000      6.510405     -1.981465
   4200000      6.523891     -1.993073
   4220000      6.516303     -2.018410
   4240000      6.529594     -2.026051
   4260000      6.539278     -2.035104
   4280000      6.588790     -1.996887
   4300000      6.605343     -2.012268
   4320000      6.590692     -2.047336
   4340000      6.619209     -2.043393
   4360000      6.624691     -2.052362
   4380000      6.627280     -2.066222
   4400000      6.739579     -1.901035
   4420000      6.751853     -1.848921
   4440000      6.760217     -1.810204
   4460000      6.774582     -1.808745
   4480000      6.770558     -1.778278
   4500000      6.789916     -1.761604
   4520000      6.807383     -1.740930
   4540000      6.800780     -1.729859
   4560000      6.824643     -1.728474
   4580000      6.854279     -1.734358
   4600000      6.900191     -1.807833
   4620000      6.922584     -1.868472
   4640000      6.943680     -1.927478
   4660000      6.962619     -1.945736
   4680000      6.977621     -1.953857
   4700000      6.996282     -1.903966
   4720000      7.006767     -1.910137
   4740000      7.021692     -1.881079
   4760000      7.041207     -1.917765
   4780000      7.054993     -1.890446
   4800000      7.079118     -1.884464
   4820000      7.078113     -2.040437
   4840000      7.096910     -2.034341
   4860000      7.113067     -2.046908
   4880000      7.138134     -1.980136
   4900000      7.156900     -2.006657
   4920000      7.180796     -2.007267
   4940000      7.200853     -1.993555
   4960000      7.214034     -1.984123
   4980000      7.220541     -2.069081
   5000000      7.242699     -2.060799
   5020000      7.257793     -2.056834
   5040000      7.260623     -2.083547
   5060000      7.272294     -2.097614
   5080000      7.283064     -2.103340
   5100000      7.292760     -2.095905
   5120000      7.306885     -2.092369
   5140000      7.320675     -2.102092
   5160000      7.345057     -2.153587
   5180000      7.365968     -2.137903
   5200000      7.385364     -2.102565
   5220000      7.402591     -2.136319
   5240000      7.405401     -2.157100
   5260000      7.399419     -2.207088
   5280000      7.417455     -2.214001
   5300000      7.428055     -2.224005
   5320000      7.432627     -2.243870
   5340000      7.441132     -2.253391
   5360000      7.455990     -2.265467
   5380000      7.458740     -2.280083
   5400000      7.534440     -2.182569
   5420000      7.535114     -2.221929
   5440000      7.546749     -2.220003
   5460000      7.557745     -2.215701
   5480000      7.574883     -2.188004
   5500000      7.592945     -2.185384
   5520000      7.610843     -2.208402
   5540000      7.633108     -2.211417
   5560000      7.640470     -2.244498
   5580000      7.660937     -2.239344
   5600000      7.672186     -2.221825
   5620000      7.690844     -2.224367
   5640000      7.699699     -2.211789
   5660000      7.712234     -2.238374
   5680000      7.732049     -2.219339
   5700000      7.753874     -2.221272
   5720000      7.770541     -2.233848
   5740000      7.789226     -2.235518
   5760000      7.740368     -2.375762
   5780000      7.781243     -2.360929
   5800000      7.799812     -2.353038
   5820000      7.820328     -2.353731
   5840000      7.830806     -2.352198
   5860000      7.853564     -2.364735
   5880000      7.867670     -2.365539
   5900000      7.878848     -2.393099
   5920000      7.894030     -2.402122
   5940000      7.933608     -2.355872
   5960000      7.948914     -2.362882
   5980000      7.965317     -2.390414
   6000000      7.967661     -2.428668
   6020000      7.983741     -2.434087
   6040000      7.974102     -2.481186
   6060000      8.004998     -2.455067
   6080000      8.006168     -2.481615
   6100000      8.004963     -2.489455
   6120000      7.980964     -2.537283
   6140000      7.988415     -2.553767
   6160000      8.053981     -2.518054
   6180000      7.980152     -2.616455
   6200000      8.012914     -2.601416
   6220000      8.027053     -2.610323
   6240000      8.038614     -2.626210
   6260000      8.053206     -2.613470
   6280000      8.044100     -2.639928
   6300000      8.042094     -2.654388
   6320000      8.105336     -2.611609
   6340000      8.101485     -2.645689
   6360000      8.119702     -2.658492
   6380000      8.076019     -2.716273
   6400000      8.108849     -2.734563
   6420000      8.140077     -2.720590
   6440000      8.215009     -2.648200
   6460000      8.229170     -2.646644
   6480000      8.248496     -2.655150
   6500000      8.077003     -2.866786
   6520000      8.026137     -2.912231
   6540000      8.010577     -2.928785
   6560000      8.045076     -2.927025
   6580000      8.066807     -2.933227
   6600000      8.025063     -2.962998
   6620000      8.033438     -2.978141
   6640000      8.092084     -2.973421
   6660000      8.086295     -2.994574
   6680000      8.091399     -3.001349
   6700000      8.118380     -3.001670
   6720000      8.099207     -3.036282
   6740000      8.111670     -3.042439
   6760000      8.077869     -3.068592
   6780000      8.138014     -3.054837
   6800000      8.147423     -3.066335
   6820000      8.192051     -3.059265
   6840000      8.173599     -3.092137
   6860000      8.131788     -3.126321
   6880000      8.121949     -3.144282
   6900000      8.113751     -3.164392
   6920000      8.088942     -3.178004
   6940000      8.085305     -3.191667
   6960000      8.094554     -3.209314
   6980000      8.065792     -3.222751
   7000000      8.068518     -3.235903
   7020000      8.066247     -3.242838
   7040000      8.061369     -3.261977
   7060000      8.042508     -3.275625
   7080000      8.276190     -3.228194
   7100000      8.292656     -3.231012
   7120000      8.294207     -3.250193
   7140000      8.252708     -3.292044
   7160000      8.241325     -3.305338
   7180000      8.286004     -3.305827
   7200000      8.333487     -3.288194
   7220000      8.333528     -3.300753
   7240000      8.342651     -3.313290
   7260000      8.332856     -3.330333
   7280000      8.358695     -3.339793
   7300000      8.377489     -3.345118
   7320000      8.390645     -3.361600
   7340000      8.441822     -3.336109
   7360000      8.464106     -3.340936
   7380000      8.492408     -3.331304
   7400000      8.491358     -3.349091
   7420000      8.497002     -3.370563
   7440000      8.454301     -3.416803
   7460000      8.514328     -3.398176
   7480000      8.526266     -3.403258
   7500000      8.523321     -3.419854
   7520000      8.479825     -3.466349
   7540000      8.539244     -3.446269
   7560000      8.489736     -3.498706
   7580000      8.456641     -3.530728
   7600000      8.454861     -3.541446
   7620000      8.473792     -3.568716
   7640000      8.461014     -3.590530
   7660000      8.466434     -3.610284
   7680000      8.426638     -3.647367
   7700000      8.458406     -3.644375
   7720000      8.411246     -3.678530
   7740000      8.411206     -3.681928
   7760000      8.395509     -3.700002
   7780000      8.395938     -3.707921
   7800000      8.413988     -3.722808
   7820000      8.438371     -3.740992
   7840000      8.493914     -3.749132
   7860000      8.469995     -3.769187
   7880000      8.472611     -3.777875
   7900000      8.481114     -3.783188
   7920000      8.480933     -3.802502
   7940000      8.493673     -3.813287
   7960000      8.540684     -3.814213
   7980000      8.526731     -3.830823
   8000000      8.570074     -3.830858
   8020000      8.576090     -3.839289
   8040000      8.568117     -3.859966
   8060000      8.572603     -3.869890
   8080000      8.522224     -3.903235
   8100000      8.512768     -3.919209
   8120000      8.554009     -3.919130
   8140000      8.595550     -3.928317
   8160000      8.592205     -3.943981
   8180000      8.595329     -3.961035
   8200000      8.578204     -3.983380
   8220000      8.570159     -3.999836
   8240000      8.555394     -4.014888
   8260000      8.540482     -4.028377
   8280000      8.578527     -4.042843
   8300000      8.715281     -4.004584
   8320000      8.699095     -4.028246
   8340000      8.688278     -4.044840
   8360000      8.655168     -4.068619
   8380000      8.791033     -4.024973
   8400000      8.760175     -4.069457
   8420000      8.770238     -4.073037
   8440000      8.837242     -4.028467
   8460000      8.850332     -4.033743
   8480000      8.848055     -4.050676
   8500000      8.916719     -3.993970
   8520000      8.926807     -4.003326
   8540000      8.945180     -4.014284
   8560000      8.960884     -4.011656
   8580000      8.976920     -4.009253
   8600000      8.990873     -4.009235
   8620000      8.997014     -4.035344
   8640000      9.025766     -4.005186
   8660000      9.031381     -4.040951
   8680000      9.029961     -4.056135
   8700000      9.054591     -4.054522
   8720000      9.081804     -4.015799
   8740000      9.091660     -4.037700
   8760000      9.090865     -4.062773
   8780000      9.111457     -4.048162
   8800000      9.126014     -4.057921
   8820000      9.134054     -4.044790
   8840000      9.131324     -4.064510
   8860000      9.148602     -4.042862
   8880000      9.163446     -4.023231
   8900000      9.183805     -4.055428
   8920000      9.194829     -4.058362
   8940000      9.193315     -4.071252
   8960000      9.126671     -4.281964
   8980000      9.064388     -4.402077
   9000000      9.079982     -4.412517
   9020000      9.063682     -4.447610
   9040000      9.057369     -4.470325
   9060000      9.054863     -4.486574
   9080000      9.092061     -4.476133
   9100000      9.121882     -4.474641
   9120000      9.142164     -4.463309
   9140000      9.142508     -4.483080
   9160000      9.082820     -4.547174
   9180000      9.090974     -4.557390
   9200000      9.114825     -4.557305
   9220000      9.135935     -4.555451
   9240000      9.161182     -4.540184
   9260000      9.175473     -4.555314
   9280000      9.142467     -4.604776
   9300000      9.145078     -4.623635
   9320000      9.155740     -4.630464
   9340000      9.171372     -4.634377
   9360000      9.176453     -4.648114
   9380000      9.182300     -4.659852
   9400000      9.160065     -4.689360
   9420000      9.148700     -4.706417
   9440000      9.157052     -4.718563
   9460000      9.170998     -4.738438
   9480000      9.184056     -4.740041
   9500000      9.172652     -4.765845
   9520000      9.161349     -4.783896
   9540000      9.192557     -4.790032
   9560000      9.142673     -4.818788
   9580000      9.223798     -4.795925
   9600000      9.245918     -4.783732
   9620000      9.196236     -4.845072
   9640000      9.234263     -4.855244
   9660000      9.256588     -4.860654
   9680000      9.222945     -4.898033
   9700000      9.245434     -4.901484
   9720000      9.232039     -4.919776
   9740000      9.269266     -4.921246
   9760000      9.279275     -4.934670
   9780000      9.318317     -4.925485
   9800000      9.345023     -4.928095
   9820000      9.392330     -4.895799
   9840000      9.291681     -4.998186
   9860000      9.266428     -5.019260
   9880000      9.335246     -5.007134
   9900000      9.310611     -5.035962
   9920000      9.485683     -4.872997
   9940000      9.306160     -5.069430
   9960000      9.302169     -5.104666
   9980000      9.312399     -5.113377
  10000000      9.224450     -5.152451
