         0      4.000000      0.000000
     20000      4.046514      0.064595
     40000      4.116718      0.045517
     60000      4.187831      0.075683
     80000      4.254699      0.073440
    100000      4.328456      0.010401
    120000      4.380888      0.125962
    140000      4.439668      0.115466
    160000      4.512139      0.177273
    180000      4.574526      0.213440
    200000      4.678278      0.171500
    220000      4.732370      0.194509
    240000      4.799592      0.284632
    260000      4.815004      0.380234
    280000      4.852434      0.440328
    300000      4.965706      0.421314
    320000      5.007923      0.467838
    340000      5.064775      0.496722
    360000      5.109586      0.521817
    380000      5.145321      0.614623
    400000      5.134418      0.764425
    420000      5.093512      0.893625
    440000      5.094548      0.951220
    460000      5.107744      1.016860
    480000      5.246732      1.025483
    500000      5.325224      1.032884
    520000      5.423422      0.972714
    540000      5.484702      1.053907
    560000      5.563768      1.076934
    580000      5.644992      1.092332
    600000      5.734516      1.088746
    620000      5.813139      1.104082
    640000      5.852205      1.157086
    660000      5.913436      1.213542
    680000      5.979491      1.206429
    700000      6.050170      1.243054
    720000      6.110431      1.268414
    740000      6.179774      1.264791
    760000      6.202832      1.353479
    780000      6.292045      1.334515
    800000      6.371809      1.321354
    820000      6.443803      1.326598
    840000      6.506188      1.348102
    860000      6.574369      1.351174
    880000      6.637978      1.386764
    900000      6.727098      1.357426
    920000      6.794917      1.351196
    940000      6.851294      1.394604
    960000      6.922838      1.424230
    980000      6.942653      1.589887
   1000000      7.003264      1.622920
   1020000      6.993801      1.721886
   1040000      7.058523      1.775425
   1060000      7.122874      1.842153
   1080000      7.074718      1.922337
   1100000      7.232342      1.939630
   1120000      7.311843      1.962521
   1140000      7.332903      2.075361
   1160000      7.351442      2.155389
   1180000      7.417963      2.178594
   1200000      7.461109      2.231422
   1220000      7.553136      2.223491
   1240000      7.615768      2.237005
   1260000      7.743258      2.195533
   1280000      7.799736      2.216262
   1300000      7.871910      2.271173
   1320000      7.894205      2.399017
   1340000      7.916551      2.475802
   1360000      8.013779      2.431355
   1380000      8.107927      2.369587
   1400000      8.202970      2.358522
   1420000      8.277426      2.384504
   1440000      8.331180      2.441524
   1460000      8.355175      2.539421
   1480000      8.521481      2.329795
   1500000      8.554637      2.400682
   1520000      8.591255      2.473957
   1540000      8.600804      2.554900
   1560000      8.728185      2.497989
   1580000      8.790069      2.538066
   1600000      8.861078      2.582790
   1620000      8.941160      2.543431
   1640000      9.011389      2.534537
   1660000      9.073456      2.604155
   1680000      9.161100      2.569627
   1700000      9.231318      2.557103
   1720000      9.275791      2.535107
   1740000      9.349624      2.545926
   1760000      9.428242      2.548337
   1780000      9.475971      2.534061
   1800000      9.508297      2.416471
   1820000      9.598088      2.510301
   1840000      9.669051      2.479955
   1860000      9.706311      2.403656
   1880000      9.807032      2.468627
   1900000      9.865702      2.535568
   1920000      9.942610      2.512893
   1940000     10.000325      2.542400
   1960000     10.071591      2.522771
   1980000     10.126005      2.543165
   2000000     10.210649      2.483200
   2020000     10.292422      2.472999
   2040000     10.353035      2.412991
   2060000     10.429939      2.400025
   2080000     10.489944      2.386402
   2100000     10.520822      2.335677
   2120000     10.625513      2.326506
   2140000     10.686409      2.305670
   2160000     10.772194      2.307813
   2180000     10.847560      2.361022
   2200000     10.899281      2.249307
   2220000     10.983450      2.231615
   2240000     11.060049      2.277082
   2260000     11.112468      2.262002
   2280000     11.161958      2.270632
   2300000     11.248396      2.208483
   2320000     11.335822      2.167107
   2340000     11.417351      2.184203
   2360000     11.424759      2.004490
   2380000     11.521290      2.029831
   2400000     11.533658      1.939023
   2420000     11.614636      1.923002
   2440000     11.637587      1.845034
   2460000     11.692727      1.783497
   2480000     11.735609      1.736595
   2500000     11.788419      1.669050
   2520000     11.866641      1.648901
   2540000     11.919048      1.608941
   2560000     11.957494      1.548383
   2580000     12.083408      1.608023
   2600000     12.136549      1.584966
   2620000     12.214536      1.578439
   2640000     12.267588      1.484476
   2660000     12.229715      1.340128
   2680000     12.234716      1.217747
   2700000     12.235819      1.130632
   2720000     12.256695      1.086725
   2740000     12.233537      0.981515
   2760000     12.149583      0.923560
   2780000     12.151109      0.846171
   2800000     12.176579      0.773914
   2820000     12.230229      0.702122
   2840000     12.188573      0.648601
   2860000     12.213982      0.572119
   2880000     12.175868      0.490782
   2900000     12.192664      0.430597
   2920000     12.109901      0.381261
   2940000     12.162025      0.304149
   2960000     12.037833      0.259708
   2980000     11.966439      0.229479
   3000000     11.906575      0.194851
   3020000     11.822431      0.238339
   3040000     11.768502      0.230372
   3060000     11.732528      0.186407
   3080000     11.702624      0.092818
   3100000     11.693311      0.006226
   3120000     11.571428      0.032963
   3140000     11.490980      0.040589
   3160000     11.467817     -0.088644
   3180000     11.393198     -0.105069
   3200000     11.302507     -0.094219
   3220000     11.222671     -0.085578
   3240000     11.173889     -0.126327
   3260000     11.148629     -0.220246
   3280000     11.073706     -0.217651
   3300000     10.975450     -0.178328
   3320000     10.954610     -0.245470
   3340000     10.929531     -0.297520
   3360000     10.751269     -0.133988
   3380000     10.690891     -0.103133
   3400000     10.636140     -0.288800
   3420000     10.607215     -0.368705
   3440000     10.568860     -0.428011
   3460000     10.486522     -0.382679
   3480000     10.462800     -0.493090
   3500000     10.392688     -0.549804
   3520000     10.420483     -0.631667
   3540000     10.355233     -0.655089
   3560000     10.280671     -0.683971
   3580000     10.204741     -0.670734
   3600000     10.124865     -0.669910
   3620000     10.217175     -0.907107
   3640000     10.142771     -0.956953
   3660000     10.062925     -0.980752
   3680000     10.017672     -1.046573
   3700000      9.991181     -1.117425
   3720000     10.042896     -1.200790
   3740000      9.967598     -1.260457
   3760000      9.877322     -1.300589
   3780000      9.854694     -1.373674
   3800000      9.813838     -1.424655
   3820000      9.825380     -1.517012
   3840000      9.828862     -1.596659
   3860000      9.768414     -1.652230
   3880000      9.695322     -1.680171
   3900000      9.616637     -1.710421
   3920000      9.548796     -1.739746
   3940000      9.473770     -1.779771
   3960000      9.411487     -1.837676
   3980000      9.388743     -1.914002
   4000000      9.370087     -1.973208
   4020000      9.337658     -2.042661
   4040000      9.255373     -2.083835
   4060000      9.192315     -2.123654
   4080000      9.183512     -2.204501
   4100000      9.104930     -2.185873
   4120000      9.095938     -2.273598
   4140000      9.087865     -2.360509
   4160000      8.924136     -2.285709
   4180000      8.924897     -2.407235
   4200000      8.834836     -2.428502
   4220000      8.756744     -2.422350
   4240000      8.684772     -2.406484
   4260000      8.645963     -2.500176
   4280000      8.585740     -2.475186
   4300000      8.569503     -2.644930
   4320000      8.506037     -2.641416
   4340000      8.417162     -2.628870
   4360000      8.399040     -2.755491
   4380000      8.341080     -2.788263
   4400000      8.321116     -2.878605
   4420000      8.267226     -2.932124
   4440000      8.194363     -2.938064
   4460000      8.160168     -2.987513
   4480000      8.115989     -3.032979
   4500000      8.045778     -3.052042
   4520000      7.977976     -3.035578
   4540000      7.904061     -3.029969
   4560000      7.839619     -3.061735
   4580000      7.778151     -3.116202
   4600000      7.693071     -3.102856
   4620000      7.616330     -3.029689
   4640000      7.537288     -3.040871
   4660000      7.457007     -3.101441
   4680000      7.387289     -3.103592
   4700000      7.298438     -3.047496
   4720000      7.240236     -3.006711
   4740000      7.159879     -3.052766
   4760000      7.100193     -3.015726
   4780000      7.022295     -3.029839
   4800000      6.963202     -3.160701
   4820000      6.899624     -3.185530
   4840000      6.806132     -3.138202
   4860000      6.747385     -3.107251
   4880000      6.657865     -3.165721
   4900000      6.587264     -3.165411
   4920000      6.548175     -3.273297
   4940000      6.477791     -3.293156
   4960000      6.387223     -3.231542
   4980000      6.310723     -3.139649
   5000000      6.258143     -3.088953
   5020000      6.190780     -3.128016
   5040000      6.116003     -3.099729
   5060000      6.041623     -3.220637
   5080000      5.970036     -3.091432
   5100000      5.902950     -3.109291
   5120000      5.852341     -3.117713
   5140000      5.776480     -3.132274
   5160000      5.706800     -3.199128
   5180000      5.664907     -3.231227
   5200000      5.586140     -3.194156
   5220000      5.539103     -3.257436
   5240000      5.452839     -3.028048
   5260000      5.381455     -3.088886
   5280000      5.303898     -3.155992
   5300000      5.234797     -3.169717
   5320000      5.175412     -3.200596
   5340000      5.098302     -3.069135
   5360000      5.021692     -3.137046
   5380000      4.960465     -3.092423
   5400000      4.889135     -3.170639
   5420000      4.817878     -3.123575
   5440000      4.741159     -3.072391
   5460000      4.677120     -3.008129
   5480000      4.612542     -3.006595
   5500000      4.529326     -3.028857
   5520000      4.456170     -3.073033
   5540000      4.397819     -3.040275
   5560000      4.374085     -2.894334
   5580000      4.301036     -2.851722
   5600000      4.251544     -2.802131
   5620000      4.204851     -2.793838
   5640000      4.125376     -2.729992
   5660000      4.078472     -2.655578
   5680000      4.040361     -2.595159
   5700000      4.017781     -2.527130
   5720000      4.003219     -2.463825
   5740000      3.999420     -2.379286
   5760000      3.896761     -2.360878
   5780000      3.841498     -2.326040
   5800000      3.848552     -2.229198
   5820000      3.801917     -2.167349
   5840000      3.799022     -2.087532
   5860000      3.774960     -2.032174
   5880000      3.617894     -2.022829
   5900000      3.571993     -1.967645
   5920000      3.672784     -1.838028
   5940000      3.633633     -1.756394
   5960000      3.416261     -1.798969
   5980000      3.427425     -1.697514
   6000000      3.302072     -1.747907
