         0      4.000000      0.000000
     20000      4.058748      0.035010
     40000      4.125163      0.018990
     60000      4.173378      0.097948
     80000      4.233509      0.157305
    100000      4.280563      0.268982
    120000      4.361771      0.247715
    140000      4.398547      0.316880
    160000      4.432724      0.390978
    180000      4.472966      0.469752
    200000      4.505146      0.546653
    220000      4.599251      0.476340
    240000      4.639642      0.527708
    260000      4.710820      0.485816
    280000      4.741921      0.635480
    300000      4.798564      0.647418
    320000      4.834731      0.730532
    340000      4.909802      0.734274
    360000      4.967158      0.779329
    380000      5.056046      0.785256
    400000      5.134501      0.784711
    420000      5.205400      0.806783
    440000      5.190148      0.952089
    460000      5.367989      0.645994
    480000      5.432098      0.603253
    500000      5.482761      0.544961
    520000      5.501994      0.450293
    540000      5.647481      0.786829
    560000      5.706045      0.844195
    580000      5.783115      0.773078
    600000      5.851588      0.771588
    620000      5.911292      0.732993
    640000      5.968336      0.700089
    660000      6.038645      0.726254
    680000      6.152427      0.672972
    700000      6.233462      0.779097
    720000      6.301325      0.742775
    740000      6.360964      0.769149
    760000      6.448440      0.740121
    780000      6.513432      0.643869
    800000      6.569943      0.597137
    820000      6.627671      0.542935
    840000      6.674045      0.494554
    860000      6.725393      0.427579
    880000      6.749712      0.340674
    900000      6.752116      0.242495
    920000      6.970068      0.473373
    940000      7.038095      0.502203
    960000      7.122541      0.521046
    980000      7.166685      0.466458
   1000000      7.236688      0.454187
   1020000      7.313744      0.517450
   1040000      7.372497      0.402323
   1060000      7.398764      0.335216
   1080000      7.496807      0.372086
   1100000      7.574654      0.365812
   1120000      7.665928      0.462492
   1140000      7.723277      0.398064
   1160000      7.806386      0.464093
   1180000      7.876260      0.531894
   1200000      7.946358      0.467289
   1220000      8.026325      0.543150
   1240000      8.082707      0.586414
   1260000      8.150739      0.614427
   1280000      8.187253      0.663927
   1300000      8.250490      0.691759
   1320000      8.249752      0.808010
   1340000      8.369075      0.753297
   1360000      8.338509      0.908413
   1380000      8.440444      0.907045
   1400000      8.421186      1.014310
   1420000      8.507447      1.018491
   1440000      8.611564      1.015050
   1460000      8.596271      1.115747
   1480000      8.630639      1.187920
   1500000      8.797135      1.168624
   1520000      8.852739      1.221631
   1540000      8.876278      1.289161
   1560000      8.879261      1.354514
   1580000      8.922669      1.410756
   1600000      8.956391      1.459554
   1620000      9.177739      1.377686
   1640000      9.225525      1.420644
   1660000      9.225082      1.519638
   1680000      9.350268      1.483004
   1700000      9.387495      1.527089
   1720000      9.454641      1.556853
   1740000      9.596933      1.503428
   1760000      9.445220      1.754453
   1780000      9.571179      1.765124
   1800000      9.566693      1.876801
   1820000      9.584469      1.961125
   1840000      9.674496      1.977408
   1860000      9.665639      2.052403
   1880000      9.739402      2.105558
   1900000      9.829415      2.111656
   1920000      9.830978      2.191169
   1940000      9.897085      2.241739
   1960000      9.817291      2.367381
   1980000      9.852443      2.431001
   2000000      9.956574      2.437471
   2020000      9.871545      2.545493
   2040000      9.921613      2.587991
   2060000      9.925883      2.648890
   2080000      9.916490      2.704635
   2100000      9.927134      2.763789
   2120000      9.832969      2.863446
   2140000      9.825484      2.927121
   2160000      9.790433      2.986030
   2180000      9.813768      3.038618
   2200000      9.720509      3.080603
   2220000      9.744493      3.155826
   2240000      9.728691      3.197115
   2260000      9.882534      3.259358
   2280000      9.887262      3.317873
   2300000      9.997391      3.386088
   2320000     10.140761      3.375588
   2340000     10.125752      3.473475
   2360000      9.846655      3.599103
   2380000      9.934913      3.674431
   2400000      9.919753      3.731190
   2420000      9.998739      3.783604
   2440000      9.928046      3.878218
   2460000      9.887958      3.932842
   2480000      9.912782      4.007768
   2500000      9.872671      4.069136
   2520000      9.855695      4.148850
   2540000      9.783342      4.215882
   2560000      9.795451      4.289124
   2580000      9.612477      4.309477
   2600000      9.667831      4.411465
   2620000      9.698774      4.475480
   2640000      9.642506      4.526774
   2660000      9.649086      4.591002
   2680000      9.621055      4.664108
   2700000      9.707304      4.744164
   2720000      9.816522      4.799144
   2740000      9.911971      4.842005
   2760000      9.967220      4.879338
   2780000      9.900083      4.983081
   2800000      9.830176      5.071265
   2820000      9.944552      5.107345
   2840000      9.970253      5.174036
   2860000     10.019386      5.220004
   2880000      9.965498      5.322684
   2900000     10.076641      5.344879
   2920000      9.953139      5.491534
   2940000      9.608121      5.556301
   2960000      9.447770      5.553238
   2980000      9.498765      5.655119
   3000000      9.507097      5.729928
   3020000      9.532881      5.799745
   3040000      9.463129      5.881739
   3060000      9.474860      5.942074
   3080000      9.561183      6.015499
   3100000      9.521582      6.080957
   3120000      9.539927      6.166865
   3140000      9.554639      6.227523
   3160000      9.585078      6.286230
   3180000      9.640644      6.354460
   3200000      9.414747      6.456152
   3220000      9.423946      6.523668
   3240000      9.412730      6.580013
   3260000      9.430103      6.650646
   3280000      9.214252      6.714860
   3300000      9.252085      6.796494
   3320000      9.267370      6.867862
   3340000      9.469157      6.914244
   3360000      9.488548      6.990908
   3380000      9.413768      7.055573
   3400000      9.431817      7.117603
   3420000      9.442415      7.167908
   3440000      9.355231      7.272550
   3460000      9.569095      7.280505
   3480000      9.618067      7.340767
   3500000      9.633576      7.413850
   3520000      9.658527      7.450575
   3540000      9.671541      7.529575
   3560000      9.693828      7.588458
   3580000      9.730804      7.626270
   3600000      9.715671      7.705532
   3620000      9.724722      7.769451
   3640000      9.742834      7.833464
   3660000      9.935966      7.842607
   3680000     10.022379      7.835860
   3700000      9.936195      7.966088
   3720000      9.922126      8.077749
   3740000      9.959897      8.131419
   3760000     10.044962      8.173572
   3780000     10.114004      8.193081
   3800000     10.097681      8.285924
   3820000     10.197210      8.295034
   3840000     10.338292      8.269815
   3860000     10.377186      8.304749
   3880000     10.408508      8.398471
   3900000     10.485986      8.348675
   3920000     10.405706      8.579561
   3940000     10.466649      8.614030
   3960000     10.581234      8.589053
   3980000     10.594359      8.661414
   4000000     10.711311      8.605432
   4020000     10.808024      8.499023
   4040000     10.826512      8.658352
   4060000     10.889871      8.673953
   4080000     10.942038      8.677267
   4100000     10.988396      8.796011
   4120000     11.064876      8.719297
   4140000     11.127953      8.759871
   4160000     11.161541      8.865262
   4180000     11.220769      8.884571
   4200000     11.281413      8.894117
   4220000     11.352397      8.898627
   4240000     11.433806      8.887680
   4260000     11.469838      8.979675
   4280000     11.526865      8.999972
   4300000     11.592868      9.024544
   4320000     11.709550      8.933850
   4340000     11.802192      8.902637
   4360000     11.860472      8.978842
   4380000     11.933527      8.993251
   4400000     11.967668      9.086495
   4420000     12.065637      8.690063
   4440000     12.144072      8.711987
   4460000     12.218498      8.751136
   4480000     12.286508      8.769366
   4500000     12.365003      8.833340
   4520000     12.443060      8.777641
   4540000     12.515120      8.678326
   4560000     12.583079      8.705652
   4580000     12.646070      8.675126
   4600000     12.729434      8.720664
   4620000     12.773267      8.627344
   4640000     12.875967      8.730556
   4660000     12.961114      8.684143
   4680000     12.997121      8.523570
   4700000     13.050561      8.513895
   4720000     13.157344      8.513930
   4740000     13.244865      8.618483
   4760000     13.309252      8.597791
   4780000     13.366758      8.643405
   4800000     13.426632      8.699208
   4820000     13.492713      8.718022
   4840000     13.603242      8.571216
   4860000     13.673662      8.572001
   4880000     13.727823      8.582418
   4900000     13.794579      8.446499
   4920000     13.878127      8.533777
   4940000     13.942966      8.645244
   4960000     14.025787      8.540998
   4980000     14.095753      8.581733
   5000000     14.153848      8.398784
   5020000     14.244828      8.509752
   5040000     14.275069      8.468781
   5060000     14.386839      8.573762
   5080000     14.421583      8.707974
   5100000     14.508948      8.668484
   5120000     14.567692      8.674734
   5140000     14.594686      8.780621
   5160000     14.712042      8.609436
   5180000     14.777865      8.623689
   5200000     14.859659      8.641299
   5220000     14.917762      8.680202
   5240000     14.972187      8.554184
   5260000     15.036221      8.499367
   5280000     15.083772      8.530162
   5300000     15.145121      8.470735
   5320000     15.197078      8.547870
   5340000     15.269313      8.506901
   5360000     15.327966      8.526588
   5380000     15.395144      8.399096
   5400000     15.456006      8.410850
   5420000     15.515742      8.325557
   5440000     15.586596      8.400485
   5460000     15.667757      8.471731
   5480000     15.717294      8.464312
   5500000     15.785728      8.419827
   5520000     15.849751      8.514709
   5540000     15.916355      8.534649
   5560000     15.992497      8.550001
   5580000     16.072230      8.518987
   5600000     16.128936      8.581994
   5620000     16.183279      8.583960
   5640000     16.232600      8.678568
   5660000     16.291099      8.729937
   5680000     16.405626      8.683154
   5700000     16.477953      8.647099
   5720000     16.567109      8.587326
   5740000     16.577777      8.790494
   5760000     16.653185      8.761122
   5780000     16.691345      8.898002
   5800000     16.785955      8.872077
   5820000     16.858258      8.860667
   5840000     16.890086      8.938847
   5860000     16.959895      8.935447
   5880000     17.019032      8.949802
   5900000     17.077463      8.962902
   5920000     17.156003      8.967790
   5940000     17.120898      9.185592
   5960000     17.184617      9.210239
   5980000     17.200624      9.279487
   6000000     17.202723      9.371729
