         0      4.000000      0.000000
     20000      4.041327      0.029395
     40000      3.963573     -0.032520
     60000      4.106257     -0.102560
     80000      4.121379     -0.112119
    100000      4.232563      0.091941
    120000      4.185582      0.376260
    140000      4.169903      0.434276
    160000      4.230047      0.710371
    180000      4.166028      0.994512
    200000      4.108913      1.212985
    220000      3.668248      1.749192
    240000      3.788168      1.660156
    260000      3.763913      1.988999
    280000      3.736597      2.139818
    300000      3.837514      1.975990
    320000      3.699893      2.143583
    340000      3.965312      1.872049
    360000      3.730616      2.295739
    380000      3.723121      2.337202
    400000      3.721928      2.326998
    420000      3.788044      2.389522
    440000      3.325732      2.711059
    460000      3.032326      2.513809
    480000      3.218781      2.637489
    500000      3.034938      2.967740
    520000      2.879631      2.793781
    540000      3.049656      2.747429
    560000      2.927423      3.027197
    580000      2.912348      3.179148
    600000      3.078129      3.148999
    620000      3.274223      2.804477
    640000      3.183811      2.897781
    660000      3.418540      2.902115
    680000      3.315394      2.998453
    700000      3.423091      2.788065
    720000      3.492381      2.852893
    740000      3.499279      2.792359
    760000      3.561845      2.617133
    780000      3.512280      2.745008
    800000      3.299972      2.986160
    820000      3.199122      3.154566
    840000      2.922428      3.310140
    860000      2.967632      2.969868
    880000      2.378456      3.210426
    900000      2.533613      3.240650
    920000      2.295006      3.181845
    940000      2.356487      3.304909
    960000      2.508583      3.253544
    980000      2.571208      3.254303
   1000000      2.247418      3.300666
   1020000      2.233527      3.353438
   1040000      2.265981      3.335574
   1060000      2.269026      3.491606
   1080000      2.255097      3.417179
   1100000      2.293800      3.405130
   1120000      2.480091      3.380769
   1140000      2.340911      3.341751
   1160000      2.729265      3.400352
   1180000      2.835821      3.510075
   1200000      3.155875      3.501718
   1220000      3.233042      3.435947
   1240000      3.281888      3.286429
   1260000      3.209286      3.352798
   1280000      3.067712      3.357193
   1300000      2.717835      3.363012
   1320000      2.920853      3.388689
   1340000      2.957957      3.444347
   1360000      2.984701      3.381561
   1380000      3.057750      3.248833
   1400000      3.009045      3.261725
   1420000      3.442179      3.115371
   1440000      3.304245      3.226117
   1460000      3.448241      3.057575
   1480000      3.085872      3.277709
   1500000      3.029263      3.190525
   1520000      3.054284      3.306997
   1540000      2.695071      3.268298
   1560000      3.005533      3.249583
   1580000      2.750713      3.254955
   1600000      3.065316      3.170723
   1620000      2.909881      3.203273
   1640000      2.999236      3.283957
   1660000      3.079470      3.318986
   1680000      3.084490      3.360280
   1700000      3.519599      3.008623
   1720000      3.135272      3.106686
   1740000      3.170008      3.136844
   1760000      3.405308      3.088657
   1780000      3.393717      3.022134
   1800000      3.079109      3.197653
   1820000      3.320104      3.255701
   1840000      3.528742      3.086275
   1860000      3.261882      3.143047
   1880000      3.084158      3.229927
   1900000      3.217918      3.392305
   1920000      3.240988      3.354158
   1940000      3.249360      3.404182
   1960000      3.519054      3.334720
   1980000      3.392487      3.205298
   2000000      3.476457      3.239824
   2020000      3.557317      3.162432
   2040000      3.379056      3.343697
   2060000      3.498913      3.337402
   2080000      2.976020      3.326852
   2100000      3.228584      3.296137
   2120000      3.166592      3.299640
   2140000      3.861345      3.169350
   2160000      4.027084      3.182689
   2180000      4.076798      3.029548
   2200000      3.909786      3.186494
   2220000      4.109720      3.245896
   2240000      3.850633      3.377916
   2260000      4.249066      3.277142
   2280000      4.179089      3.317437
   2300000      4.208821      3.131790
   2320000      4.257621      3.073453
   2340000      4.286327      3.024148
   2360000      4.714852      2.827998
   2380000      4.788700      2.946224
   2400000      4.935556      3.072145
   2420000      4.680554      3.239320
   2440000      4.375900      3.229699
   2460000      4.803040      3.175709
   2480000      4.769952      3.052761
   2500000      4.780976      2.939769
   2520000      4.423092      3.184456
   2540000      4.595513      3.306383
   2560000      4.816935      3.240745
   2580000      4.462845      3.423895
   2600000      4.438203      3.520545
   2620000      4.411211      3.470918
   2640000      4.667984      3.227200
   2660000      5.063233      2.916580
   2680000      5.077775      2.777525
   2700000      4.806014      3.095760
   2720000      4.724693      3.151450
   2740000      4.662706      3.431795
   2760000      4.802088      3.601604
   2780000      4.626835      3.666493
   2800000      4.594534      3.550935
   2820000      4.754614      3.439312
   2840000      4.930459      3.503687
   2860000      4.803188      3.551038
   2880000      4.887016      3.647165
   2900000      4.775514      3.654901
   2920000      5.117964      3.495696
   2940000      5.127833      3.641779
   2960000      5.238881      3.568210
   2980000      4.921048      3.963230
   3000000      4.697777      3.995672
   3020000      4.950873      3.966275
   3040000      4.945139      3.828777
   3060000      4.908001      3.805148
   3080000      4.973099      4.066224
   3100000      4.764622      4.198541
   3120000      4.855221      4.189342
   3140000      5.011294      4.126156
   3160000      4.997890      4.277340
   3180000      5.218215      4.148154
   3200000      5.281052      4.027229
   3220000      5.011101      4.093374
   3240000      5.447488      3.624953
   3260000      5.472540      3.914951
   3280000      5.203296      4.151916
   3300000      5.126234      4.173404
   3320000      5.180463      4.091458
   3340000      5.072922      4.060045
   3360000      4.667887      4.272623
   3380000      5.002887      4.134471
   3400000      5.184246      3.926148
   3420000      5.060903      4.176729
   3440000      5.277676      3.979480
   3460000      5.053977      4.281055
   3480000      4.691830      4.342952
   3500000      4.522675      4.368752
   3520000      4.606341      4.644420
   3540000      4.820368      4.601627
   3560000      4.676067      4.646149
   3580000      4.667578      4.612791
   3600000      4.609115      4.549321
   3620000      4.205952      4.510590
   3640000      4.474880      4.533312
   3660000      4.423776      4.464992
   3680000      4.091712      4.722507
   3700000      4.232678      4.610590
   3720000      4.163566      4.706808
   3740000      4.256367      4.763045
   3760000      3.655621      4.635399
   3780000      3.853813      4.717426
   3800000      3.634225      4.852877
   3820000      3.837663      4.635604
   3840000      3.979068      4.593981
   3860000      4.114149      4.696891
   3880000      3.906636      4.599849
   3900000      3.421028      4.565649
   3920000      3.610283      4.543852
   3940000      3.543242      4.402753
   3960000      3.880824      4.232383
   3980000      3.681683      4.378643
   4000000      2.788910      4.309388
   4020000      3.160907      4.432308
   4040000      3.257687      4.514867
   4060000      3.067819      4.641296
   4080000      3.135094      4.887543
   4100000      3.181611      4.771825
   4120000      3.205346      4.911046
   4140000      3.657407      5.003486
   4160000      3.954259      4.742516
   4180000      3.778038      4.933744
   4200000      3.896473      4.794521
   4220000      4.092527      4.731501
   4240000      3.807352      4.686033
   4260000      3.714551      4.628301
   4280000      3.358950      4.747831
   4300000      3.118614      4.675798
   4320000      3.345192      4.109940
   4340000      3.581204      4.083919
   4360000      3.365403      4.108651
   4380000      3.257603      4.081852
   4400000      3.268658      4.099135
   4420000      2.882567      3.765894
   4440000      2.745712      3.868408
   4460000      2.643015      3.830299
   4480000      2.435553      3.765891
   4500000      2.596547      3.751726
   4520000      2.930530      3.798495
   4540000      3.127713      3.949461
   4560000      2.782307      3.534581
   4580000      2.735805      3.373439
   4600000      2.715297      3.607006
   4620000      2.759776      3.719500
   4640000      2.985799      4.108661
   4660000      2.790548      4.041730
   4680000      3.172198      4.211946
   4700000      3.059625      3.950250
   4720000      2.703824      3.711346
   4740000      2.700144      3.768111
   4760000      2.922521      3.854513
   4780000      2.970183      3.888747
   4800000      3.018780      4.139613
   4820000      3.134738      4.122804
   4840000      3.105056      4.105805
   4860000      3.277114      4.201100
   4880000      3.460825      3.820384
   4900000      3.749863      3.960871
   4920000      3.709116      4.161895
   4940000      3.471861      4.159483
   4960000      3.406242      4.402476
   4980000      3.616240      4.454000
   5000000      3.659129      4.436067
   5020000      3.483859      4.569854
   5040000      3.588536      4.369831
   5060000      3.341468      4.351942
   5080000      3.382274      4.041271
   5100000      3.090557      3.551166
   5120000      3.567396      3.468047
   5140000      3.789514      3.651341
   5160000      3.684504      3.910085
   5180000      4.055542      3.821055
   5200000      4.434727      3.693309
   5220000      4.106938      3.804057
   5240000      3.948182      3.352553
   5260000      3.988945      3.391630
   5280000      3.723597      2.942034
   5300000      3.588673      3.073081
   5320000      3.228935      3.359713
   5340000      3.315937      3.388287
   5360000      3.359421      3.076750
   5380000      3.517378      3.326299
   5400000      3.319204      3.016210
   5420000      3.244482      2.991521
   5440000      3.202705      3.059131
   5460000      3.009740      3.102237
   5480000      2.813909      2.982637
   5500000      2.801646      3.051570
   5520000      2.975729      3.373351
   5540000      3.162972      3.330164
   5560000      3.242404      3.473902
   5580000      3.223426      3.573889
   5600000      3.496210      3.337587
   5620000      3.610024      3.477345
   5640000      3.958334      3.402650
   5660000      3.684639      3.268334
   5680000      3.380188      2.962302
   5700000      3.564020      2.985681
   5720000      3.590768      3.328070
   5740000      3.786711      3.193333
   5760000      3.970941      3.459759
   5780000      3.456416      3.448582
   5800000      3.511616      3.279883
   5820000      3.404161      3.285053
   5840000      3.117143      3.059104
   5860000      3.360357      3.383006
   5880000      3.382727      3.408397
   5900000      2.918776      3.100038
   5920000      2.903451      3.155959
   5940000      2.966029      3.052284
   5960000      2.692977      3.156541
   5980000      2.669376      2.786325
   6000000      2.616690      2.566207
