         0      4.000000      0.000000
     20000      3.998767     -0.012635
     40000      4.004341     -0.011955
     60000      4.005839     -0.024817
     80000      4.005602     -0.024427
    100000      4.005742     -0.038040
    120000      4.006244     -0.036370
    140000      4.006175     -0.009246
    160000      4.010198     -0.019508
    180000      4.011876     -0.013195
    200000      4.012624      0.009427
    220000      4.011803      0.010199
    240000      4.010955      0.007098
    260000      4.010950      0.009646
    280000      4.010123      0.017023
    300000      4.011451      0.024343
    320000      4.013078      0.029595
    340000      4.010369     -0.012088
    360000      4.010314     -0.014038
    380000      4.014076     -0.017563
    400000      4.014022     -0.012082
    420000      4.016168      0.000289
    440000      4.013136      0.003033
    460000      4.013009      0.016361
    480000      4.008739      0.008956
    500000      4.011644      0.023844
    520000      4.013324      0.034199
    540000      4.009127      0.050798
    560000      4.009845      0.056351
    580000      4.010007      0.056212
    600000      4.016372      0.043261
    620000      4.012071      0.039330
    640000      4.011453      0.035427
    660000      4.010245      0.046017
    680000      4.010696      0.051081
    700000      4.009158      0.043591
    720000      4.008921      0.045946
    740000      4.009072      0.054993
    760000      4.012829      0.052329
    780000      4.013351      0.055446
    800000      4.008267     -0.040009
    820000      4.015933     -0.013665
    840000      4.017920      0.001091
    860000      4.023252     -0.000566
    880000      4.028477      0.018054
    900000      4.031196      0.021394
    920000      4.041106      0.024826
    940000      4.041485      0.043053
    960000      4.053976      0.054098
    980000      4.054391      0.060638
   1000000      4.080837      0.001558
   1020000      4.093472     -0.032386
   1040000      4.115282     -0.064271
   1060000      4.099072     -0.139069
   1080000      4.111676     -0.056676
   1100000      4.085355     -0.213658
   1120000      4.084594     -0.226115
   1140000      4.113819     -0.191618
   1160000      4.119843     -0.196651
   1180000      4.124551     -0.203849
   1200000      4.125929     -0.209338
   1220000      4.156725     -0.161157
   1240000      4.162480     -0.186479
   1260000      4.156623     -0.213537
   1280000      4.165971     -0.233258
   1300000      4.158040     -0.286891
   1320000      4.139884     -0.329343
   1340000      4.200392     -0.226617
   1360000      4.194870     -0.286819
   1380000      4.221955     -0.269746
   1400000      4.221126     -0.299983
   1420000      4.247194     -0.262962
   1440000      4.276997     -0.232457
   1460000      4.284789     -0.233964
   1480000      4.279205     -0.279493
   1500000      4.289316     -0.279410
   1520000      4.302090     -0.251783
   1540000      4.311882     -0.231529
   1560000      4.316302     -0.235101
   1580000      4.327224     -0.249409
   1600000      4.332207     -0.259098
   1620000      4.329706     -0.279295
   1640000      4.317470     -0.299900
   1660000      4.331459     -0.275455
   1680000      4.314964     -0.321735
   1700000      4.357506     -0.256624
   1720000      4.360213     -0.262489
   1740000      4.370171     -0.265764
   1760000      4.375046     -0.275043
   1780000      4.368274     -0.330431
   1800000      4.427248     -0.217079
   1820000      4.435581     -0.226482
   1840000      4.433746     -0.235222
   1860000      4.436141     -0.247186
   1880000      4.431252     -0.270401
   1900000      4.424647     -0.290110
   1920000      4.468713     -0.099671
   1940000      4.490483     -0.082353
   1960000      4.499623     -0.172003
   1980000      4.443929     -0.329404
   2000000      4.481184     -0.267382
   2020000      4.494985     -0.251423
   2040000      4.508412     -0.256961
   2060000      4.514526     -0.254739
   2080000      4.505080     -0.309871
   2100000      4.488057     -0.362207
   2120000      4.491874     -0.367065
   2140000      4.520721     -0.337004
   2160000      4.593042     -0.247030
   2180000      4.600587     -0.251996
   2200000      4.611913     -0.244289
   2220000      4.620036     -0.264931
   2240000      4.603694     -0.273513
   2260000      4.678205     -0.118808
   2280000      4.691584     -0.159604
   2300000      4.705634     -0.142619
   2320000      4.720994     -0.142395
   2340000      4.724202     -0.146749
   2360000      4.728729     -0.159969
   2380000      4.746756     -0.127417
   2400000      4.751323     -0.160259
   2420000      4.761931     -0.165650
   2440000      4.761437     -0.184446
   2460000      4.743451     -0.222861
   2480000      4.748869     -0.225750
   2500000      4.841798     -0.051557
   2520000      4.847199     -0.072926
   2540000      4.847437     -0.102981
   2560000      4.869046     -0.045294
   2580000      4.885421     -0.074812
   2600000      4.880541     -0.119652
   2620000      4.900320     -0.085523
   2640000      4.921004     -0.028766
   2660000      4.933140     -0.031457
   2680000      4.922545     -0.151509
   2700000      4.952505     -0.046008
   2720000      4.957809     -0.008152
   2740000      4.965428     -0.024778
   2760000      4.962945     -0.022224
   2780000      4.968168     -0.050689
   2800000      4.969214     -0.038122
   2820000      4.980509     -0.049812
   2840000      4.980742     -0.022889
   2860000      4.986999     -0.051587
   2880000      5.006267     -0.109124
   2900000      5.020062     -0.092074
   2920000      5.036920     -0.095698
   2940000      5.043814     -0.086135
   2960000      5.044909     -0.085107
   2980000      5.054973     -0.084541
   3000000      5.065931     -0.048090
   3020000      5.071796     -0.044815
   3040000      5.084260     -0.052122
   3060000      5.091045     -0.057842
   3080000      5.091723     -0.051793
   3100000      5.101111     -0.041280
   3120000      5.103012     -0.019529
   3140000      5.101994     -0.014133
   3160000      5.100586     -0.009217
   3180000      5.117939     -0.029671
   3200000      5.125605     -0.010514
   3220000      5.137842     -0.013192
   3240000      5.135176     -0.001114
   3260000      5.142947      0.012290
   3280000      5.141451      0.035964
   3300000      5.142753      0.048356
   3320000      5.139690      0.062108
   3340000      5.192838     -0.037005
   3360000      5.219138     -0.035995
   3380000      5.230438     -0.095808
   3400000      5.242381     -0.046605
   3420000      5.194171     -0.377928
   3440000      5.212065     -0.398888
   3460000      5.232438     -0.377617
   3480000      5.242699     -0.379647
   3500000      5.248949     -0.373671
   3520000      5.189486     -0.505807
   3540000      5.213541     -0.482211
   3560000      5.203828     -0.518651
   3580000      5.218040     -0.513759
   3600000      5.211986     -0.530602
   3620000      5.217171     -0.543983
   3640000      5.227586     -0.543098
   3660000      5.237945     -0.542574
   3680000      5.240717     -0.553285
   3700000      5.248418     -0.550520
   3720000      5.220976     -0.603521
   3740000      5.189511     -0.649145
   3760000      5.208308     -0.645793
   3780000      5.183481     -0.669552
   3800000      5.132953     -0.704676
   3820000      5.198314     -0.680171
   3840000      5.226995     -0.658093
   3860000      5.251217     -0.661541
   3880000      5.232845     -0.680332
   3900000      5.279083     -0.645748
   3920000      5.301854     -0.644516
   3940000      5.335746     -0.617427
   3960000      5.345279     -0.622506
   3980000      5.355739     -0.616597
   4000000      5.330759     -0.657056
   4020000      5.347487     -0.643364
   4040000      5.353053     -0.646173
   4060000      5.369203     -0.645745
   4080000      5.383302     -0.645051
   4100000      5.393810     -0.643845
   4120000      5.404473     -0.648005
   4140000      5.417705     -0.652443
   4160000      5.419471     -0.660751
   4180000      5.427550     -0.666786
   4200000      5.418414     -0.690259
   4220000      5.446273     -0.672209
   4240000      5.489768     -0.595077
   4260000      5.544734     -0.523969
   4280000      5.556860     -0.539811
   4300000      5.567524     -0.536769
   4320000      5.571711     -0.545132
   4340000      5.567366     -0.577662
   4360000      5.597571     -0.514887
   4380000      5.604954     -0.474018
   4400000      5.605693     -0.545446
   4420000      5.610456     -0.564581
   4440000      5.623982     -0.551262
   4460000      5.625350     -0.560266
   4480000      5.633359     -0.563558
   4500000      5.650719     -0.558641
   4520000      5.658314     -0.561386
   4540000      5.660594     -0.567167
   4560000      5.672380     -0.572000
   4580000      5.677294     -0.579937
   4600000      5.674644     -0.579217
   4620000      5.674489     -0.571697
   4640000      5.678521     -0.606736
   4660000      5.682551     -0.650017
   4680000      5.663182     -0.706042
   4700000      5.658021     -0.732628
   4720000      5.708093     -0.680690
   4740000      5.716657     -0.678566
   4760000      5.693647     -0.730845
   4780000      5.742755     -0.670967
   4800000      5.760345     -0.675492
   4820000      5.761822     -0.675574
   4840000      5.759653     -0.692256
   4860000      5.762653     -0.702664
   4880000      5.783653     -0.686756
   4900000      5.801498     -0.675127
   4920000      5.776751     -0.710833
   4940000      5.785343     -0.715856
   4960000      5.791934     -0.721408
   4980000      5.792239     -0.730138
   5000000      5.799768     -0.732927
   5020000      5.803977     -0.747106
   5040000      5.825027     -0.739597
   5060000      5.821254     -0.742248
   5080000      5.835116     -0.731934
   5100000      5.842035     -0.756589
   5120000      5.828693     -0.784351
   5140000      5.831431     -0.805848
   5160000      5.863659     -0.792519
   5180000      5.857673     -0.806628
   5200000      5.868249     -0.808217
   5220000      5.879396     -0.820976
   5240000      5.881260     -0.828949
   5260000      5.878711     -0.845544
   5280000      5.897033     -0.847022
   5300000      5.906644     -0.841432
   5320000      5.907812     -0.843993
   5340000      5.902417     -0.856161
   5360000      5.898179     -0.873445
   5380000      5.942357     -0.841105
   5400000      5.962104     -0.840174
   5420000      5.962789     -0.864296
   5440000      6.009799     -0.793811
   5460000      6.006904     -0.831737
   5480000      5.980487     -0.882705
   5500000      5.990467     -0.891179
   5520000      5.998613     -0.897604
   5540000      6.013739     -0.892917
   5560000      6.033174     -0.888228
   5580000      6.006822     -0.934551
   5600000      6.008524     -0.941173
   5620000      6.046660     -0.916929
   5640000      6.034719     -0.939635
   5660000      6.027052     -0.949660
   5680000      6.011858     -0.970476
   5700000      6.107715     -0.874896
   5720000      6.122619     -0.871131
   5740000      6.124518     -0.874182
   5760000      6.122956     -0.896382
   5780000      6.120731     -0.913210
   5800000      6.120069     -0.924347
   5820000      6.141255     -0.900682
   5840000      6.125871     -0.949964
   5860000      6.161548     -0.922663
   5880000      6.156297     -0.935584
   5900000      6.117808     -1.017091
   5920000      6.139274     -1.017592
   5940000      6.200350     -0.926572
   5960000      6.222856     -0.916425
   5980000      6.229347     -0.916495
   6000000      6.245179     -0.893449
   6020000      6.251525     -0.894608
   6040000      6.260411     -0.890004
   6060000      6.263270     -0.915379
   6080000      6.266980     -0.922568
   6100000      6.269407     -0.950499
   6120000      6.283558     -0.947888
   6140000      6.289435     -0.958568
   6160000      6.289260     -0.973163
   6180000      6.294722     -0.973734
   6200000      6.310584     -0.963096
   6220000      6.314531     -0.959250
   6240000      6.334161     -0.967484
   6260000      6.325205     -0.996052
   6280000      6.339808     -1.001365
   6300000      6.351753     -1.003758
   6320000      6.350870     -1.015627
   6340000      6.363177     -1.008243
   6360000      6.378537     -0.994586
   6380000      6.405227     -0.901172
   6400000      6.406225     -0.905813
   6420000      6.426603     -0.919035
   6440000      6.428576     -0.905621
   6460000      6.440818     -0.894844
   6480000      6.440359     -0.919555
   6500000      6.443086     -0.910541
   6520000      6.453575     -0.911321
   6540000      6.454675     -0.926298
   6560000      6.426786     -1.040262
   6580000      6.457882     -1.011608
   6600000      6.383180     -1.170499
   6620000      6.400597     -1.161715
   6640000      6.408342     -1.164931
   6660000      6.458076     -1.112236
   6680000      6.505194     -1.059004
   6700000      6.516091     -1.082150
   6720000      6.495835     -1.125675
   6740000      6.491851     -1.144714
   6760000      6.515778     -1.142287
   6780000      6.509238     -1.158303
   6800000      6.517242     -1.160431
   6820000      6.516757     -1.166534
   6840000      6.517061     -1.165869
   6860000      6.521487     -1.174287
   6880000      6.508163     -1.195111
   6900000      6.505059     -1.203977
   6920000      6.491840     -1.218327
   6940000      6.493606     -1.236221
   6960000      6.488855     -1.248003
   6980000      6.487290     -1.252625
   7000000      6.487732     -1.270992
   7020000      6.528269     -1.267274
   7040000      6.607979     -1.202098
   7060000      6.622974     -1.200904
   7080000      6.634363     -1.213313
   7100000      6.588946     -1.275127
   7120000      6.601284     -1.276095
   7140000      6.616339     -1.276982
   7160000      6.605942     -1.296770
   7180000      6.605901     -1.312453
   7200000      6.665461     -1.270038
   7220000      6.642730     -1.314917
   7240000      6.640745     -1.319109
   7260000      6.644588     -1.326344
   7280000      6.641216     -1.337841
   7300000      6.645474     -1.345112
   7320000      6.666111     -1.335115
   7340000      6.665001     -1.347587
   7360000      6.656042     -1.362858
   7380000      6.688692     -1.349621
   7400000      6.745833     -1.316868
   7420000      6.758001     -1.312430
   7440000      6.669729     -1.421870
   7460000      6.694276     -1.420544
   7480000      6.703111     -1.428179
   7500000      6.720684     -1.423278
   7520000      6.740610     -1.415743
   7540000      6.728001     -1.443615
   7560000      6.808095     -1.377302
   7580000      6.816817     -1.359384
   7600000      6.825803     -1.357430
   7620000      6.832154     -1.367478
   7640000      6.835540     -1.366910
   7660000      6.841234     -1.384656
   7680000      6.846613     -1.398315
   7700000      6.855647     -1.380118
   7720000      6.871372     -1.384159
   7740000      6.877961     -1.390596
   7760000      6.899872     -1.387498
   7780000      6.895490     -1.399344
   7800000      6.900017     -1.409175
   7820000      6.909488     -1.428344
   7840000      6.917699     -1.418173
   7860000      6.907207     -1.442660
   7880000      6.898415     -1.461669
   7900000      6.950144     -1.425970
   7920000      6.945054     -1.443149
   7940000      6.987283     -1.394472
   7960000      6.987672     -1.396441
   7980000      6.926878     -1.497022
   8000000      6.947083     -1.495739
   8020000      7.011330     -1.410100
   8040000      7.007037     -1.438876
   8060000      7.022688     -1.432664
   8080000      7.048541     -1.371970
   8100000      6.976887     -1.521948
   8120000      6.914846     -1.609922
   8140000      6.978354     -1.562421
   8160000      6.981244     -1.576094
   8180000      6.996103     -1.557336
   8200000      7.002586     -1.573182
   8220000      7.006821     -1.577354
   8240000      7.011576     -1.575855
   8260000      7.017242     -1.589673
   8280000      6.998879     -1.624818
   8300000      7.018325     -1.615543
   8320000      6.921588     -1.704576
   8340000      6.855412     -1.758008
   8360000      6.887657     -1.753348
   8380000      6.753129     -1.813817
   8400000      6.801853     -1.814515
   8420000      6.807564     -1.825755
   8440000      6.801558     -1.839554
   8460000      6.803194     -1.844246
   8480000      6.809813     -1.850485
   8500000      6.802819     -1.857187
   8520000      6.831815     -1.856161
   8540000      6.837376     -1.864761
   8560000      6.793199     -1.875236
   8580000      6.873484     -1.861736
   8600000      6.853632     -1.870698
   8620000      6.895904     -1.870072
   8640000      6.883471     -1.882826
   8660000      6.919323     -1.885256
   8680000      6.929134     -1.894162
   8700000      6.934852     -1.907038
   8720000      6.937670     -1.912979
   8740000      6.955832     -1.915139
   8760000      6.962695     -1.921581
   8780000      6.963271     -1.927988
   8800000      6.962710     -1.943582
   8820000      6.968146     -1.951232
   8840000      6.946024     -1.973653
   8860000      6.934422     -1.991711
   8880000      7.070064     -1.931247
   8900000      7.016092     -1.984484
   8920000      7.043262     -1.980078
   8940000      7.060477     -1.975044
   8960000      7.089899     -1.956524
   8980000      7.007760     -2.029340
   9000000      6.988111     -2.048757
   9020000      6.981779     -2.069380
   9040000      7.106243     -1.999892
   9060000      7.043157     -2.064294
   9080000      7.098859     -2.043926
   9100000      7.032988     -2.102253
   9120000      7.084848     -2.087381
   9140000      7.095635     -2.083338
   9160000      7.117138     -2.078804
   9180000      7.114352     -2.088408
   9200000      7.029259     -2.155530
   9220000      7.016922     -2.169536
   9240000      7.033494     -2.186930
   9260000      7.047505     -2.196836
   9280000      7.088879     -2.179713
   9300000      7.103320     -2.175325
   9320000      7.103245     -2.187578
   9340000      7.108000     -2.180968
   9360000      7.111462     -2.180859
   9380000      7.031788     -2.257925
   9400000      7.094452     -2.242834
   9420000      7.104923     -2.246529
   9440000      7.108502     -2.251041
   9460000      7.122112     -2.255257
   9480000      7.128404     -2.263448
   9500000      7.124300     -2.278233
   9520000      7.075465     -2.318889
   9540000      7.069141     -2.335265
   9560000      7.127448     -2.312291
   9580000      7.194400     -2.250049
   9600000      7.208341     -2.246668
   9620000      7.217521     -2.248538
   9640000      7.223837     -2.253334
   9660000      7.226240     -2.258768
   9680000      7.240825     -2.251053
   9700000      7.241402     -2.278328
   9720000      7.256599     -2.281728
   9740000      7.259818     -2.286107
   9760000      7.256398     -2.301299
   9780000      7.192657     -2.375809
   9800000      7.256833     -2.333370
   9820000      7.243614     -2.358291
   9840000      7.212899     -2.382978
   9860000      7.245284     -2.376604
   9880000      7.265709     -2.366821
   9900000      7.271066     -2.374976
   9920000      7.277072     -2.381879
   9940000      7.214973     -2.434395
   9960000      7.209093     -2.449421
   9980000      7.208680     -2.459513
  10000000      7.207806     -2.468471
