         0      4.000000      0.000000
     20000      4.006125     -0.016780
     40000      4.012566     -0.017627
     60000      4.017398      0.002927
     80000      4.018938     -0.006178
    100000      4.021510     -0.010277
    120000      4.037437     -0.019838
    140000      4.044146     -0.019665
    160000      4.047613     -0.075667
    180000      4.048370     -0.104873
    200000      4.056023     -0.111539
    220000      4.061829     -0.120130
    240000      4.061985     -0.131618
    260000      4.077408     -0.122019
    280000      4.083712     -0.130522
    300000      4.094387     -0.129269
    320000      4.098010     -0.136807
    340000      4.107984     -0.133222
    360000      4.114132     -0.158433
    380000      4.129772     -0.075251
    400000      4.136414     -0.074083
    420000      4.143876     -0.069372
    440000      4.147081     -0.057563
    460000      4.154058     -0.056606
    480000      4.164149     -0.055563
    500000      4.167899     -0.054486
    520000      4.158413     -0.024855
    540000      4.180513     -0.059065
    560000      4.187357     -0.039507
    580000      4.197011     -0.048680
    600000      4.197751     -0.039806
    620000      4.176367      0.013843
    640000      4.176284      0.023911
    660000      4.180328      0.023549
    680000      4.194675      0.025037
    700000      4.259996     -0.141760
    720000      4.276344     -0.131918
    740000      4.285157     -0.122299
    760000      4.290220     -0.122697
    780000      4.298746     -0.125961
    800000      4.302609     -0.089835
    820000      4.307772     -0.099800
    840000      4.323244     -0.104439
    860000      4.341530     -0.138802
    880000      4.351542     -0.143264
    900000      4.360471     -0.154226
    920000      4.367340     -0.163891
    940000      4.375335     -0.163607
    960000      4.380267     -0.157449
    980000      4.389433     -0.172785
   1000000      4.399417     -0.175311
   1020000      4.408412     -0.222334
   1040000      4.418275     -0.232879
   1060000      4.416262     -0.249884
   1080000      4.451751     -0.163555
   1100000      4.459492     -0.198797
   1120000      4.467451     -0.225514
   1140000      4.483849     -0.232991
   1160000      4.488017     -0.227916
   1180000      4.496589     -0.225547
   1200000      4.514137     -0.208940
   1220000      4.520061     -0.216855
   1240000      4.533252     -0.205896
   1260000      4.546759     -0.209062
   1280000      4.556763     -0.200072
   1300000      4.566835     -0.230703
   1320000      4.578917     -0.227194
   1340000      4.588813     -0.236172
   1360000      4.595296     -0.251088
   1380000      4.604593     -0.255632
   1400000      4.606084     -0.279068
   1420000      4.615292     -0.284610
   1440000      4.631656     -0.276017
   1460000      4.633491     -0.297719
   1480000      4.647129     -0.273241
   1500000      4.645786     -0.296289
   1520000      4.663437     -0.300542
   1540000      4.680394     -0.281699
   1560000      4.676699     -0.303961
   1580000      4.689166     -0.298843
   1600000      4.699331     -0.290752
   1620000      4.706811     -0.256792
   1640000      4.720829     -0.270087
   1660000      4.710332     -0.374202
   1680000      4.719381     -0.375230
   1700000      4.727914     -0.369454
   1720000      4.741335     -0.374078
   1740000      4.748145     -0.376801
   1760000      4.752322     -0.377971
   1780000      4.754285     -0.374340
   1800000      4.755499     -0.381423
   1820000      4.759762     -0.402284
   1840000      4.785527     -0.389293
   1860000      4.782749     -0.400214
   1880000      4.789163     -0.401003
   1900000      4.797525     -0.398795
   1920000      4.802977     -0.416767
   1940000      4.799687     -0.439268
   1960000      4.815056     -0.435051
   1980000      4.827841     -0.435789
   2000000      4.830145     -0.452599
   2020000      4.837178     -0.460405
   2040000      4.849651     -0.456552
   2060000      4.862391     -0.460086
   2080000      4.871603     -0.459596
   2100000      4.870728     -0.473973
   2120000      4.873179     -0.488473
   2140000      4.886795     -0.479783
   2160000      4.889550     -0.493472
   2180000      4.909109     -0.481878
   2200000      4.922096     -0.480898
   2220000      4.930156     -0.478630
   2240000      4.938461     -0.487681
   2260000      4.954283     -0.485282
   2280000      4.964502     -0.488990
   2300000      4.961782     -0.507144
   2320000      4.981673     -0.492344
   2340000      4.984385     -0.516872
   2360000      4.995984     -0.509008
   2380000      5.011879     -0.490628
   2400000      5.022615     -0.480429
   2420000      5.034553     -0.485628
   2440000      5.048097     -0.490038
   2460000      5.061699     -0.508302
   2480000      5.064984     -0.510231
   2500000      5.037076     -0.580424
   2520000      5.018992     -0.613190
   2540000      5.009028     -0.635155
   2560000      5.021075     -0.649745
   2580000      5.041692     -0.640941
   2600000      5.072276     -0.617667
   2620000      5.076929     -0.622620
   2640000      5.036245     -0.683585
   2660000      5.045369     -0.686517
   2680000      5.128824     -0.589019
   2700000      5.095738     -0.652872
   2720000      5.105220     -0.664132
   2740000      5.101478     -0.686200
   2760000      5.101184     -0.703922
   2780000      5.050122     -0.754145
   2800000      5.090918     -0.734296
   2820000      5.073728     -0.763763
   2840000      5.074680     -0.772661
   2860000      5.078666     -0.780451
   2880000      5.078595     -0.795334
   2900000      5.083753     -0.800372
   2920000      5.109965     -0.796317
   2940000      5.134547     -0.789908
   2960000      5.132375     -0.804836
   2980000      5.131539     -0.814863
   3000000      5.141370     -0.815367
   3020000      5.188709     -0.784207
   3040000      5.167297     -0.818656
   3060000      5.159192     -0.842088
   3080000      5.174070     -0.833368
   3100000      5.183975     -0.826415
   3120000      5.193216     -0.820935
   3140000      5.206461     -0.824170
   3160000      5.210271     -0.827035
   3180000      5.212803     -0.836786
   3200000      5.225046     -0.822417
   3220000      5.249188     -0.797318
   3240000      5.249816     -0.794436
   3260000      5.257808     -0.805988
   3280000      5.268541     -0.818658
   3300000      5.275124     -0.837598
   3320000      5.285227     -0.843033
   3340000      5.306936     -0.836044
   3360000      5.313208     -0.836712
   3380000      5.323301     -0.844211
   3400000      5.324647     -0.852520
   3420000      5.337290     -0.848907
   3440000      5.345779     -0.842838
   3460000      5.348203     -0.853516
   3480000      5.353152     -0.855637
   3500000      5.362163     -0.859728
   3520000      5.371180     -0.858601
   3540000      5.357276     -0.923071
   3560000      5.370820     -0.902847
   3580000      5.382446     -0.887025
   3600000      5.385631     -0.907154
   3620000      5.407002     -0.890940
   3640000      5.410679     -0.896191
   3660000      5.413367     -0.894142
   3680000      5.310308     -1.067799
   3700000      5.391315     -0.988495
   3720000      5.358018     -1.064513
   3740000      5.371867     -1.069048
   3760000      5.375037     -1.072412
   3780000      5.387584     -1.065061
   3800000      5.314428     -1.142382
   3820000      5.315776     -1.159531
   3840000      5.304890     -1.182058
   3860000      5.291856     -1.191034
   3880000      5.294483     -1.203712
   3900000      5.292880     -1.211825
   3920000      5.284902     -1.220588
   3940000      5.286911     -1.226808
   3960000      5.286489     -1.238796
   3980000      5.291519     -1.247910
   4000000      5.284721     -1.253374
   4020000      5.308588     -1.258745
   4040000      5.358161     -1.247984
   4060000      5.362207     -1.257576
   4080000      5.370769     -1.249916
   4100000      5.365162     -1.268652
   4120000      5.361101     -1.290080
   4140000      5.343837     -1.314701
   4160000      5.357768     -1.323800
   4180000      5.357620     -1.330651
   4200000      5.363048     -1.337518
   4220000      5.363928     -1.343512
   4240000      5.371678     -1.351483
   4260000      5.369896     -1.363072
   4280000      5.359485     -1.379936
   4300000      5.352342     -1.384161
   4320000      5.356039     -1.389442
   4340000      5.356008     -1.400918
   4360000      5.355366     -1.412243
   4380000      5.371462     -1.421318
   4400000      5.393341     -1.422811
   4420000      5.418070     -1.422816
   4440000      5.423784     -1.427710
   4460000      5.427625     -1.440380
   4480000      5.416691     -1.460116
   4500000      5.433438     -1.461368
   4520000      5.434098     -1.472229
   4540000      5.438760     -1.481314
   4560000      5.436229     -1.490517
   4580000      5.446977     -1.492216
   4600000      5.454204     -1.494854
   4620000      5.473784     -1.508943
   4640000      5.491079     -1.518098
   4660000      5.502825     -1.520601
   4680000      5.518411     -1.518994
   4700000      5.521463     -1.522178
   4720000      5.534669     -1.524321
   4740000      5.535533     -1.528280
   4760000      5.538520     -1.528490
   4780000      5.549495     -1.532751
   4800000      5.364702     -1.630725
   4820000      5.375573     -1.635408
   4840000      5.393070     -1.646866
   4860000      5.402876     -1.652905
   4880000      5.388895     -1.661427
   4900000      5.407449     -1.670191
   4920000      5.427642     -1.675523
   4940000      5.400129     -1.686191
   4960000      5.385187     -1.697745
   4980000      5.295649     -1.699797
   5000000      5.278043     -1.706534
   5020000      5.279130     -1.713855
   5040000      5.290341     -1.724843
   5060000      5.289995     -1.728506
   5080000      5.283281     -1.734687
   5100000      5.279882     -1.744092
   5120000      5.291591     -1.753054
   5140000      5.283022     -1.753725
   5160000      5.275988     -1.756497
   5180000      5.265141     -1.769783
   5200000      5.271927     -1.792389
   5220000      5.296107     -1.815077
   5240000      5.308845     -1.828561
   5260000      5.287370     -1.844057
   5280000      5.276957     -1.847042
   5300000      5.218362     -1.851661
   5320000      5.209629     -1.862356
   5340000      5.189425     -1.868208
   5360000      5.202072     -1.880849
   5380000      5.201952     -1.887548
   5400000      5.221047     -1.900211
   5420000      5.224171     -1.911387
   5440000      5.218595     -1.925874
   5460000      5.218218     -1.931886
   5480000      5.174924     -1.921858
   5500000      5.162780     -1.921255
   5520000      5.159676     -1.923205
   5540000      5.207498     -1.975297
   5560000      5.133747     -1.944659
   5580000      5.139457     -1.970547
   5600000      5.138546     -1.976698
   5620000      5.135378     -1.986198
   5640000      5.132813     -1.987050
   5660000      5.097397     -1.978922
   5680000      5.075425     -1.964416
   5700000      5.069225     -1.971899
   5720000      5.048292     -1.969674
   5740000      5.037284     -1.957965
   5760000      5.036782     -1.975772
   5780000      5.044733     -2.004103
   5800000      5.055899     -2.032524
   5820000      5.044085     -2.028480
   5840000      5.029326     -2.036180
   5860000      5.015243     -2.031473
   5880000      5.026319     -2.060204
   5900000      5.018282     -2.058735
   5920000      4.994976     -2.047507
   5940000      4.988721     -2.054906
   5960000      4.982958     -2.060175
   5980000      4.990076     -2.083175
   6000000      4.990056     -2.096486
   6020000      4.961540     -2.075841
   6040000      4.953443     -2.079858
   6060000      4.938454     -2.061119
   6080000      4.936916     -2.080667
   6100000      4.932733     -2.108600
   6120000      4.974311     -2.155503
   6140000      4.984084     -2.168666
   6160000      4.966132     -2.170305
   6180000      4.938192     -2.162523
   6200000      5.031359     -2.240849
   6220000      5.086724     -2.276231
   6240000      5.087162     -2.291842
   6260000      5.077668     -2.297962
   6280000      5.086480     -2.311463
   6300000      5.068914     -2.311680
   6320000      5.104672     -2.332316
   6340000      5.172360     -2.345895
   6360000      5.178675     -2.358167
   6380000      5.188660     -2.359343
   6400000      5.172594     -2.369691
   6420000      5.166193     -2.382808
   6440000      5.157925     -2.390334
   6460000      5.199899     -2.392975
   6480000      5.198367     -2.404803
   6500000      5.178650     -2.415698
   6520000      5.172715     -2.420855
   6540000      5.178491     -2.423375
   6560000      4.949734     -2.406769
   6580000      4.950736     -2.419762
   6600000      4.936710     -2.422130
   6620000      4.935661     -2.426875
   6640000      4.937584     -2.437662
   6660000      4.942643     -2.456191
   6680000      4.943426     -2.462806
   6700000      4.934680     -2.467719
   6720000      4.918339     -2.464356
   6740000      4.905742     -2.467443
   6760000      4.900549     -2.478584
   6780000      4.897500     -2.490607
   6800000      4.899885     -2.498242
   6820000      4.893328     -2.507336
   6840000      4.900696     -2.516608
   6860000      4.882250     -2.520012
   6880000      4.902106     -2.546514
   6900000      4.916575     -2.561092
   6920000      4.903213     -2.564298
   6940000      4.882165     -2.567658
   6960000      4.893163     -2.586706
   6980000      4.929668     -2.611145
   7000000      4.931097     -2.619845
   7020000      4.930330     -2.624816
   7040000      4.936424     -2.633928
   7060000      4.947142     -2.647047
   7080000      4.951335     -2.657991
   7100000      4.952586     -2.660833
   7120000      4.965004     -2.672121
   7140000      4.979086     -2.672259
   7160000      4.968113     -2.679059
   7180000      5.002386     -2.689703
   7200000      5.023415     -2.682853
   7220000      4.828495     -2.703606
   7240000      4.824406     -2.710086
   7260000      4.828780     -2.723710
   7280000      4.819379     -2.729405
   7300000      4.793471     -2.721587
   7320000      4.872021     -2.763280
   7340000      4.925509     -2.803244
   7360000      4.912378     -2.807697
   7380000      4.931232     -2.815980
   7400000      4.928432     -2.824659
   7420000      4.940678     -2.830731
   7440000      4.954619     -2.841778
   7460000      4.956783     -2.844922
   7480000      4.959909     -2.855132
   7500000      4.948894     -2.873465
   7520000      4.958963     -2.881131
   7540000      4.948080     -2.892727
   7560000      4.957223     -2.902882
   7580000      4.921459     -2.903849
   7600000      4.919595     -2.908748
   7620000      4.921507     -2.919397
   7640000      4.918920     -2.925861
   7660000      4.920155     -2.935128
   7680000      4.920114     -2.942088
   7700000      4.921552     -2.951628
   7720000      4.933485     -2.972756
   7740000      4.929734     -2.983079
   7760000      4.932341     -2.992809
   7780000      4.929253     -2.998337
   7800000      4.931824     -3.005815
   7820000      4.932017     -3.012739
   7840000      4.927222     -3.022851
   7860000      4.935811     -3.032772
   7880000      4.904792     -3.045205
   7900000      4.900029     -3.053260
   7920000      4.905325     -3.066068
   7940000      4.915263     -3.076595
   7960000      4.939639     -3.081137
   7980000      4.922915     -3.094070
   8000000      4.846311     -3.080065
   8020000      4.846873     -3.089179
   8040000      4.834906     -3.090381
   8060000      4.836404     -3.100887
   8080000      4.868570     -3.124621
   8100000      4.851780     -3.130520
   8120000      4.802332     -3.113435
   8140000      4.796279     -3.129329
   8160000      4.798286     -3.134644
   8180000      4.793151     -3.143945
   8200000      4.779901     -3.147621
   8220000      4.758181     -3.145732
   8240000      4.782104     -3.168211
   8260000      4.769163     -3.169687
   8280000      4.766886     -3.175633
   8300000      4.772152     -3.191021
   8320000      4.764525     -3.191901
   8340000      4.750380     -3.199020
   8360000      4.756672     -3.216674
   8380000      4.759471     -3.232562
   8400000      4.759468     -3.239804
   8420000      4.746617     -3.252513
   8440000      4.729429     -3.251472
   8460000      4.728837     -3.253091
   8480000      4.711609     -3.258639
   8500000      4.709323     -3.270515
   8520000      4.713965     -3.288911
   8540000      4.719016     -3.300869
   8560000      4.691865     -3.292089
   8580000      4.701133     -3.306161
   8600000      4.687460     -3.308240
   8620000      4.647912     -3.276230
   8640000      4.659468     -3.315922
   8660000      4.651808     -3.320194
   8680000      4.641462     -3.321204
   8700000      4.695132     -3.369644
   8720000      4.695386     -3.384889
   8740000      4.687245     -3.387375
   8760000      4.683961     -3.397397
   8780000      4.672006     -3.404614
   8800000      4.673787     -3.413296
   8820000      4.654514     -3.408176
   8840000      4.653430     -3.421395
   8860000      4.678247     -3.438319
   8880000      4.688900     -3.454509
   8900000      4.678945     -3.458351
   8920000      4.674460     -3.465998
   8940000      4.659914     -3.468204
   8960000      4.654081     -3.475343
   8980000      4.649540     -3.482710
   9000000      4.661488     -3.497500
   9020000      4.642546     -3.497826
   9040000      4.643873     -3.505119
   9060000      4.629250     -3.508746
   9080000      4.630277     -3.520002
   9100000      4.638714     -3.533314
   9120000      4.630418     -3.538115
   9140000      4.599295     -3.541377
   9160000      4.651335     -3.557907
   9180000      4.641977     -3.573614
   9200000      4.673649     -3.580487
   9220000      4.671324     -3.585764
   9240000      4.672455     -3.593390
   9260000      4.665584     -3.602995
   9280000      4.683698     -3.608817
   9300000      4.690065     -3.612942
   9320000      4.695743     -3.620528
   9340000      4.704079     -3.632692
   9360000      4.725726     -3.635532
   9380000      4.716418     -3.645975
   9400000      4.716462     -3.651759
   9420000      4.717605     -3.664162
   9440000      4.720992     -3.669056
   9460000      4.728764     -3.681866
   9480000      4.752328     -3.679536
   9500000      4.755375     -3.686759
   9520000      4.759331     -3.690039
   9540000      4.754563     -3.714952
   9560000      4.739398     -3.730634
   9580000      4.733766     -3.747658
   9600000      4.717760     -3.756487
   9620000      4.725004     -3.775399
   9640000      4.733604     -3.775037
   9660000      4.719468     -3.786718
   9680000      4.723225     -3.798916
   9700000      4.740244     -3.802665
   9720000      4.726869     -3.821967
   9740000      4.732798     -3.828550
   9760000      4.718000     -3.839610
   9780000      4.711789     -3.855797
   9800000      4.703847     -3.865061
   9820000      4.710963     -3.870199
   9840000      4.714640     -3.882835
   9860000      4.722989     -3.884704
   9880000      4.710493     -3.898814
   9900000      4.683656     -3.915786
   9920000      4.672293     -3.928588
   9940000      4.723974     -3.938779
   9960000      4.726467     -3.954245
   9980000      4.743265     -3.958409
  10000000      4.750379     -3.962668
