         0      4.000000      0.000000
     20000      4.019600     -0.015743
     40000      4.034281     -0.000884
     60000      4.052756      0.009055
     80000      4.067224      0.000336
    100000      4.074965      0.009934
    120000      4.092311      0.003569
    140000      4.112736      0.006831
    160000      4.140256      0.004226
    180000      4.155979     -0.005705
    200000      4.174256      0.004256
    220000      4.191847      0.001485
    240000      4.208120     -0.002285
    260000      4.226052      0.030609
    280000      4.239836      0.053375
    300000      4.257014      0.072686
    320000      4.274377      0.056904
    340000      4.290338      0.078789
    360000      4.302558      0.085379
    380000      4.312773      0.099540
    400000      4.319698      0.114457
    420000      4.331586      0.121370
    440000      4.335399      0.122570
    460000      4.364087      0.128800
    480000      4.367719      0.145214
    500000      4.389491      0.146276
    520000      4.388599      0.168801
    540000      4.375242      0.196525
    560000      4.373340      0.211082
    580000      4.385783      0.226369
    600000      4.404658      0.235336
    620000      4.431174      0.258112
    640000      4.484213      0.233492
    660000      4.519741      0.221853
    680000      4.541853      0.228967
    700000      4.564997      0.214982
    720000      4.574775      0.242854
    740000      4.590481      0.255199
    760000      4.602729      0.272943
    780000      4.615369      0.298590
    800000      4.622590      0.317942
    820000      4.653809      0.306774
    840000      4.681431      0.291862
    860000      4.697590      0.293109
    880000      4.720704      0.282457
    900000      4.734762      0.288927
    920000      4.741284      0.311287
    940000      4.760199      0.307467
    960000      4.759234      0.350444
    980000      4.771127      0.347549
   1000000      4.784339      0.360719
   1020000      4.802522      0.359192
   1040000      4.836148      0.348215
   1060000      4.839624      0.371213
   1080000      4.843790      0.393632
   1100000      4.857292      0.404088
   1120000      4.868484      0.412583
   1140000      4.885439      0.422403
   1160000      4.880795      0.462882
   1180000      4.909073      0.453559
   1200000      4.924159      0.463121
   1220000      4.924873      0.498808
   1240000      4.947578      0.501220
   1260000      4.971879      0.512930
   1280000      5.000000      0.503499
   1300000      5.038680      0.485372
   1320000      5.032001      0.524350
   1340000      5.022809      0.561267
   1360000      5.022359      0.576641
   1380000      5.037622      0.582083
   1400000      5.045125      0.594103
   1420000      5.044969      0.604983
   1440000      5.064273      0.613917
   1460000      5.079592      0.609998
   1480000      5.083556      0.632824
   1500000      5.126348      0.620732
   1520000      5.129092      0.641270
   1540000      5.152759      0.639998
   1560000      5.160015      0.648152
   1580000      5.162965      0.663572
   1600000      5.170324      0.672162
   1620000      5.179285      0.685344
   1640000      5.202279      0.690184
   1660000      5.202868      0.709881
   1680000      5.287650      0.690359
   1700000      5.294015      0.705248
   1720000      5.317013      0.714261
   1740000      5.343826      0.708620
   1760000      5.353053      0.722929
   1780000      5.295473      0.786749
   1800000      5.292641      0.810155
   1820000      5.345910      0.800746
   1840000      5.383204      0.801019
   1860000      5.396756      0.811647
   1880000      5.399188      0.825670
   1900000      5.401692      0.849471
   1920000      5.409921      0.865270
   1940000      5.405284      0.888641
   1960000      5.431886      0.884552
   1980000      5.433879      0.907058
   2000000      5.466391      0.890806
   2020000      5.471105      0.908100
   2040000      5.498885      0.908732
   2060000      5.504568      0.927117
   2080000      5.520204      0.941160
   2100000      5.538652      0.930232
   2120000      5.561492      0.929758
   2140000      5.577837      0.931175
   2160000      5.537283      1.031067
   2180000      5.577604      1.011562
   2200000      5.578375      1.041660
   2220000      5.573813      1.066828
   2240000      5.578975      1.078853
   2260000      5.577902      1.101376
   2280000      5.578612      1.124786
   2300000      5.563110      1.148028
   2320000      5.563082      1.161183
   2340000      5.577935      1.169631
   2360000      5.597393      1.176382
   2380000      5.624171      1.182575
   2400000      5.643947      1.194698
   2420000      5.635500      1.209747
   2440000      5.637822      1.217323
   2460000      5.643667      1.229316
   2480000      5.615355      1.248042
   2500000      5.661151      1.262188
   2520000      5.635452      1.298162
   2540000      5.667472      1.311523
   2560000      5.670485      1.324913
   2580000      5.661065      1.335949
   2600000      5.656000      1.350725
   2620000      5.752603      1.340839
   2640000      5.786548      1.339406
   2660000      5.778784      1.360197
   2680000      5.739608      1.388220
   2700000      5.748510      1.403037
   2720000      5.740638      1.420710
   2740000      5.752664      1.433676
   2760000      5.739903      1.450545
   2780000      5.740734      1.466469
   2800000      5.720601      1.481656
   2820000      5.774847      1.505877
   2840000      5.800913      1.517832
   2860000      5.809244      1.532637
   2880000      5.787671      1.563935
   2900000      5.769941      1.587391
   2920000      5.753756      1.603063
   2940000      5.741746      1.618902
   2960000      5.739582      1.634366
   2980000      5.752401      1.646547
   3000000      5.749752      1.657046
   3020000      5.756710      1.675107
   3040000      5.787140      1.689527
   3060000      5.766614      1.716071
   3080000      5.734060      1.737802
   3100000      5.742597      1.749481
   3120000      5.744290      1.767206
   3140000      5.756982      1.775546
   3160000      5.649776      1.793814
   3180000      5.694382      1.823245
   3200000      5.677297      1.837147
   3220000      5.652934      1.841336
   3240000      5.645407      1.859673
   3260000      5.636899      1.874987
   3280000      5.633668      1.887823
   3300000      5.590494      1.897183
   3320000      5.603230      1.924004
   3340000      5.593992      1.929196
   3360000      5.613363      1.958694
   3380000      5.630694      1.981240
   3400000      5.609749      1.993535
   3420000      5.585243      1.997559
   3440000      5.569743      2.006976
   3460000      5.567059      2.021663
   3480000      5.574553      2.040599
   3500000      5.548700      2.049240
   3520000      5.537171      2.066355
   3540000      5.536191      2.086475
   3560000      5.522778      2.088774
   3580000      5.508475      2.098490
   3600000      5.488064      2.101715
   3620000      5.474925      2.111772
   3640000      5.480191      2.135319
   3660000      5.485507      2.155734
   3680000      5.459083      2.159238
   3700000      5.441209      2.163531
   3720000      5.422313      2.174784
   3740000      5.401185      2.184488
   3760000      5.398214      2.201030
   3780000      5.388271      2.225871
   3800000      5.374392      2.237995
   3820000      5.391743      2.261646
   3840000      5.374716      2.264297
   3860000      5.371730      2.277967
   3880000      5.358476      2.290094
   3900000      5.355813      2.303749
   3920000      5.354048      2.317567
   3940000      5.347626      2.328380
   3960000      5.320650      2.340161
   3980000      5.295162      2.346101
   4000000      5.318351      2.379733
   4020000      5.308173      2.384606
   4040000      5.312169      2.405617
   4060000      5.316120      2.422372
   4080000      5.311040      2.432313
   4100000      5.299462      2.452867
   4120000      5.240539      2.454403
   4140000      5.211750      2.447450
   4160000      5.191386      2.443306
   4180000      5.176438      2.454275
   4200000      5.168039      2.469136
   4220000      5.162393      2.509434
   4240000      5.136747      2.511631
   4260000      5.123273      2.520182
   4280000      5.103959      2.531869
   4300000      5.093626      2.544484
   4320000      5.097591      2.569468
   4340000      5.075199      2.578964
   4360000      5.058488      2.591016
   4380000      5.051776      2.600882
   4400000      5.036942      2.611141
   4420000      5.080667      2.652951
   4440000      5.125642      2.671433
   4460000      5.114791      2.684219
   4480000      5.113184      2.701243
   4500000      4.958070      2.647890
   4520000      4.955909      2.679917
   4540000      4.933817      2.680350
   4560000      4.917205      2.693451
   4580000      4.938339      2.734331
   4600000      4.912001      2.737270
   4620000      4.929777      2.760313
   4640000      4.930190      2.787310
   4660000      4.912779      2.792874
   4680000      4.891927      2.812348
   4700000      4.885385      2.822925
   4720000      4.877943      2.840832
   4740000      4.820624      2.816504
   4760000      4.791760      2.810454
   4780000      4.780040      2.823872
   4800000      4.771674      2.836668
   4820000      4.755219      2.851010
   4840000      4.727263      2.852824
   4860000      4.700177      2.844116
   4880000      4.685705      2.854407
   4900000      4.667082      2.861207
   4920000      4.648799      2.867275
   4940000      4.653445      2.900563
   4960000      4.625008      2.890438
   4980000      4.613822      2.904638
   5000000      4.590750      2.895319
   5020000      4.573419      2.902334
   5040000      4.558220      2.910607
   5060000      4.530725      2.902894
   5080000      4.518219      2.915550
   5100000      4.500224      2.916472
   5120000      4.487840      2.916824
   5140000      4.473239      2.906297
   5160000      4.456907      2.912805
   5180000      4.439829      2.920968
   5200000      4.437958      2.973432
   5220000      4.418667      2.993048
   5240000      4.410453      3.004712
   5260000      4.388720      3.011407
   5280000      4.365509      3.003929
   5300000      4.363157      3.025677
   5320000      4.346065      3.045573
   5340000      4.333237      3.054750
   5360000      4.322071      3.052221
   5380000      4.293111      3.035781
   5400000      4.280221      3.043561
   5420000      4.268392      3.055897
   5440000      4.252852      3.051393
   5460000      4.266361      3.099691
   5480000      4.252009      3.128941
   5500000      4.237869      3.147407
   5520000      4.241713      3.165547
   5540000      4.226664      3.192422
   5560000      4.234447      3.220454
   5580000      4.227284      3.238348
   5600000      4.203697      3.244730
   5620000      4.204127      3.263949
   5640000      4.205424      3.278668
   5660000      4.198052      3.293111
   5680000      4.196408      3.301656
   5700000      4.189513      3.312989
   5720000      4.202792      3.349322
   5740000      4.217775      3.358347
   5760000      4.228025      3.385695
   5780000      4.185073      3.402030
   5800000      4.181470      3.419905
   5820000      4.228061      3.444175
   5840000      4.215728      3.458893
   5860000      4.238539      3.468100
   5880000      4.250082      3.483036
   5900000      4.275734      3.496049
   5920000      4.292734      3.518325
   5940000      4.307311      3.535123
   5960000      4.294196      3.550511
   5980000      4.338438      3.542131
   6000000      4.364424      3.542881
   6020000      4.409854      3.541414
   6040000      4.420128      3.545846
   6060000      4.431655      3.561782
   6080000      4.415262      3.610083
   6100000      4.413033      3.629697
   6120000      4.419198      3.631320
   6140000      4.401103      3.673982
   6160000      4.409420      3.686536
   6180000      4.426603      3.695791
   6200000      4.435782      3.716632
   6220000      4.421265      3.746235
   6240000      4.470154      3.730707
   6260000      4.512166      3.721536
   6280000      4.520842      3.736248
   6300000      4.546919      3.746011
   6320000      4.548373      3.778919
   6340000      4.537141      3.816501
   6360000      4.551069      3.825276
   6380000      4.547817      3.855763
   6400000      4.582398      3.856412
   6420000      4.562952      3.880278
   6440000      4.543597      3.912330
   6460000      4.552806      3.930993
   6480000      4.557298      3.942530
   6500000      4.554989      3.949809
   6520000      4.568777      3.967276
   6540000      4.575537      3.985462
   6560000      4.578500      4.001186
   6580000      4.582047      4.013806
   6600000      4.591252      4.036797
   6620000      4.603232      4.053334
   6640000      4.603425      4.066623
   6660000      4.598175      4.093296
   6680000      4.615275      4.103150
   6700000      4.606503      4.126381
   6720000      4.606871      4.142742
   6740000      4.564042      4.170855
   6760000      4.563359      4.189881
   6780000      4.536484      4.206210
   6800000      4.552896      4.223019
   6820000      4.572298      4.231528
   6840000      4.560843      4.242461
   6860000      4.535944      4.263987
   6880000      4.550538      4.278710
   6900000      4.544706      4.296903
   6920000      4.554660      4.313155
   6940000      4.564421      4.332919
   6960000      4.531253      4.359447
   6980000      4.530981      4.378188
   7000000      4.514722      4.398199
   7020000      4.509457      4.417287
   7040000      4.428870      4.412105
   7060000      4.418592      4.430498
   7080000      4.393879      4.434842
   7100000      4.393484      4.455566
   7120000      4.363104      4.456221
   7140000      4.361938      4.479932
   7160000      4.333805      4.475287
   7180000      4.324921      4.486954
   7200000      4.319518      4.515164
   7220000      4.317240      4.538496
   7240000      4.306649      4.565441
   7260000      4.327395      4.599847
   7280000      4.299673      4.600340
   7300000      4.272120      4.605469
   7320000      4.264594      4.618859
   7340000      4.295424      4.655812
   7360000      4.321841      4.673071
   7380000      4.326460      4.692724
   7400000      4.345222      4.716003
   7420000      4.298895      4.736220
   7440000      4.283131      4.753158
   7460000      4.260514      4.753174
   7480000      4.257157      4.773650
   7500000      4.258272      4.798339
   7520000      4.238285      4.803338
   7540000      4.232346      4.830304
   7560000      4.229810      4.854882
   7580000      4.211177      4.862361
   7600000      4.191016      4.874201
   7620000      4.160011      4.870788
   7640000      4.139945      4.866695
   7660000      4.133844      4.887766
   7680000      4.126128      4.898687
   7700000      4.113600      4.911754
   7720000      4.104127      4.924246
   7740000      4.088946      4.931127
   7760000      4.100086      4.961873
   7780000      4.105729      4.990834
   7800000      4.116224      5.006957
   7820000      4.101493      5.011065
   7840000      4.077321      5.028261
   7860000      4.036473      5.033996
   7880000      4.017597      5.030364
   7900000      4.016770      5.059098
   7920000      4.014676      5.081554
   7940000      3.980353      5.087805
   7960000      3.969764      5.097526
   7980000      3.967534      5.115479
   8000000      3.956967      5.141044
   8020000      3.918447      5.127085
   8040000      3.888412      5.117251
   8060000      3.890432      5.144793
   8080000      3.844067      5.136563
   8100000      3.829939      5.145014
   8120000      3.813976      5.158284
   8140000      3.789074      5.149344
   8160000      3.758676      5.118990
   8180000      3.743621      5.119648
   8200000      3.733443      5.130607
   8220000      3.712876      5.128291
   8240000      3.686857      5.117980
   8260000      3.677635      5.153519
   8280000      3.658189      5.164383
   8300000      3.652927      5.180471
   8320000      3.636442      5.202759
   8340000      3.619658      5.202541
   8360000      3.599885      5.214119
   8380000      3.592602      5.228773
   8400000      3.587957      5.256746
   8420000      3.557539      5.265467
   8440000      3.544641      5.278579
   8460000      3.525594      5.286666
   8480000      3.502462      5.288712
   8500000      3.456444      5.232985
   8520000      3.440975      5.226470
   8540000      3.420075      5.196440
   8560000      3.407153      5.180525
   8580000      3.390963      5.161228
   8600000      3.379902      5.153332
   8620000      3.357133      5.179292
   8640000      3.343982      5.166280
   8660000      3.325505      5.173062
   8680000      3.320862      5.132422
   8700000      3.341838      5.058810
   8720000      3.342143      5.025815
   8740000      3.320566      5.017078
   8760000      3.326670      4.991527
   8780000      3.303402      5.000441
   8800000      3.209878      5.126991
   8820000      3.186493      5.112813
   8840000      3.162096      5.131772
   8860000      3.140507      5.141995
   8880000      3.132404      5.138046
   8900000      3.120868      5.132602
   8920000      3.104711      5.130848
   8940000      3.079466      5.172002
   8960000      3.062920      5.187446
   8980000      3.051659      5.196698
   9000000      3.029422      5.201594
   9020000      3.017082      5.203563
   9040000      3.004187      5.202389
   9060000      2.986341      5.229664
   9080000      2.968750      5.200609
   9100000      2.953115      5.206808
   9120000      2.939098      5.215793
   9140000      2.925612      5.195214
   9160000      2.910380      5.196830
   9180000      2.898638      5.216391
   9200000      2.878408      5.194515
   9220000      2.861336      5.172334
   9240000      2.850870      5.146397
   9260000      2.870289      5.083757
   9280000      2.858165      5.067125
   9300000      2.836116      5.062335
   9320000      2.821432      5.065711
   9340000      2.803453      5.035436
   9360000      2.767119      5.051163
   9380000      2.758165      5.043867
   9400000      2.739735      5.042562
   9420000      2.723654      5.031109
   9440000      2.712620      5.026578
   9460000      2.700053      5.014785
   9480000      2.695875      4.973902
   9500000      2.689178      4.930709
   9520000      2.675901      4.920544
   9540000      2.667216      4.911892
   9560000      2.649773      4.904886
   9580000      2.645492      4.883025
   9600000      2.647478      4.856911
   9620000      2.641725      4.840971
   9640000      2.642571      4.825846
   9660000      2.638122      4.812387
   9680000      2.630288      4.799828
   9700000      2.612123      4.782576
   9720000      2.620225      4.760867
   9740000      2.605651      4.750470
   9760000      2.602102      4.732348
   9780000      2.573739      4.733397
   9800000      2.561497      4.726238
   9820000      2.543301      4.722383
   9840000      2.511544      4.723852
   9860000      2.496286      4.719201
   9880000      2.488822      4.710536
   9900000      2.494745      4.687104
   9920000      2.467561      4.701069
   9940000      2.461379      4.678100
   9960000      2.456992      4.660540
   9980000      2.434785      4.669779
  10000000      2.423977      4.646598
