         0      4.000000      0.000000
     20000      4.007327     -0.001185
     40000      4.010590      0.005708
     60000      4.012045      0.001136
     80000      4.011311     -0.013008
    100000      4.014309      0.018826
    120000      4.007097      0.039862
    140000      4.017871      0.034566
    160000      4.028833      0.045904
    180000      4.036462      0.034179
    200000      4.043566      0.030763
    220000      4.048270      0.030157
    240000      4.063796     -0.111407
    260000      4.071113     -0.123174
    280000      4.070851     -0.141536
    300000      4.082636     -0.133488
    320000      4.081194     -0.146876
    340000      4.088009     -0.148566
    360000      4.117264     -0.103443
    380000      4.125280     -0.098440
    400000      4.133117     -0.092026
    420000      4.142066     -0.084715
    440000      4.155774     -0.089712
    460000      4.163124     -0.079101
    480000      4.161856     -0.151134
    500000      4.180154     -0.134791
    520000      4.181840     -0.182152
    540000      4.188427     -0.160946
    560000      4.201809     -0.165487
    580000      4.211538     -0.158759
    600000      4.219392     -0.163972
    620000      4.226870     -0.168837
    640000      4.239160     -0.160037
    660000      4.230048     -0.195879
    680000      4.244312     -0.198852
    700000      4.244635     -0.209820
    720000      4.244026     -0.218922
    740000      4.260604     -0.216547
    760000      4.260654     -0.237686
    780000      4.274916     -0.230366
    800000      4.280891     -0.238544
    820000      4.282827     -0.245930
    840000      4.297041     -0.256570
    860000      4.294876     -0.268311
    880000      4.317212     -0.266831
    900000      4.301810     -0.297822
    920000      4.324363     -0.297598
    940000      4.306217     -0.326469
    960000      4.298036     -0.341548
    980000      4.318352     -0.341636
   1000000      4.335861     -0.350178
   1020000      4.357365     -0.336009
   1040000      4.379167     -0.322666
   1060000      4.382937     -0.336115
   1080000      4.403820     -0.339570
   1100000      4.404626     -0.347693
   1120000      4.421150     -0.348854
   1140000      4.436619     -0.339944
   1160000      4.425594     -0.374209
   1180000      4.442624     -0.368581
   1200000      4.440758     -0.380494
   1220000      4.460498     -0.378545
   1240000      4.459551     -0.395568
   1260000      4.474910     -0.399083
   1280000      4.484455     -0.397523
   1300000      4.502770     -0.389045
   1320000      4.519400     -0.385947
   1340000      4.531639     -0.380097
   1360000      4.521475     -0.410915
   1380000      4.522110     -0.417598
   1400000      4.526558     -0.408447
   1420000      4.520256     -0.418571
   1440000      4.521781     -0.435649
   1460000      4.534953     -0.449183
   1480000      4.554052     -0.436237
   1500000      4.552531     -0.451489
   1520000      4.551171     -0.459364
   1540000      4.667576     -0.327613
   1560000      4.669789     -0.325147
   1580000      4.673315     -0.336838
   1600000      4.681088     -0.341184
   1620000      4.683653     -0.349299
   1640000      4.694347     -0.341565
   1660000      4.701741     -0.352393
   1680000      4.707981     -0.355326
   1700000      4.711644     -0.370935
   1720000      4.717635     -0.382148
   1740000      4.735579     -0.379933
   1760000      4.743063     -0.402508
   1780000      4.755633     -0.404700
   1800000      4.766958     -0.408428
   1820000      4.782161     -0.408572
   1840000      4.799538     -0.396795
   1860000      4.822342     -0.342845
   1880000      4.829106     -0.362271
   1900000      4.838853     -0.358560
   1920000      4.848355     -0.369093
   1940000      4.862040     -0.349265
   1960000      4.874123     -0.343175
   1980000      4.881253     -0.371248
   2000000      4.887043     -0.393079
   2020000      4.907472     -0.374015
   2040000      4.915790     -0.369101
   2060000      4.922308     -0.365886
   2080000      4.933085     -0.355085
   2100000      4.937316     -0.347183
   2120000      4.945874     -0.352638
   2140000      4.962769     -0.391111
   2160000      4.968457     -0.383017
   2180000      4.974079     -0.388332
   2200000      4.991025     -0.403806
   2220000      4.999941     -0.398865
   2240000      4.995463     -0.427581
   2260000      4.965481     -0.437987
   2280000      4.963512     -0.508293
   2300000      4.946957     -0.542516
   2320000      4.965958     -0.541485
   2340000      4.987891     -0.527033
   2360000      4.927553     -0.600297
   2380000      4.961597     -0.593285
   2400000      4.980969     -0.593861
   2420000      4.998919     -0.601639
   2440000      5.002695     -0.613505
   2460000      5.026040     -0.580222
   2480000      5.050789     -0.551769
   2500000      5.058359     -0.556846
   2520000      5.067347     -0.567324
   2540000      5.073558     -0.563888
   2560000      5.086635     -0.558444
   2580000      5.082948     -0.556894
   2600000      5.101404     -0.548746
   2620000      5.111648     -0.569283
   2640000      5.118024     -0.578434
   2660000      5.121659     -0.582528
   2680000      5.128617     -0.571032
   2700000      5.141372     -0.560763
   2720000      5.144777     -0.562522
   2740000      5.159685     -0.564126
   2760000      5.175610     -0.581622
   2780000      5.187626     -0.568656
   2800000      5.198704     -0.599856
   2820000      5.204595     -0.611893
   2840000      5.216775     -0.603652
   2860000      5.223593     -0.599164
   2880000      5.234121     -0.598757
   2900000      5.237922     -0.613546
   2920000      5.243008     -0.620552
   2940000      5.255790     -0.614398
   2960000      5.262004     -0.622357
   2980000      5.277906     -0.617408
   3000000      5.284406     -0.640186
   3020000      5.290255     -0.659190
   3040000      5.316209     -0.605879
   3060000      5.323574     -0.607458
   3080000      5.329510     -0.614443
   3100000      5.341673     -0.618504
   3120000      5.350062     -0.628326
   3140000      5.354984     -0.654049
   3160000      5.369658     -0.655426
   3180000      5.376374     -0.648652
   3200000      5.403082     -0.653531
   3220000      5.418145     -0.655589
   3240000      5.425067     -0.671972
   3260000      5.434426     -0.684745
   3280000      5.447266     -0.701038
   3300000      5.466827     -0.672089
   3320000      5.483805     -0.644551
   3340000      5.493503     -0.643258
   3360000      5.503117     -0.639753
   3380000      5.518968     -0.622653
   3400000      5.534106     -0.604213
   3420000      5.544874     -0.594911
   3440000      5.554011     -0.586853
   3460000      5.565487     -0.583544
   3480000      5.568374     -0.644559
   3500000      5.583968     -0.621190
   3520000      5.589004     -0.629237
   3540000      5.595881     -0.643343
   3560000      5.609203     -0.623622
   3580000      5.620561     -0.636689
   3600000      5.623376     -0.657618
   3620000      5.637410     -0.597745
   3640000      5.646121     -0.637289
   3660000      5.656449     -0.622121
   3680000      5.656380     -0.674063
   3700000      5.653945     -0.713343
   3720000      5.671595     -0.713971
   3740000      5.677376     -0.709155
   3760000      5.687235     -0.746505
   3780000      5.692176     -0.749766
   3800000      5.704490     -0.743243
   3820000      5.716092     -0.742648
   3840000      5.730788     -0.732814
   3860000      5.735090     -0.742543
   3880000      5.743313     -0.746944
   3900000      5.757026     -0.722295
   3920000      5.765699     -0.721213
   3940000      5.778975     -0.710372
   3960000      5.780748     -0.747614
   3980000      5.791831     -0.749900
   4000000      5.808758     -0.701587
   4020000      5.820483     -0.685578
   4040000      5.824142     -0.697016
   4060000      5.832118     -0.694329
   4080000      5.839588     -0.689974
   4100000      5.848732     -0.680431
   4120000      5.861895     -0.679335
   4140000      5.866362     -0.672381
   4160000      5.874467     -0.669361
   4180000      5.888955     -0.670786
   4200000      5.898195     -0.673433
   4220000      5.913334     -0.663284
   4240000      5.916432     -0.666960
   4260000      5.924765     -0.658976
   4280000      5.951272     -0.684350
   4300000      5.962963     -0.680410
   4320000      5.974145     -0.685722
   4340000      5.984446     -0.680666
   4360000      5.999313     -0.675795
   4380000      6.009139     -0.682258
   4400000      6.019248     -0.697393
   4420000      6.032373     -0.694567
   4440000      6.041465     -0.701801
   4460000      6.044219     -0.699532
   4480000      6.049202     -0.702641
   4500000      6.056435     -0.694447
   4520000      6.070030     -0.702118
   4540000      6.079460     -0.712871
   4560000      6.095613     -0.735883
   4580000      6.102915     -0.746423
   4600000      6.114710     -0.737087
   4620000      6.126761     -0.725472
   4640000      6.135898     -0.721364
   4660000      6.145444     -0.716928
   4680000      6.154976     -0.729976
   4700000      6.165275     -0.748870
   4720000      6.171447     -0.777312
   4740000      6.189329     -0.776322
   4760000      6.193742     -0.788876
   4780000      6.199024     -0.795994
   4800000      6.225141     -0.755145
   4820000      6.230136     -0.755713
   4840000      6.239246     -0.757634
   4860000      6.247011     -0.763377
   4880000      6.254340     -0.764760
   4900000      6.263128     -0.768514
   4920000      6.270357     -0.758202
   4940000      6.282940     -0.748360
   4960000      6.290270     -0.750457
   4980000      6.298238     -0.755057
   5000000      6.302354     -0.762183
   5020000      6.311409     -0.753844
   5040000      6.324067     -0.766715
   5060000      6.330215     -0.764399
   5080000      6.342695     -0.755423
   5100000      6.356011     -0.747153
   5120000      6.365351     -0.750840
   5140000      6.375030     -0.752713
   5160000      6.380469     -0.740464
   5180000      6.393853     -0.768916
   5200000      6.408372     -0.796802
   5220000      6.414338     -0.809815
   5240000      6.423927     -0.826063
   5260000      6.421589     -0.852017
   5280000      6.430371     -0.865655
   5300000      6.420012     -0.887215
   5320000      6.445483     -0.871323
   5340000      6.459346     -0.871282
   5360000      6.469231     -0.866383
   5380000      6.471469     -0.883256
   5400000      6.478190     -0.890824
   5420000      6.490946     -0.882028
   5440000      6.488393     -0.901205
   5460000      6.496241     -0.913205
   5480000      6.507207     -0.911249
   5500000      6.517607     -0.925360
   5520000      6.547359     -0.897619
   5540000      6.558666     -0.901108
   5560000      6.565047     -0.901612
   5580000      6.583011     -0.895784
   5600000      6.576849     -0.955666
   5620000      6.585328     -0.974414
   5640000      6.579060     -0.988075
   5660000      6.637581     -0.901990
   5680000      6.639401     -0.918306
   5700000      6.646915     -0.919179
   5720000      6.659136     -0.918175
   5740000      6.651968     -0.940022
   5760000      6.660998     -0.954001
   5780000      6.671259     -0.952813
   5800000      6.684230     -0.938412
   5820000      6.675093     -0.983181
   5840000      6.686727     -0.961830
   5860000      6.701186     -0.967639
   5880000      6.713164     -0.965177
   5900000      6.718386     -0.968748
   5920000      6.726865     -0.970057
   5940000      6.732293     -0.974838
   5960000      6.752002     -0.978437
   5980000      6.767526     -0.964257
   6000000      6.780527     -0.962859
   6020000      6.793554     -0.977162
   6040000      6.795307     -0.998138
   6060000      6.806981     -0.970389
   6080000      6.806376     -0.950395
   6100000      6.813026     -0.957033
   6120000      6.821855     -0.963817
   6140000      6.833721     -0.983372
   6160000      6.847790     -0.965726
   6180000      6.848066     -0.953588
   6200000      6.853632     -0.942063
   6220000      6.856699     -0.930675
   6240000      6.871669     -0.936939
   6260000      6.878392     -0.927317
   6280000      6.883728     -0.917700
   6300000      6.887587     -0.907866
   6320000      6.904974     -0.922506
   6340000      6.907713     -0.915095
   6360000      6.911380     -0.902835
   6380000      6.924388     -0.907589
   6400000      6.930154     -0.904653
   6420000      6.941210     -0.892437
   6440000      6.946415     -0.894967
   6460000      6.953245     -0.904227
   6480000      6.955190     -0.892900
   6500000      6.967697     -0.874621
   6520000      6.972979     -0.859989
   6540000      6.977678     -0.862768
   6560000      6.981319     -0.863199
   6580000      6.995254     -0.871934
   6600000      7.004415     -0.877609
   6620000      7.007178     -0.869774
   6640000      7.023238     -0.859455
   6660000      7.032896     -0.852801
   6680000      7.036005     -0.825294
   6700000      7.049034     -0.833265
   6720000      7.062987     -0.842488
   6740000      7.061463     -0.821943
   6760000      7.073751     -0.822394
   6780000      7.089800     -0.833147
   6800000      7.097280     -0.823058
   6820000      7.102167     -0.808863
   6840000      7.104781     -0.794448
   6860000      7.117392     -0.789673
   6880000      7.128098     -0.785817
   6900000      7.134356     -0.771787
   6920000      7.146696     -0.777270
   6940000      7.161990     -0.776238
   6960000      7.168363     -0.772004
   6980000      7.174153     -0.769899
   7000000      7.179173     -0.754100
   7020000      7.183195     -0.747718
   7040000      7.187902     -0.730073
   7060000      7.199943     -0.739405
   7080000      7.208101     -0.733046
   7100000      7.210516     -0.724831
   7120000      7.218117     -0.716535
   7140000      7.233356     -0.714220
   7160000      7.257482     -0.734732
   7180000      7.261442     -0.725942
   7200000      7.260584     -0.708888
   7220000      7.267979     -0.693033
   7240000      7.289272     -0.706712
   7260000      7.292430     -0.697114
   7280000      7.303791     -0.688965
   7300000      7.311863     -0.688676
   7320000      7.335681     -0.713272
   7340000      7.352384     -0.721767
   7360000      7.358526     -0.715790
   7380000      7.369708     -0.712619
   7400000      7.380049     -0.719511
   7420000      7.391642     -0.734672
   7440000      7.400110     -0.739667
   7460000      7.373802     -0.636202
   7480000      7.365646     -0.598884
   7500000      7.360708     -0.590403
   7520000      7.400397     -0.613808
   7540000      7.399903     -0.595421
   7560000      7.411775     -0.590389
   7580000      7.435136     -0.606063
   7600000      7.432484     -0.597714
   7620000      7.448345     -0.591583
   7640000      7.462584     -0.589822
   7660000      7.470408     -0.591421
   7680000      7.453606     -0.548282
   7700000      7.458987     -0.540515
   7720000      7.454074     -0.531042
   7740000      7.456505     -0.523375
   7760000      7.461031     -0.515490
   7780000      7.464683     -0.504092
   7800000      7.473912     -0.502009
   7820000      7.474506     -0.494004
   7840000      7.490495     -0.491208
   7860000      7.509552     -0.501636
   7880000      7.505290     -0.479362
   7900000      7.503217     -0.469787
   7920000      7.514558     -0.467063
   7940000      7.527864     -0.467151
   7960000      7.533338     -0.467355
   7980000      7.557072     -0.474560
   8000000      7.563434     -0.471077
   8020000      7.575370     -0.462373
   8040000      7.586134     -0.457337
   8060000      7.582871     -0.441220
   8080000      7.589744     -0.430258
   8100000      7.603677     -0.435430
   8120000      7.612049     -0.433347
   8140000      7.624772     -0.436587
   8160000      7.620487     -0.414268
   8180000      7.624603     -0.427957
   8200000      7.591038     -0.347612
   8220000      7.577934     -0.321006
   8240000      7.591919     -0.317168
   8260000      7.597467     -0.311149
   8280000      7.622801     -0.315833
   8300000      7.632112     -0.316280
   8320000      7.632883     -0.302482
   8340000      7.637856     -0.289842
   8360000      7.645394     -0.285592
   8380000      7.647710     -0.275161
   8400000      7.640301     -0.258247
   8420000      7.650627     -0.247913
   8440000      7.649933     -0.232702
   8460000      7.665144     -0.232932
   8480000      7.698052     -0.249694
   8500000      7.704771     -0.239162
   8520000      7.700001     -0.217861
   8540000      7.685036     -0.205710
   8560000      7.714578     -0.213002
   8580000      7.784191     -0.266302
   8600000      7.746383     -0.216863
   8620000      7.759273     -0.218557
   8640000      7.752830     -0.194334
   8660000      7.753932     -0.183710
   8680000      7.757480     -0.164890
   8700000      7.759170     -0.152587
   8720000      7.747026     -0.129634
   8740000      7.766665     -0.132988
   8760000      7.790603     -0.144195
   8780000      7.752484     -0.095345
   8800000      7.749929     -0.086461
   8820000      7.741575     -0.072910
   8840000      7.759841     -0.070052
   8860000      7.772725     -0.064124
   8880000      7.774068     -0.054862
   8900000      7.804330     -0.066941
   8920000      7.808438     -0.058960
   8940000      7.819712     -0.054023
   8960000      7.826310     -0.053015
   8980000      7.841817     -0.055082
   9000000      7.866833     -0.073137
   9020000      7.871114     -0.058111
   9040000      7.873667     -0.044139
   9060000      7.882746     -0.024543
   9080000      7.903748     -0.028679
   9100000      7.914936     -0.022697
   9120000      7.926573     -0.019171
   9140000      7.929248     -0.013453
   9160000      7.924968      0.002497
   9180000      7.915127      0.017831
   9200000      7.925055      0.015795
   9220000      7.922973      0.022015
   9240000      7.909777      0.036454
   9260000      7.898161      0.054864
   9280000      7.904485      0.055007
   9300000      7.915504      0.062123
   9320000      7.912535      0.064645
   9340000      7.913204      0.072359
   9360000      7.917813      0.080697
   9380000      7.933803      0.083718
   9400000      7.932658      0.089084
   9420000      7.935208      0.097751
   9440000      7.921566      0.112937
   9460000      7.924621      0.121206
   9480000      7.927678      0.130466
   9500000      7.947297      0.131863
   9520000      7.967103      0.133304
   9540000      7.975562      0.132614
   9560000      7.990690      0.127975
   9580000      7.983885      0.145585
   9600000      8.006519      0.146637
   9620000      8.008990      0.150925
   9640000      8.012491      0.151985
   9660000      7.999610      0.168479
   9680000      8.011481      0.169570
   9700000      8.029282      0.156275
   9720000      8.030046      0.163576
   9740000      8.044970      0.169869
   9760000      8.042567      0.188261
   9780000      8.056679      0.182493
   9800000      8.087731      0.174115
   9820000      8.090596      0.178718
   9840000      8.097162      0.185964
   9860000      8.099773      0.182324
   9880000      8.098835      0.196251
   9900000      8.112266      0.200151
   9920000      8.108989      0.217108
   9940000      8.127793      0.210715
   9960000      8.135245      0.213027
   9980000      8.145831      0.219653
  10000000      8.153614      0.217839
