         0      4.000000      0.000000
     20000      4.000980      0.006090
     40000      4.002470      0.006958
     60000      4.000998     -0.002967
     80000      4.003126     -0.002975
    100000      4.000553      0.006867
    120000      4.000967     -0.005810
    140000      4.000578     -0.000383
    160000      4.002374     -0.008483
    180000      4.000958     -0.006764
    200000      4.001136     -0.010439
    220000      4.000722      0.008008
    240000      4.000565      0.000434
    260000      4.002354     -0.001713
    280000      4.000776     -0.004695
    300000      4.001586     -0.001057
    320000      4.001768      0.005790
    340000      4.001492     -0.000036
    360000      3.999971      0.000593
    380000      3.999645      0.001041
    400000      4.000359     -0.002295
    420000      4.000741      0.003691
    440000      4.002941     -0.001653
    460000      4.003590     -0.003780
    480000      4.003154      0.001329
    500000      4.003735      0.010515
    520000      4.001628      0.006589
    540000      4.002007      0.015465
    560000      4.002225      0.002240
    580000      4.002100      0.007167
    600000      4.003212     -0.005483
    620000      4.002304      0.000319
    640000      4.002955     -0.005359
    660000      4.001991     -0.001356
    680000      4.002790      0.001554
    700000      4.000784      0.006563
    720000      3.999700     -0.004022
    740000      4.000588     -0.000459
    760000      4.000295      0.002224
    780000      4.001116      0.007486
    800000      4.001535      0.005807
    820000      4.004976     -0.002968
    840000      4.002894     -0.003917
    860000      4.002147     -0.001606
    880000      4.000321      0.003721
    900000      4.001730     -0.000661
    920000      4.001535     -0.006281
    940000      4.001690     -0.005284
    960000      4.002049      0.000163
    980000      4.000663      0.002155
   1000000      4.003655      0.003553
   1020000      4.002826      0.009970
   1040000      4.001569      0.013853
   1060000      4.002213      0.002504
   1080000      4.002369      0.002650
   1100000      4.001124     -0.006046
   1120000      4.001967     -0.005409
   1140000      4.001997     -0.000903
   1160000      4.002959     -0.009576
   1180000      4.001397      0.007509
   1200000      4.001922     -0.001308
   1220000      4.002288      0.009043
   1240000      4.002190      0.009111
   1260000      4.000597      0.000017
   1280000      4.002196     -0.001453
   1300000      4.002044     -0.003675
   1320000      4.003558      0.001310
   1340000      4.002388     -0.004342
   1360000      4.002265      0.000752
   1380000      4.002726      0.003605
   1400000      4.002641      0.009091
   1420000      4.002835      0.004085
   1440000      4.002654      0.006517
   1460000      4.003719     -0.001156
   1480000      4.002614     -0.006277
   1500000      4.003520      0.002004
   1520000      4.001679     -0.008380
   1540000      4.002522     -0.005175
   1560000      4.002424     -0.001665
   1580000      4.002055      0.002058
   1600000      4.001668      0.001711
   1620000      4.001493      0.009607
   1640000      4.001505      0.008356
   1660000      4.002740      0.005644
   1680000      4.001652      0.003542
   1700000      4.001893     -0.002438
   1720000      4.002130     -0.001615
   1740000      4.001006      0.000219
   1760000      4.000086     -0.002257
   1780000      4.003577     -0.005810
   1800000      4.002502      0.000449
   1820000      4.001453     -0.003216
   1840000      4.002834     -0.003291
   1860000      4.002068     -0.005575
   1880000      4.001997     -0.005758
   1900000      4.001668     -0.004369
   1920000      4.003887     -0.002345
   1940000      4.001459      0.000168
   1960000      4.000834      0.008784
   1980000      4.001299      0.010333
   2000000      4.003560      0.003962
   2020000      4.002204      0.008412
   2040000      4.000834      0.002466
   2060000      4.003121      0.004956
   2080000      4.001803     -0.004772
   2100000      4.001787     -0.003158
   2120000      4.001927     -0.002320
   2140000      4.002575      0.000493
   2160000      4.001569     -0.005291
   2180000      4.001691     -0.005008
   2200000      4.001303      0.002474
   2220000      4.002928     -0.000915
   2240000      4.003192     -0.000704
   2260000      4.001651      0.001875
   2280000      4.001418     -0.002735
   2300000      4.002736     -0.000836
   2320000      4.003739      0.000027
   2340000      4.003038      0.004467
   2360000      4.003801     -0.006459
   2380000      4.001524      0.000021
   2400000      4.003019     -0.003183
   2420000      4.000164      0.004574
   2440000      4.002299      0.001515
   2460000      4.002343     -0.000211
   2480000      4.001982      0.000446
   2500000      4.002637     -0.004393
   2520000      4.002736     -0.001615
   2540000      4.002910     -0.000116
   2560000      4.002864      0.003003
   2580000      4.001524      0.001591
   2600000      4.002335      0.003789
   2620000      4.001816     -0.006150
   2640000      4.000252     -0.003930
   2660000      4.002100      0.008129
   2680000      4.003933      0.003569
   2700000      4.001963     -0.006987
   2720000      4.002670      0.004211
   2740000      4.000086      0.004230
   2760000      4.000862      0.008531
   2780000      4.002445     -0.004894
   2800000      3.999940      0.012005
   2820000      4.000685     -0.004314
   2840000      4.003592     -0.004289
   2860000      4.000766     -0.006282
   2880000      4.000929     -0.000270
   2900000      4.001264      0.002715
   2920000      4.002277      0.005030
   2940000      4.001632      0.007144
   2960000      4.000936     -0.001404
   2980000      4.001852      0.008385
   3000000      4.002892      0.002256
   3020000      4.001671     -0.002120
   3040000      4.001253      0.000307
   3060000      4.001509     -0.006543
   3080000      4.001655      0.007794
   3100000      4.002598      0.003941
   3120000      4.001866      0.002024
   3140000      4.000235      0.015966
   3160000      4.000223      0.000332
   3180000      4.003920     -0.009660
   3200000      4.000066      0.001330
   3220000      4.001109      0.000620
   3240000      4.003334      0.000653
   3260000      4.003475      0.003842
   3280000      4.002612      0.004411
   3300000      4.003176      0.007092
   3320000      4.004368      0.005459
   3340000      4.002032      0.003603
   3360000      4.003057     -0.003927
   3380000      4.003684      0.004452
   3400000      4.001870      0.001724
   3420000      4.003861      0.000593
   3440000      4.002931      0.000736
   3460000      4.002591     -0.002405
   3480000      4.002405      0.001401
   3500000      4.001591     -0.000976
   3520000      4.001389      0.002781
   3540000      4.000737      0.004175
   3560000      4.000829     -0.002285
   3580000      4.003294     -0.007729
   3600000      4.001428     -0.005396
   3620000      4.003117     -0.005999
   3640000      4.000521     -0.002293
   3660000      4.000375      0.007046
   3680000      4.000411      0.004866
   3700000      3.999648      0.004859
   3720000      4.001581     -0.000376
   3740000      4.002182     -0.006353
   3760000      4.002073     -0.001681
   3780000      4.002859     -0.001965
   3800000      4.002434     -0.006269
   3820000      3.999960      0.001044
   3840000      4.000931     -0.001971
   3860000      4.002305     -0.003415
   3880000      4.002956     -0.001817
   3900000      4.002105     -0.002469
   3920000      4.005626      0.002672
   3940000      4.002888     -0.001281
   3960000      4.001840      0.003235
   3980000      4.001517      0.013178
   4000000      4.002604      0.013571
   4020000      3.999121      0.001780
   4040000      4.002234     -0.000717
   4060000      4.003322     -0.002451
   4080000      4.002008      0.003175
   4100000      4.002537      0.002193
   4120000      4.002215      0.003803
   4140000      4.003305      0.006319
   4160000      4.000104      0.007027
   4180000      4.002780      0.005774
   4200000      4.002280     -0.010091
   4220000      4.001519     -0.009283
   4240000      4.001381     -0.008943
   4260000      4.001564     -0.003483
   4280000      4.000404     -0.001262
   4300000      4.001901     -0.001787
   4320000      4.001802      0.003897
   4340000      4.003450      0.003078
   4360000      4.001882     -0.001310
   4380000      4.000642     -0.002785
   4400000      4.001350      0.001454
   4420000      4.000215      0.002809
   4440000      4.003145      0.013878
   4460000      4.002742      0.015931
   4480000      4.000435      0.007097
   4500000      4.000780     -0.002482
   4520000      4.000810     -0.010434
   4540000      4.000531      0.005297
   4560000      4.002797      0.010741
   4580000      4.002794      0.007989
   4600000      4.004124      0.012312
   4620000      4.003681      0.010022
   4640000      4.001507      0.004495
   4660000      4.003802      0.009823
   4680000      4.002376     -0.002090
   4700000      4.001207     -0.005187
   4720000      4.000488     -0.004349
   4740000      4.002970     -0.007585
   4760000      4.002839      0.007091
   4780000      4.003071      0.000092
   4800000      4.001272      0.002960
   4820000      4.000891     -0.004068
   4840000      4.002917     -0.007091
   4860000      4.001251     -0.000758
   4880000      3.999406      0.008719
   4900000      4.002370      0.008015
   4920000      4.001623      0.009322
   4940000      4.001372     -0.002037
   4960000      4.000669     -0.006326
   4980000      4.003002      0.002410
   5000000      4.002257     -0.001972
   5020000      4.001726      0.002873
   5040000      4.000593      0.011668
   5060000      4.004280     -0.001175
   5080000      4.002655      0.006302
   5100000      4.000689      0.000827
   5120000      4.001933     -0.001901
   5140000      4.000800      0.005547
   5160000      4.000360      0.004735
   5180000      4.002126     -0.008556
   5200000      4.003352      0.011696
   5220000      4.001002     -0.001831
   5240000      4.001799     -0.007765
   5260000      4.002349      0.002880
   5280000      4.000335      0.009106
   5300000      4.004276      0.011071
   5320000      4.003760      0.002028
   5340000      4.003476     -0.001541
   5360000      4.002154      0.004797
   5380000      4.002998     -0.005190
   5400000      4.002935      0.005251
   5420000      4.003329      0.004169
   5440000      4.005198      0.000590
   5460000      4.002420      0.006279
   5480000      4.003612      0.002047
   5500000      4.001851      0.004207
   5520000      4.002124     -0.004041
   5540000      4.000783     -0.004162
   5560000      4.004017     -0.000582
   5580000      4.001002      0.000692
   5600000      4.004803     -0.001261
   5620000      4.004196     -0.006149
   5640000      4.004707     -0.001330
   5660000      4.003989     -0.006464
   5680000      4.001576      0.000785
   5700000      4.002226     -0.003469
   5720000      3.999360     -0.007657
   5740000      4.001860     -0.000381
   5760000      4.002746      0.008261
   5780000      4.001612      0.004725
   5800000      4.002070      0.004834
   5820000      4.001398      0.004340
   5840000      4.001365      0.000266
   5860000      4.001929     -0.001248
   5880000      4.000416     -0.003680
   5900000      4.001952     -0.008326
   5920000      4.002255     -0.004366
   5940000      4.003208     -0.004388
   5960000      4.003686     -0.003883
   5980000      4.000896     -0.003258
   6000000      4.000637      0.006506
   6020000      4.000711      0.000531
   6040000      4.002574      0.006211
   6060000      4.002630     -0.002782
   6080000      4.002029      0.000260
   6100000      4.001957     -0.001274
   6120000      4.003008      0.000386
   6140000      4.002098     -0.001805
   6160000      4.000888      0.000432
   6180000      4.002147      0.004582
   6200000      4.001723     -0.000556
   6220000      4.001255     -0.000089
   6240000      4.003187     -0.008403
   6260000      4.002454     -0.005275
   6280000      4.001520      0.006002
   6300000      4.002368      0.004939
   6320000      4.001703     -0.003769
   6340000      4.001363     -0.002855
   6360000      4.001460     -0.005075
   6380000      4.000394     -0.004589
   6400000      4.003433      0.002537
   6420000      4.002703      0.006072
   6440000      4.001029     -0.005296
   6460000      3.999647     -0.010699
   6480000      4.002090     -0.002346
   6500000      4.001157      0.007373
   6520000      4.002754     -0.004197
   6540000      4.002723     -0.008116
   6560000      4.001101     -0.004300
   6580000      4.003014      0.003610
   6600000      4.002298      0.001877
   6620000      4.001870      0.000394
   6640000      4.001911      0.001251
   6660000      4.001018     -0.000483
   6680000      4.001022      0.002037
   6700000      4.000433      0.010836
   6720000      4.002159      0.010588
   6740000      4.002592      0.003252
   6760000      4.002805     -0.000459
   6780000      4.000736      0.006613
   6800000      4.002108      0.003692
   6820000      4.001924      0.010196
   6840000      4.001373     -0.005827
   6860000      4.001930     -0.009154
   6880000      4.002322     -0.000289
   6900000      4.001448     -0.007678
   6920000      3.999003     -0.002951
   6940000      3.999326      0.000375
   6960000      4.003649      0.004225
   6980000      4.001700      0.004601
   7000000      4.003510      0.008789
   7020000      4.001949     -0.006873
   7040000      4.000555     -0.002445
   7060000      4.000539     -0.006487
   7080000      4.001519     -0.000540
   7100000      4.002283     -0.001911
   7120000      4.003339     -0.001371
   7140000      4.003005      0.005592
   7160000      4.001319     -0.001734
   7180000      4.002465     -0.006264
   7200000      4.000799      0.003533
   7220000      4.002351      0.003349
   7240000      4.001379      0.003098
   7260000      4.001365      0.003020
   7280000      4.002379     -0.000990
   7300000      4.001796      0.001551
   7320000      4.001733     -0.000769
   7340000      4.003658     -0.005447
   7360000      4.001311      0.003233
   7380000      4.001806      0.001353
   7400000      4.001388     -0.002505
   7420000      4.001142     -0.000386
   7440000      4.001484     -0.004744
   7460000      4.003004      0.007444
   7480000      4.002350      0.004492
   7500000      4.001353     -0.001989
   7520000      4.001248      0.000098
   7540000      4.002255      0.004933
   7560000      4.002747      0.007002
   7580000      4.003370      0.000935
   7600000      4.003001      0.007244
   7620000      4.002031      0.005466
   7640000      4.002798      0.001798
   7660000      4.001915      0.002885
   7680000      4.002883     -0.000601
   7700000      4.002447     -0.005922
   7720000      4.004801     -0.001917
   7740000      4.003592      0.003667
   7760000      4.002945      0.000839
   7780000      4.002887      0.004984
   7800000      4.001510     -0.008857
   7820000      4.002796     -0.002718
   7840000      4.002886     -0.000546
   7860000      4.001953     -0.003241
   7880000      4.002428      0.007257
   7900000      4.003079      0.000993
   7920000      4.002963      0.000388
   7940000      4.002821     -0.011528
   7960000      4.001933     -0.005639
   7980000      4.003117     -0.007316
   8000000      4.002856     -0.000102
   8020000      4.003519     -0.000515
   8040000      4.002899     -0.006892
   8060000      4.001293      0.000651
   8080000      4.003020      0.002390
   8100000      4.001547      0.001237
   8120000      4.003547     -0.000987
   8140000      4.000378      0.002175
   8160000      4.001756     -0.001540
   8180000      4.003049     -0.005269
   8200000      4.003350     -0.004118
   8220000      4.000858      0.004327
   8240000      4.002971     -0.007158
   8260000      4.002692     -0.000051
   8280000      4.002319     -0.002641
   8300000      4.002199     -0.002163
   8320000      4.002489      0.000027
   8340000      4.000321     -0.005009
   8360000      4.003094     -0.002862
   8380000      4.002092      0.002244
   8400000      4.000423      0.008206
   8420000      4.002399      0.002708
   8440000      4.001455     -0.000239
   8460000      4.000550     -0.006492
   8480000      4.004515      0.002938
   8500000      4.001900      0.003079
   8520000      4.001837     -0.001569
   8540000      4.002650      0.006090
   8560000      4.001309     -0.000377
   8580000      4.000915      0.007444
   8600000      4.003049     -0.002960
   8620000      4.002776     -0.006182
   8640000      4.002037     -0.000314
   8660000      4.003312      0.000971
   8680000      4.003209      0.006059
   8700000      4.001518      0.010717
   8720000      4.002445     -0.006720
   8740000      4.002807     -0.001517
   8760000      4.001252     -0.005455
   8780000      4.001425     -0.000734
   8800000      4.002797     -0.000654
   8820000      4.001329      0.004667
   8840000      4.001078      0.006952
   8860000      4.000824     -0.006342
   8880000      4.001925      0.003713
   8900000      4.001286      0.002125
   8920000      4.001328      0.006710
   8940000      4.001701      0.006862
   8960000      4.001592      0.014237
   8980000      4.001709      0.000029
   9000000      4.001754      0.003381
   9020000      4.001925      0.007630
   9040000      4.003637      0.005937
   9060000      4.000131     -0.000088
   9080000      4.002356     -0.000806
   9100000      4.001028      0.002204
   9120000      4.001205      0.003649
   9140000      4.001072     -0.004206
   9160000      4.000485     -0.001781
   9180000      4.003433      0.000281
   9200000      4.002419      0.005075
   9220000      4.002243      0.005609
   9240000      4.003586      0.002645
   9260000      4.000816     -0.003662
   9280000      4.002523      0.003220
   9300000      4.001977      0.000509
   9320000      4.000065     -0.002744
   9340000      4.001862      0.000351
   9360000      4.001258      0.001662
   9380000      4.001197      0.004340
   9400000      4.003385      0.007626
   9420000      4.002792      0.002872
   9440000      4.002585      0.001225
   9460000      4.001876      0.005288
   9480000      4.002386     -0.005276
   9500000      4.001282      0.001024
   9520000      4.001785     -0.001301
   9540000      4.004374      0.005465
   9560000      4.003635      0.002023
   9580000      4.003288      0.003764
   9600000      4.002580      0.000003
   9620000      4.003511     -0.006182
   9640000      4.004999     -0.005403
   9660000      4.003368      0.001342
   9680000      4.000757     -0.003869
   9700000      4.002544     -0.006440
   9720000      4.003419      0.002396
   9740000      4.002557      0.000262
   9760000      4.002370      0.000690
   9780000      4.001639     -0.003294
   9800000      4.001810     -0.004630
   9820000      4.002264      0.004666
   9840000      4.003461     -0.007210
   9860000      4.002492     -0.001764
   9880000      4.002158      0.000049
   9900000      4.001527      0.003300
   9920000      4.000035     -0.001666
   9940000      4.001905     -0.006799
   9960000      4.001007     -0.005867
   9980000      4.001089      0.000089
  10000000      4.001491      0.004799
