         0      4.000000      0.000000
     20000      4.016910     -0.014594
     40000      4.040403     -0.007329
     60000      4.053318     -0.039752
     80000      4.076889      0.118091
    100000      4.097240      0.135444
    120000      4.132218      0.099907
    140000      4.154341      0.096023
    160000      4.180158      0.115359
    180000      4.203745      0.145363
    200000      4.228772      0.160419
    220000      4.240354      0.192204
    240000      4.265967      0.184129
    260000      4.289140      0.191439
    280000      4.317827      0.178449
    300000      4.348871      0.169387
    320000      4.365531      0.170517
    340000      4.385448      0.161031
    360000      4.402430      0.267967
    380000      4.432614      0.238890
    400000      4.442905      0.280949
    420000      4.489071      0.235609
    440000      4.508894      0.267742
    460000      4.524339      0.280740
    480000      4.552020      0.288129
    500000      4.573158      0.272260
    520000      4.611700      0.250896
    540000      4.661126      0.238597
    560000      4.682142      0.247077
    580000      4.700939      0.265161
    600000      4.710029      0.287327
    620000      4.739616      0.275595
    640000      4.766823      0.267938
    660000      4.797283      0.278041
    680000      4.816145      0.321265
    700000      4.851297      0.244497
    720000      4.873784      0.281093
    740000      4.895758      0.289374
    760000      4.911889      0.291042
    780000      4.948012      0.311012
    800000      4.980973      0.269327
    820000      5.002092      0.279245
    840000      5.023011      0.268249
    860000      5.056062      0.287747
    880000      5.069123      0.262494
    900000      5.100387      0.319265
    920000      5.121381      0.332996
    940000      5.152131      0.316266
    960000      5.170688      0.336231
    980000      5.205078      0.279739
   1000000      5.221770      0.283312
   1020000      5.241764      0.230421
   1040000      5.274462      0.203784
   1060000      5.303267      0.182138
   1080000      5.313098      0.156985
   1100000      5.363495      0.190326
   1120000      5.386482      0.171510
   1140000      5.421533      0.310210
   1160000      5.443035      0.220822
   1180000      5.464884      0.229608
   1200000      5.484412      0.201096
   1220000      5.500636      0.161568
   1240000      5.518677      0.143080
   1260000      5.521791      0.107829
   1280000      5.549570      0.121835
   1300000      5.584515      0.141521
   1320000      5.602177      0.092614
   1340000      5.626101      0.083492
   1360000      5.666846      0.104345
   1380000      5.698571      0.095559
   1400000      5.697525      0.042341
   1420000      5.726422      0.245688
   1440000      5.803791      0.346828
   1460000      5.823307      0.295707
   1480000      5.856584      0.328658
   1500000      5.885463      0.313191
   1520000      5.908771      0.326154
   1540000      5.934541      0.332685
   1560000      5.955932      0.335181
   1580000      5.979723      0.374351
   1600000      6.006052      0.364019
   1620000      6.031087      0.346401
   1640000      6.055096      0.344799
   1660000      6.086330      0.312832
   1680000      6.098932      0.331983
   1700000      6.102851      0.420623
   1720000      6.136501      0.410225
   1740000      6.141535      0.454914
   1760000      6.187066      0.348172
   1780000      6.223531      0.416403
   1800000      6.243597      0.434190
   1820000      6.253458      0.469434
   1840000      6.276778      0.442018
   1860000      6.316412      0.423697
   1880000      6.325753      0.368250
   1900000      6.370464      0.420707
   1920000      6.393865      0.388678
   1940000      6.405032      0.357050
   1960000      6.419836      0.313040
   1980000      6.442871      0.280468
   2000000      6.457717      0.262329
   2020000      6.509840      0.278247
   2040000      6.528182      0.259395
   2060000      6.547739      0.249245
   2080000      6.559372      0.221811
   2100000      6.564780      0.185531
   2120000      6.554204      0.146991
   2140000      6.564048      0.122685
   2160000      6.585280      0.116579
   2180000      6.562240      0.061080
   2200000      6.602555      0.062176
   2220000      6.608716      0.047383
   2240000      6.645639      0.057385
   2260000      6.678785      0.081111
   2280000      6.693526      0.092674
   2300000      6.709902      0.072675
   2320000      6.564865     -0.139720
   2340000      6.543458     -0.182462
   2360000      6.554607     -0.214193
   2380000      6.590356     -0.210167
   2400000      6.571391     -0.266579
   2420000      6.572531     -0.289327
   2440000      6.649385     -0.282043
   2460000      6.718194     -0.286937
   2480000      6.709115     -0.326919
   2500000      6.758403     -0.316698
   2520000      6.766800     -0.350899
   2540000      6.771414     -0.388678
   2560000      6.752558     -0.439179
   2580000      6.754942     -0.469250
   2600000      6.818870     -0.463952
   2620000      6.808471     -0.503850
   2640000      6.800531     -0.539843
   2660000      6.757856     -0.584525
   2680000      6.831933     -0.596588
   2700000      6.842613     -0.620728
   2720000      6.917483     -0.596123
   2740000      7.027959     -0.561296
   2760000      7.016630     -0.599498
   2780000      7.009532     -0.634032
   2800000      6.964842     -0.681822
   2820000      6.971258     -0.701457
   2840000      6.992036     -0.725437
   2860000      6.969003     -0.759403
   2880000      6.961412     -0.777737
   2900000      6.978175     -0.792185
   2920000      6.978046     -0.807761
   2940000      6.928422     -0.817680
   2960000      6.936557     -0.840110
   2980000      7.116228     -0.858627
   3000000      7.046756     -0.910655
   3020000      7.048683     -0.934733
   3040000      7.036061     -0.964592
   3060000      7.043838     -0.989375
   3080000      7.111281     -1.002170
   3100000      7.081634     -1.039653
   3120000      7.198559     -1.013370
   3140000      7.194431     -1.038483
   3160000      7.212396     -1.051000
   3180000      7.238580     -1.062247
   3200000      7.287633     -1.051458
   3220000      7.302176     -1.078257
   3240000      7.288189     -1.120168
   3260000      7.276151     -1.157146
   3280000      7.304939     -1.166405
   3300000      7.377130     -1.145353
   3320000      7.167309     -1.276515
   3340000      7.169872     -1.298105
   3360000      7.196889     -1.314768
   3380000      7.221493     -1.325384
   3400000      7.241623     -1.340555
   3420000      7.211718     -1.386852
   3440000      7.210009     -1.403308
   3460000      7.252072     -1.416648
   3480000      7.103477     -1.466939
   3500000      7.117812     -1.495532
   3520000      7.217479     -1.510318
   3540000      7.176772     -1.547033
   3560000      7.178733     -1.563273
   3580000      7.177297     -1.576418
   3600000      7.142329     -1.603912
   3620000      7.139943     -1.629061
   3640000      7.137494     -1.653214
   3660000      7.148567     -1.685110
   3680000      7.191276     -1.699281
   3700000      7.196922     -1.715884
   3720000      7.207598     -1.738296
   3740000      7.215108     -1.754393
   3760000      7.195672     -1.787265
   3780000      7.133661     -1.823243
   3800000      7.088286     -1.833793
   3820000      7.139612     -1.865247
   3840000      7.200798     -1.882576
   3860000      7.180916     -1.902921
   3880000      7.210644     -1.924539
   3900000      7.092077     -1.957352
   3920000      7.091541     -1.982903
   3940000      7.073113     -2.003094
   3960000      7.093307     -2.039160
   3980000      7.064920     -2.059633
   4000000      7.010366     -2.083228
   4020000      7.015771     -2.113366
   4040000      6.880014     -2.074322
   4060000      6.946335     -2.131691
   4080000      6.938429     -2.157302
   4100000      6.924667     -2.169073
   4120000      6.898218     -2.183771
   4140000      6.943024     -2.223302
   4160000      6.946053     -2.263769
   4180000      6.959321     -2.288801
   4200000      6.961530     -2.307612
   4220000      6.914931     -2.317561
   4240000      6.904887     -2.341766
   4260000      6.890968     -2.356207
   4280000      6.864285     -2.364022
   4300000      6.935072     -2.416675
   4320000      7.043843     -2.449373
   4340000      6.996304     -2.473794
   4360000      7.013055     -2.494141
   4380000      6.978926     -2.518536
   4400000      7.022117     -2.539009
   4420000      7.005574     -2.562958
   4440000      7.025761     -2.583839
   4460000      7.028395     -2.604982
   4480000      7.068485     -2.623416
   4500000      7.048078     -2.656997
   4520000      7.087453     -2.662666
   4540000      7.075820     -2.695679
   4560000      7.044154     -2.734426
   4580000      7.031694     -2.752329
   4600000      7.111734     -2.754058
   4620000      7.107414     -2.783031
   4640000      7.144099     -2.790073
   4660000      7.176346     -2.797442
   4680000      7.192155     -2.823907
   4700000      7.198484     -2.852530
   4720000      7.187746     -2.878772
   4740000      7.150802     -2.925850
   4760000      7.172662     -2.933080
   4780000      7.154368     -2.969629
   4800000      7.108972     -3.010994
   4820000      7.131868     -3.027344
   4840000      7.158378     -3.036907
   4860000      7.169110     -3.066328
   4880000      7.157495     -3.106090
   4900000      7.207456     -3.119481
   4920000      7.259793     -3.112891
   4940000      7.284942     -3.114762
   4960000      7.278384     -3.158680
   4980000      7.248572     -3.199569
   5000000      7.228733     -3.234556
   5020000      7.258377     -3.246832
   5040000      7.261608     -3.262290
   5060000      7.271349     -3.284969
   5080000      7.341961     -3.281599
   5100000      7.352296     -3.306622
   5120000      7.389594     -3.300781
   5140000      7.411608     -3.320550
   5160000      7.429963     -3.336639
   5180000      7.383025     -3.389613
   5200000      7.387851     -3.422101
   5220000      7.424095     -3.433760
   5240000      7.310632     -3.523673
   5260000      7.457934     -3.485640
   5280000      7.488776     -3.488619
   5300000      7.520939     -3.475175
   5320000      7.550476     -3.449162
   5340000      7.567688     -3.448738
   5360000      7.576283     -3.546019
   5380000      7.590755     -3.591184
   5400000      7.560158     -3.641067
   5420000      7.602143     -3.628519
   5440000      7.602744     -3.659642
   5460000      7.575512     -3.720124
   5480000      7.436666     -3.801557
   5500000      7.439081     -3.843916
   5520000      7.495648     -3.851645
   5540000      7.478990     -3.872208
   5560000      7.510840     -3.885057
   5580000      7.594061     -3.860780
   5600000      7.572248     -3.917186
   5620000      7.556902     -3.944421
   5640000      7.657149     -3.936909
   5660000      7.651937     -3.964355
   5680000      7.646491     -3.986642
   5700000      7.675844     -4.006385
   5720000      7.588383     -4.068399
   5740000      7.549223     -4.098647
   5760000      7.636901     -4.117268
   5780000      7.643008     -4.133850
   5800000      7.694311     -4.147022
   5820000      7.747493     -4.151496
   5840000      7.741524     -4.184708
   5860000      7.754222     -4.203135
   5880000      7.708929     -4.244402
   5900000      7.700948     -4.264691
   5920000      7.750708     -4.281120
   5940000      7.773624     -4.282181
   5960000      7.766861     -4.312705
   5980000      7.784924     -4.337549
   6000000      7.795929     -4.353098
   6020000      7.724769     -4.408454
   6040000      7.734911     -4.424460
   6060000      7.705166     -4.435990
   6080000      7.740502     -4.468657
   6100000      7.870021     -4.484609
   6120000      7.800262     -4.514169
   6140000      7.827942     -4.529912
   6160000      7.917624     -4.537803
   6180000      7.868198     -4.578299
   6200000      7.846994     -4.594156
   6220000      8.029492     -4.579031
   6240000      8.087914     -4.559979
   6260000      8.097947     -4.579526
   6280000      8.144092     -4.573437
   6300000      8.168915     -4.579051
   6320000      8.056136     -4.705297
   6340000      8.068996     -4.730796
   6360000      8.087633     -4.745182
   6380000      8.083327     -4.777363
   6400000      8.074952     -4.807001
   6420000      8.044022     -4.834736
   6440000      8.017905     -4.865458
   6460000      8.084715     -4.883296
   6480000      8.084414     -4.901611
   6500000      8.160140     -4.903678
   6520000      8.196743     -4.908969
   6540000      8.181149     -4.944816
   6560000      8.287434     -4.917965
   6580000      8.329745     -4.915483
   6600000      8.341307     -4.939219
   6620000      8.416269     -4.908596
   6640000      8.482850     -4.873235
   6660000      8.437132     -4.951234
   6680000      8.371607     -5.011376
   6700000      8.439444     -5.019734
   6720000      8.406387     -5.056695
   6740000      8.396540     -5.083441
   6760000      8.420711     -5.114178
   6780000      8.447552     -5.124839
   6800000      8.475913     -5.146046
   6820000      8.488085     -5.163532
   6840000      8.433201     -5.205930
   6860000      8.462691     -5.215889
   6880000      8.456072     -5.236642
   6900000      8.463992     -5.263482
   6920000      8.485983     -5.275798
   6940000      8.516091     -5.289018
   6960000      8.527110     -5.300472
   6980000      8.538472     -5.323979
   7000000      8.545860     -5.352554
   7020000      8.487894     -5.407857
   7040000      8.483471     -5.435494
   7060000      8.557126     -5.442866
   7080000      8.577816     -5.448196
   7100000      8.526643     -5.491788
   7120000      8.595140     -5.496980
   7140000      8.644429     -5.503816
   7160000      8.659852     -5.523148
   7180000      8.790786     -5.489067
   7200000      8.775458     -5.532743
   7220000      8.759611     -5.557508
   7240000      8.767331     -5.586467
   7260000      8.645085     -5.661724
   7280000      8.624523     -5.703522
   7300000      8.592643     -5.737466
   7320000      8.556972     -5.747346
   7340000      8.520433     -5.756290
   7360000      8.514558     -5.771191
   7380000      8.497218     -5.799162
   7400000      8.486793     -5.811845
   7420000      8.475610     -5.824372
   7440000      8.458005     -5.843562
   7460000      8.546558     -5.895857
   7480000      8.442563     -5.908972
   7500000      8.436976     -5.935165
   7520000      8.587474     -5.986436
   7540000      8.720350     -5.996285
   7560000      8.789702     -5.999651
   7580000      8.764327     -6.037083
   7600000      8.763899     -6.059097
   7620000      8.772851     -6.074311
   7640000      8.735630     -6.110506
   7660000      8.794407     -6.127065
   7680000      8.879079     -6.079089
   7700000      8.896934     -6.086116
   7720000      8.914967     -6.105048
   7740000      8.932011     -6.117572
   7760000      8.922607     -6.164318
   7780000      8.936096     -6.183528
   7800000      8.965188     -6.186937
   7820000      8.719747     -6.333513
   7840000      8.787559     -6.344270
   7860000      8.874378     -6.333603
   7880000      8.838474     -6.391953
   7900000      8.834144     -6.421320
   7920000      8.855489     -6.435770
   7940000      8.862273     -6.456715
   7960000      8.844748     -6.469418
   7980000      9.035390     -6.367203
   8000000      9.051585     -6.392595
   8020000      8.945868     -6.533735
   8040000      8.481280     -6.605719
   8060000      8.467783     -6.620298
   8080000      8.520225     -6.664440
   8100000      8.495911     -6.679492
   8120000      8.549510     -6.719837
   8140000      8.487438     -6.724207
   8160000      8.613754     -6.773421
   8180000      8.548242     -6.799395
   8200000      8.558261     -6.830661
   8220000      8.593637     -6.859814
   8240000      8.584293     -6.879767
   8260000      8.621357     -6.904214
   8280000      8.641764     -6.924826
   8300000      8.679935     -6.943126
   8320000      8.692134     -6.950866
   8340000      8.593391     -6.988503
   8360000      8.587905     -7.010391
   8380000      8.591214     -7.029734
   8400000      8.564352     -7.058742
   8420000      8.541561     -7.090131
   8440000      8.512645     -7.105818
   8460000      8.553427     -7.137368
   8480000      8.527449     -7.167091
   8500000      8.321123     -7.142750
   8520000      8.358779     -7.200323
   8540000      8.357629     -7.241310
   8560000      8.363559     -7.261172
   8580000      8.390173     -7.290344
   8600000      8.302880     -7.301796
   8620000      8.315023     -7.333470
   8640000      8.283809     -7.342921
   8660000      8.242607     -7.353647
   8680000      8.198969     -7.365130
   8700000      8.194121     -7.381593
   8720000      8.198687     -7.410288
   8740000      8.139379     -7.403854
   8760000      8.196899     -7.449297
   8780000      8.116642     -7.423034
   8800000      8.159169     -7.464422
   8820000      8.143440     -7.478874
   8840000      8.104729     -7.484966
   8860000      8.046951     -7.480256
   8880000      8.038287     -7.503774
   8900000      8.026969     -7.541414
   8920000      8.020517     -7.570449
   8940000      7.967213     -7.563780
   8960000      7.940936     -7.566993
   8980000      7.947562     -7.601670
   9000000      7.908126     -7.601476
   9020000      7.906979     -7.632293
   9040000      7.870028     -7.633889
   9060000      7.864021     -7.662138
   9080000      7.839284     -7.666213
   9100000      7.812465     -7.663889
   9120000      7.809700     -7.696297
   9140000      7.782796     -7.703126
   9160000      7.810491     -7.768276
   9180000      7.779672     -7.752650
   9200000      7.746613     -7.774313
   9220000      7.722902     -7.794176
   9240000      7.762375     -7.852777
   9260000      7.762088     -7.871021
   9280000      7.769190     -7.884977
   9300000      7.769051     -7.902807
   9320000      7.752306     -7.928584
   9340000      7.733409     -7.946382
   9360000      7.720884     -7.969454
   9380000      7.718452     -7.991020
   9400000      7.701349     -7.997850
   9420000      7.678176     -8.002530
   9440000      7.667820     -8.023512
   9460000      7.632691     -8.017850
   9480000      7.643037     -8.050016
   9500000      7.636382     -8.089949
   9520000      7.630210     -8.117271
   9540000      7.645584     -8.156789
   9560000      7.704209     -8.216064
   9580000      7.686768     -8.243170
   9600000      7.670247     -8.251862
   9620000      7.650083     -8.258841
   9640000      7.635454     -8.282075
   9660000      7.627369     -8.304845
   9680000      7.568226     -8.301740
   9700000      7.577297     -8.348458
   9720000      7.574375     -8.374714
   9740000      7.510922     -8.370662
   9760000      7.506150     -8.413118
   9780000      7.569983     -8.469526
   9800000      7.576724     -8.486245
   9820000      7.437724     -8.478640
   9840000      7.435400     -8.501787
   9860000      7.475701     -8.543348
   9880000      7.489443     -8.570868
   9900000      7.478642     -8.584095
   9920000      7.427792     -8.598688
   9940000      7.404048     -8.600594
   9960000      7.430041     -8.637929
   9980000      7.439144     -8.661307
  10000000      7.458182     -8.692010
