         0      4.000000      0.000000
     20000      4.079634     -0.052394
     40000      4.002479      0.521709
     60000      4.161018      0.937033
     80000      4.173442      0.855853
    100000      4.092704      0.932045
    120000      3.992796      0.587541
    140000      3.907889      0.636071
    160000      3.992952      0.495367
    180000      3.850012      0.394711
    200000      4.018044      0.444341
    220000      3.871844      0.563967
    240000      4.044332      0.198013
    260000      4.251001      0.305418
    280000      4.224879      0.688800
    300000      4.355988      0.628935
    320000      4.184470      0.604139
    340000      4.270061      0.760011
    360000      4.205124      0.608868
    380000      4.054190      0.729327
    400000      3.991062      0.753800
    420000      4.111038      0.712674
    440000      4.146274      0.702251
    460000      4.393744      0.474612
    480000      4.405665      0.611389
    500000      4.442991      0.639516
    520000      4.489418      0.362851
    540000      4.250954      0.754678
    560000      4.455463      0.712266
    580000      4.486685      0.742545
    600000      4.258595      0.635740
    620000      4.321105      0.599960
    640000      4.278605      0.609691
    660000      4.370896      0.704122
    680000      4.520535      0.949705
    700000      4.591904      1.057540
    720000      4.699004      0.943105
    740000      4.710933      1.216400
    760000      4.607743      1.390100
    780000      4.551495      1.519066
    800000      4.588836      1.256480
    820000      4.429294      1.237254
    840000      4.417107      1.010188
    860000      4.149687      1.572228
    880000      4.413695      1.654983
    900000      4.445711      1.349903
    920000      4.269885      1.588847
    940000      4.638297      1.546928
    960000      4.780523      1.379112
    980000      4.683360      1.496618
   1000000      4.806292      1.580682
   1020000      4.869658      1.388975
   1040000      4.458389      1.745045
   1060000      4.644713      1.399515
   1080000      4.704682      1.120591
   1100000      4.517010      1.501179
   1120000      4.899674      1.326398
   1140000      4.797200      1.649631
   1160000      4.712903      1.531126
   1180000      4.822420      1.461555
   1200000      4.509513      1.447694
   1220000      4.316372      1.687720
   1240000      4.366502      1.642530
   1260000      4.107164      1.858694
   1280000      4.368310      1.686696
   1300000      4.494760      1.740959
   1320000      4.367073      1.726077
   1340000      4.304875      2.015575
   1360000      4.350294      1.958579
   1380000      4.490922      1.834375
   1400000      4.636026      1.784942
   1420000      4.716554      1.874372
   1440000      5.257630      1.984259
   1460000      5.400724      1.907574
   1480000      5.116775      2.043270
   1500000      5.224483      1.828934
   1520000      5.481173      1.680878
   1540000      5.539154      1.655371
   1560000      5.475388      1.690935
   1580000      5.729938      1.725742
   1600000      5.708028      1.660317
   1620000      6.019997      1.582680
   1640000      6.163442      1.244164
   1660000      6.137292      1.117788
   1680000      6.270206      1.060363
   1700000      6.181699      1.198595
   1720000      6.305900      0.953577
   1740000      6.440048      0.790731
   1760000      6.476359      0.910586
   1780000      6.533390      0.923012
   1800000      6.806857      0.574738
   1820000      6.751269      0.524378
   1840000      6.657742      0.868180
   1860000      6.669426      0.810101
   1880000      6.527482      1.074849
   1900000      6.707789      0.904878
   1920000      6.974309      1.005710
   1940000      6.705070      1.328950
   1960000      7.023382      1.066745
   1980000      7.002173      0.644145
   2000000      6.710251      0.582011
   2020000      6.947248      0.373641
   2040000      6.642476      0.716495
   2060000      6.654166      0.428202
   2080000      6.591521      0.153052
   2100000      6.524929      0.219886
   2120000      6.630499     -0.052689
   2140000      6.708368     -0.127754
   2160000      6.592868     -0.059089
   2180000      6.528858      0.029873
   2200000      6.572813      0.030097
   2220000      6.712727     -0.164816
   2240000      6.660251     -0.135489
   2260000      6.654161     -0.289674
   2280000      6.757827     -0.555648
   2300000      6.564048     -0.158770
   2320000      6.622700     -0.199599
   2340000      6.492501     -0.261600
   2360000      6.403196     -0.502846
   2380000      6.310967     -0.834050
   2400000      6.251295     -1.025872
   2420000      6.272506     -0.662235
   2440000      6.227715     -0.543686
   2460000      6.110043     -0.516480
   2480000      6.269829     -0.348337
   2500000      6.220497     -0.778380
   2520000      6.006512     -1.010779
   2540000      5.801191     -1.013045
   2560000      5.898443     -1.190731
   2580000      6.068396     -1.453786
   2600000      6.175979     -1.697993
   2620000      6.227951     -1.872668
   2640000      6.103452     -1.731803
   2660000      5.958823     -1.633061
   2680000      5.910576     -1.931225
   2700000      5.984717     -2.239030
   2720000      5.857845     -2.624286
   2740000      6.095895     -2.325665
   2760000      6.051724     -2.393716
   2780000      5.990164     -2.644412
   2800000      5.962854     -2.799128
   2820000      5.744399     -2.868576
   2840000      5.804561     -2.836055
   2860000      5.770286     -3.018506
   2880000      5.908966     -2.667755
   2900000      5.792740     -2.821392
   2920000      5.890042     -2.726424
   2940000      5.629968     -2.890955
   2960000      5.604287     -2.972971
   2980000      5.578204     -2.827078
   3000000      5.608911     -2.511039
   3020000      5.761403     -2.722263
   3040000      5.582661     -2.751159
   3060000      5.494570     -2.863794
   3080000      5.449384     -3.078854
   3100000      5.447470     -3.276400
   3120000      5.659755     -3.326051
   3140000      5.671890     -3.383678
   3160000      5.637800     -3.520143
   3180000      5.540042     -3.389335
   3200000      5.352850     -3.405302
   3220000      5.500660     -3.273588
   3240000      5.376224     -3.454543
   3260000      5.418191     -3.243542
   3280000      5.182864     -3.649859
   3300000      5.291801     -3.312922
   3320000      5.260693     -3.454458
   3340000      5.352786     -3.174238
   3360000      5.326802     -2.908020
   3380000      5.505978     -2.891446
   3400000      5.464038     -2.666395
   3420000      5.580829     -2.728635
   3440000      5.389304     -2.510965
   3460000      5.310794     -2.046506
   3480000      5.430212     -2.314458
   3500000      5.525912     -2.736074
   3520000      5.371056     -3.047441
   3540000      5.239475     -3.068331
   3560000      5.135423     -3.212385
   3580000      4.946553     -3.296186
   3600000      4.795420     -3.585581
   3620000      5.054964     -3.390738
   3640000      5.222598     -3.171383
   3660000      5.078683     -3.445126
   3680000      5.181934     -3.397458
   3700000      5.303004     -3.145661
   3720000      5.039204     -3.656275
   3740000      5.110570     -3.492548
   3760000      4.820128     -3.711805
   3780000      5.019790     -3.633390
   3800000      5.237031     -3.625345
   3820000      4.795032     -3.802452
   3840000      4.615746     -3.969908
   3860000      4.547013     -4.111831
   3880000      4.369188     -4.064345
   3900000      4.513396     -4.088008
   3920000      4.388093     -4.285336
   3940000      4.239109     -4.310661
   3960000      4.539856     -4.209288
   3980000      4.536832     -4.048702
   4000000      4.623787     -3.947948
   4020000      4.614531     -3.759107
   4040000      4.677987     -3.743077
   4060000      4.378122     -4.131431
   4080000      4.484643     -4.080157
   4100000      4.678418     -4.069672
   4120000      4.710714     -4.082935
   4140000      4.846060     -4.039755
   4160000      4.247850     -4.435416
   4180000      4.538205     -4.375482
   4200000      4.497390     -4.544760
   4220000      4.468063     -4.536002
   4240000      4.436813     -4.493538
   4260000      4.451155     -4.574896
   4280000      4.331819     -4.573293
   4300000      4.514303     -4.363252
   4320000      4.447984     -4.397000
   4340000      4.408188     -4.189121
   4360000      4.300866     -4.200819
   4380000      4.435640     -4.394980
   4400000      4.145834     -4.295355
   4420000      4.082051     -4.402493
   4440000      4.046572     -4.345638
   4460000      3.754772     -4.489361
   4480000      3.782884     -4.440850
   4500000      3.925549     -4.284929
   4520000      3.924738     -4.400574
   4540000      3.457464     -4.392315
   4560000      3.499915     -4.338318
   4580000      3.767855     -4.230613
   4600000      3.710490     -4.084704
   4620000      3.821911     -4.245361
   4640000      3.819354     -4.212995
   4660000      3.956793     -4.243397
   4680000      3.921712     -4.133949
   4700000      4.266704     -4.073708
   4720000      4.304703     -4.252187
   4740000      4.801984     -4.103197
   4760000      5.043426     -3.845580
   4780000      5.208131     -3.871914
   4800000      5.426407     -3.475306
   4820000      5.456582     -3.635043
   4840000      5.493540     -3.533455
   4860000      5.763601     -3.271442
   4880000      5.755573     -3.324035
   4900000      5.930783     -3.177993
   4920000      5.896189     -3.134815
   4940000      5.869509     -2.924932
   4960000      5.924897     -2.855663
   4980000      5.900663     -3.044855
   5000000      6.003646     -2.920422
   5020000      6.102687     -2.828923
   5040000      5.934438     -2.615524
   5060000      5.783096     -2.790857
   5080000      5.787491     -2.961422
   5100000      5.758568     -2.577870
   5120000      5.689431     -2.551059
   5140000      5.586281     -2.584100
   5160000      5.505556     -2.880223
   5180000      5.700225     -3.053394
   5200000      5.708863     -2.950671
   5220000      5.546898     -2.983558
   5240000      5.344994     -3.372428
   5260000      5.359862     -3.136869
   5280000      5.391247     -3.116888
   5300000      5.287623     -3.396928
   5320000      5.365887     -3.242362
   5340000      5.494530     -3.163563
   5360000      5.458490     -3.441492
   5380000      5.387023     -3.403790
   5400000      5.276837     -3.486419
   5420000      5.396753     -3.228921
   5440000      5.364161     -3.356946
   5460000      5.384777     -3.582014
   5480000      5.406650     -3.745961
   5500000      5.207047     -3.970089
   5520000      5.496437     -3.956232
   5540000      5.277010     -3.978720
   5560000      4.609298     -4.116105
   5580000      5.082117     -4.153516
   5600000      5.276724     -4.000543
   5620000      5.306110     -4.012930
   5640000      5.262836     -4.166830
   5660000      5.496341     -4.427864
   5680000      5.527485     -4.243465
   5700000      5.164153     -4.583533
   5720000      5.512503     -4.308715
   5740000      5.471173     -4.377620
   5760000      5.215448     -4.618471
   5780000      5.132548     -4.628808
   5800000      5.173332     -4.481269
   5820000      4.965005     -4.605800
   5840000      4.744149     -4.387216
   5860000      4.400565     -4.529727
   5880000      4.118464     -4.674713
   5900000      4.206827     -4.655096
   5920000      3.864082     -4.549068
   5940000      3.972104     -4.472690
   5960000      4.082932     -4.462292
   5980000      4.223174     -4.332169
   6000000      4.114814     -4.496398
