         0      4.000000      0.000000
     20000      4.010515     -0.009935
     40000      4.016268     -0.024131
     60000      4.024035     -0.025381
     80000      4.030070     -0.002335
    100000      4.039758     -0.006645
    120000      4.051439     -0.011986
    140000      4.063365     -0.000862
    160000      4.068143     -0.004284
    180000      4.074019     -0.013452
    200000      4.087393     -0.026775
    220000      4.094104     -0.044615
    240000      4.105491     -0.034527
    260000      4.102074     -0.042129
    280000      4.127605      0.024377
    300000      4.138890      0.032114
    320000      4.146243      0.027492
    340000      4.154684      0.029491
    360000      4.168410      0.052190
    380000      4.174506      0.020194
    400000      4.175324     -0.023948
    420000      4.194203     -0.002182
    440000      4.192649     -0.043301
    460000      4.199032     -0.043835
    480000      4.205621     -0.043575
    500000      4.224668     -0.052102
    520000      4.228210     -0.059354
    540000      4.226107     -0.069442
    560000      4.237706     -0.083780
    580000      4.235627     -0.094877
    600000      4.246026     -0.100066
    620000      4.257145     -0.101512
    640000      4.262065     -0.103379
    660000      4.255723     -0.128147
    680000      4.252514     -0.143697
    700000      4.270101     -0.132275
    720000      4.279589     -0.135723
    740000      4.302439     -0.123404
    760000      4.297887     -0.148844
    780000      4.303599     -0.156026
    800000      4.315546     -0.158893
    820000      4.327579     -0.145381
    840000      4.328550     -0.163829
    860000      4.365155     -0.120889
    880000      4.379978     -0.125254
    900000      4.394431     -0.125653
    920000      4.382430     -0.176665
    940000      4.389627     -0.186064
    960000      4.399365     -0.197269
    980000      4.405792     -0.200589
   1000000      4.417187     -0.200205
   1020000      4.419302     -0.218293
   1040000      4.438728     -0.215031
   1060000      4.423893     -0.253047
   1080000      4.436024     -0.251616
   1100000      4.452678     -0.250125
   1120000      4.477362     -0.235063
   1140000      4.484390     -0.233430
   1160000      4.496126     -0.239836
   1180000      4.505088     -0.246645
   1200000      4.508496     -0.272541
   1220000      4.514044     -0.279564
   1240000      4.518522     -0.296951
   1260000      4.528051     -0.290181
   1280000      4.539220     -0.296035
   1300000      4.549729     -0.296734
   1320000      4.561410     -0.300010
   1340000      4.569854     -0.310163
   1360000      4.570224     -0.323274
   1380000      4.574359     -0.339411
   1400000      4.567953     -0.356365
   1420000      4.613351     -0.314216
   1440000      4.628020     -0.318154
   1460000      4.632783     -0.323804
   1480000      4.644475     -0.326034
   1500000      4.648830     -0.339649
   1520000      4.663347     -0.337668
   1540000      4.664116     -0.360069
   1560000      4.676529     -0.346705
   1580000      4.689054     -0.343027
   1600000      4.702171     -0.328956
   1620000      4.712627     -0.329938
   1640000      4.721027     -0.336052
   1660000      4.726148     -0.341412
   1680000      4.734012     -0.341263
   1700000      4.745242     -0.336531
   1720000      4.756828     -0.338208
   1740000      4.769211     -0.349852
   1760000      4.776031     -0.342060
   1780000      4.786661     -0.353089
   1800000      4.794436     -0.363223
   1820000      4.795984     -0.360693
   1840000      4.811952     -0.360193
   1860000      4.816977     -0.367809
   1880000      4.825100     -0.375947
   1900000      4.832825     -0.391042
   1920000      4.842815     -0.401847
   1940000      4.842843     -0.418919
   1960000      4.863127     -0.404518
   1980000      4.867225     -0.414620
   2000000      4.885516     -0.399570
   2020000      4.889255     -0.416609
   2040000      4.905227     -0.407255
   2060000      4.909528     -0.413442
   2080000      4.907935     -0.440617
   2100000      4.913633     -0.457785
   2120000      4.904601     -0.486459
   2140000      4.915272     -0.493200
   2160000      4.915885     -0.508343
   2180000      4.929256     -0.511720
   2200000      4.936867     -0.517019
   2220000      4.944661     -0.519078
   2240000      4.965374     -0.512258
   2260000      4.967923     -0.516656
   2280000      4.980753     -0.521389
   2300000      4.984210     -0.528180
   2320000      4.988054     -0.547064
   2340000      5.007378     -0.536104
   2360000      5.015613     -0.532213
   2380000      5.027959     -0.533459
   2400000      5.032643     -0.543977
   2420000      5.040572     -0.540933
   2440000      5.047182     -0.543190
   2460000      5.050002     -0.553170
   2480000      5.044247     -0.579071
   2500000      5.043705     -0.597358
   2520000      5.055316     -0.595315
   2540000      5.035617     -0.615406
   2560000      5.047756     -0.621991
   2580000      5.056109     -0.629504
   2600000      5.052638     -0.647039
   2620000      5.122731     -0.594201
   2640000      5.142331     -0.598892
   2660000      5.149956     -0.605300
   2680000      5.155224     -0.620118
   2700000      5.168159     -0.615880
   2720000      5.175664     -0.621725
   2740000      5.181190     -0.616804
   2760000      5.186956     -0.643815
   2780000      5.196903     -0.642658
   2800000      5.210386     -0.643464
   2820000      5.219979     -0.640551
   2840000      5.240219     -0.639267
   2860000      5.250754     -0.637189
   2880000      5.253953     -0.648422
   2900000      5.259431     -0.656494
   2920000      5.260179     -0.658747
   2940000      5.270127     -0.662979
   2960000      5.284751     -0.663935
   2980000      5.283433     -0.685463
   3000000      5.299239     -0.686107
   3020000      5.309796     -0.693194
   3040000      5.319233     -0.694547
   3060000      5.326827     -0.697720
   3080000      5.338997     -0.696300
   3100000      5.349728     -0.698721
   3120000      5.370490     -0.688242
   3140000      5.378339     -0.689047
   3160000      5.380117     -0.703199
   3180000      5.386355     -0.709077
   3200000      5.391450     -0.716164
   3220000      5.407344     -0.702961
   3240000      5.419596     -0.673864
   3260000      5.429233     -0.685012
   3280000      5.437536     -0.704399
   3300000      5.445167     -0.703186
   3320000      5.444047     -0.719588
   3340000      5.447895     -0.725267
   3360000      5.447453     -0.733194
   3380000      5.454077     -0.743548
   3400000      5.466630     -0.748452
   3420000      5.470484     -0.756646
   3440000      5.474653     -0.770263
   3460000      5.488426     -0.760971
   3480000      5.492160     -0.789819
   3500000      5.504276     -0.803322
   3520000      5.488240     -0.827424
   3540000      5.487815     -0.837235
   3560000      5.496260     -0.847474
   3580000      5.477618     -0.871185
   3600000      5.499789     -0.869295
   3620000      5.501442     -0.878159
   3640000      5.477662     -0.894865
   3660000      5.488452     -0.897338
   3680000      5.507584     -0.901328
   3700000      5.538805     -0.898689
   3720000      5.586961     -0.882676
   3740000      5.605905     -0.884556
   3760000      5.618753     -0.883481
   3780000      5.635244     -0.879910
   3800000      5.638564     -0.893299
   3820000      5.647284     -0.896196
   3840000      5.648300     -0.900234
   3860000      5.664938     -0.901598
   3880000      5.674938     -0.905246
   3900000      5.687695     -0.911967
   3920000      5.685813     -0.938277
   3940000      5.683222     -0.948636
   3960000      5.692541     -0.945198
   3980000      5.697069     -0.956181
   4000000      5.715580     -0.955614
   4020000      5.715489     -0.972661
   4040000      5.719333     -0.976928
   4060000      5.740375     -0.969319
   4080000      5.757358     -0.965241
   4100000      5.774380     -0.960074
   4120000      5.780272     -0.961672
   4140000      5.792858     -0.962546
   4160000      5.793060     -0.979679
   4180000      5.791857     -0.998687
   4200000      5.786282     -1.015772
   4220000      5.784112     -1.029816
   4240000      5.793813     -1.033703
   4260000      5.803065     -1.039941
   4280000      5.803614     -1.046525
   4300000      5.888446     -0.945507
   4320000      5.907288     -0.919800
   4340000      5.918408     -0.899753
   4360000      5.924042     -0.902198
   4380000      5.929783     -0.909530
   4400000      5.939100     -0.894567
   4420000      5.950004     -0.885291
   4440000      5.958285     -0.887017
   4460000      5.967211     -0.884990
   4480000      5.983271     -0.901887
   4500000      5.990456     -0.899697
   4520000      5.989859     -0.912303
   4540000      5.995542     -0.897166
   4560000      6.004579     -0.890142
   4580000      6.014982     -0.900354
   4600000      6.018251     -0.893468
   4620000      6.039547     -0.902510
   4640000      6.051831     -0.905887
   4660000      6.057926     -0.902163
   4680000      6.065549     -0.904072
   4700000      6.077091     -0.921927
   4720000      6.091855     -0.934703
   4740000      6.101606     -0.936198
   4760000      6.117744     -0.943071
   4780000      6.131720     -0.953434
   4800000      6.138068     -0.969635
   4820000      6.162642     -0.967301
   4840000      6.164149     -1.040969
   4860000      6.175245     -1.037871
   4880000      6.194418     -0.973145
   4900000      6.206524     -0.973460
   4920000      6.213747     -0.974453
   4940000      6.222400     -0.942943
   4960000      6.226764     -0.931764
   4980000      6.231809     -0.924125
   5000000      6.240084     -0.918138
   5020000      6.250148     -0.915021
   5040000      6.254384     -0.913312
   5060000      6.269342     -0.898531
   5080000      6.288177     -0.896881
   5100000      6.291208     -0.889533
   5120000      6.297258     -0.875519
   5140000      6.316592     -0.884712
   5160000      6.315926     -0.868296
   5180000      6.312438     -0.858001
   5200000      6.320032     -0.863134
   5220000      6.330796     -0.851880
   5240000      6.337280     -0.844187
   5260000      6.342790     -0.830219
   5280000      6.359547     -0.836634
   5300000      6.377627     -0.852249
   5320000      6.385812     -0.855677
   5340000      6.398239     -0.861181
   5360000      6.412850     -0.865690
   5380000      6.424193     -0.873826
   5400000      6.432112     -0.880049
   5420000      6.446666     -0.857515
   5440000      6.448944     -0.831353
   5460000      6.484289     -0.924358
   5480000      6.489965     -0.970462
   5500000      6.502545     -0.953837
   5520000      6.510842     -0.960177
   5540000      6.517238     -0.960536
   5560000      6.527361     -0.965917
   5580000      6.535352     -0.960006
   5600000      6.543728     -0.966732
   5620000      6.554272     -0.962971
   5640000      6.555787     -0.975751
   5660000      6.574256     -0.973496
   5680000      6.583301     -0.978829
   5700000      6.601308     -0.960779
   5720000      6.609880     -0.967712
   5740000      6.612886     -0.991462
   5760000      6.626038     -0.994823
   5780000      6.637335     -0.985619
   5800000      6.645143     -0.982318
   5820000      6.652827     -0.968080
   5840000      6.671205     -0.945854
   5860000      6.685194     -0.953509
   5880000      6.694067     -0.951986
   5900000      6.704800     -0.945708
   5920000      6.709266     -0.936893
   5940000      6.718431     -0.930759
   5960000      6.733381     -0.923139
   5980000      6.737349     -0.914262
   6000000      6.754517     -0.907721
   6020000      6.760228     -0.889989
   6040000      6.765033     -0.879920
   6060000      6.781613     -0.895045
   6080000      6.794977     -0.913942
   6100000      6.805994     -0.911522
   6120000      6.814343     -0.910463
   6140000      6.824252     -0.898711
   6160000      6.837167     -0.899556
   6180000      6.849333     -0.904047
   6200000      6.857598     -0.896163
   6220000      6.867582     -0.885225
   6240000      6.879771     -0.889322
   6260000      6.886367     -0.882761
   6280000      6.905561     -0.899547
   6300000      6.915341     -0.907378
   6320000      6.931668     -0.900916
   6340000      6.939042     -0.882529
   6360000      6.948784     -0.887005
   6380000      6.954886     -0.874406
   6400000      6.966869     -0.859562
   6420000      6.977166     -0.866661
   6440000      6.986159     -0.873093
   6460000      6.997284     -0.850374
   6480000      7.012795     -0.855936
   6500000      7.016770     -0.846867
   6520000      7.027884     -0.853989
   6540000      7.041707     -0.862125
   6560000      7.049165     -0.846234
   6580000      7.052425     -0.823461
   6600000      7.062902     -0.816966
   6620000      7.066857     -0.818377
   6640000      7.083035     -0.814524
   6660000      7.098764     -0.811402
   6680000      7.110191     -0.801595
   6700000      7.121069     -0.803635
   6720000      7.120940     -0.787662
   6740000      7.134137     -0.790562
   6760000      7.137264     -0.778420
   6780000      7.158097     -0.793108
   6800000      7.171798     -0.807153
   6820000      7.188102     -0.822616
   6840000      7.190347     -0.792712
   6860000      7.192461     -0.780439
   6880000      7.203999     -0.777898
   6900000      7.214720     -0.750603
   6920000      7.225641     -0.748128
   6940000      7.229554     -0.729332
   6960000      7.234439     -0.722215
   6980000      7.241638     -0.712872
   7000000      7.255105     -0.711892
   7020000      7.264002     -0.709217
   7040000      7.269794     -0.691450
   7060000      7.265728     -0.657295
   7080000      7.268294     -0.639503
   7100000      7.277395     -0.637845
   7120000      7.288523     -0.639956
   7140000      7.292815     -0.625111
   7160000      7.294531     -0.620111
   7180000      7.297172     -0.595789
   7200000      7.296887     -0.593910
   7220000      7.303482     -0.586166
   7240000      7.311779     -0.578997
   7260000      7.320756     -0.574045
   7280000      7.318289     -0.555750
   7300000      7.325139     -0.543138
   7320000      7.334053     -0.536247
   7340000      7.345868     -0.534611
   7360000      7.357528     -0.536066
   7380000      7.359609     -0.520388
   7400000      7.347883     -0.496450
   7420000      7.359924     -0.496327
   7440000      7.357749     -0.487492
   7460000      7.372741     -0.491539
   7480000      7.373467     -0.478358
   7500000      7.380447     -0.473285
   7520000      7.444268     -0.530989
   7540000      7.464174     -0.553563
   7560000      7.471703     -0.554035
   7580000      7.478660     -0.537263
   7600000      7.489052     -0.536392
   7620000      7.497998     -0.544078
   7640000      7.496544     -0.510547
   7660000      7.509816     -0.517997
   7680000      7.517480     -0.501108
   7700000      7.517962     -0.479248
   7720000      7.522055     -0.461084
   7740000      7.535729     -0.471959
   7760000      7.546306     -0.469038
   7780000      7.552746     -0.459874
   7800000      7.565163     -0.462135
   7820000      7.571212     -0.459157
   7840000      7.587152     -0.463475
   7860000      7.593273     -0.459286
   7880000      7.595358     -0.453452
   7900000      7.603406     -0.463022
   7920000      7.612037     -0.451968
   7940000      7.614646     -0.421895
   7960000      7.628765     -0.428189
   7980000      7.639610     -0.421981
   8000000      7.645543     -0.431584
   8020000      7.655490     -0.424699
   8040000      7.664795     -0.442895
   8060000      7.674512     -0.405029
   8080000      7.686237     -0.407136
   8100000      7.698144     -0.399893
   8120000      7.710547     -0.394324
   8140000      7.714090     -0.371763
   8160000      7.723845     -0.362610
   8180000      7.731702     -0.368873
   8200000      7.739225     -0.360720
   8220000      7.751682     -0.369655
   8240000      7.763402     -0.369041
   8260000      7.770407     -0.365452
   8280000      7.776951     -0.338854
   8300000      7.786300     -0.337692
   8320000      7.793774     -0.351106
   8340000      7.799083     -0.353315
   8360000      7.807099     -0.353363
   8380000      7.812893     -0.353508
   8400000      7.823201     -0.343237
   8420000      7.827642     -0.347130
   8440000      7.832362     -0.370050
   8460000      7.840559     -0.321895
   8480000      7.844797     -0.330613
   8500000      7.856027     -0.312439
   8520000      7.860010     -0.271388
   8540000      7.867378     -0.269857
   8560000      7.863668     -0.238184
   8580000      7.876418     -0.241975
   8600000      7.889018     -0.252233
   8620000      7.898950     -0.251980
   8640000      7.901088     -0.236202
   8660000      7.911913     -0.238610
   8680000      7.928323     -0.240113
   8700000      7.939781     -0.230554
   8720000      7.960406     -0.233587
   8740000      7.972496     -0.223522
   8760000      7.980354     -0.204598
   8780000      7.989225     -0.202594
   8800000      8.001918     -0.197527
   8820000      8.007105     -0.189175
   8840000      8.015518     -0.188292
   8860000      8.030743     -0.190512
   8880000      8.048003     -0.236806
   8900000      8.053486     -0.227287
   8920000      8.056208     -0.191167
   8940000      8.064092     -0.190585
   8960000      8.079372     -0.186134
   8980000      8.101187     -0.238566
   9000000      8.115269     -0.246230
   9020000      8.125361     -0.238514
   9040000      8.136493     -0.221198
   9060000      8.143519     -0.197411
   9080000      8.152647     -0.191513
   9100000      8.156615     -0.171107
   9120000      8.170006     -0.167929
   9140000      8.191631     -0.177556
   9160000      8.195924     -0.168762
   9180000      8.206319     -0.170382
   9200000      8.219179     -0.185650
   9220000      8.228335     -0.194493
   9240000      8.235069     -0.184141
   9260000      8.241297     -0.163037
   9280000      8.251059     -0.176974
   9300000      8.265561     -0.168778
   9320000      8.268543     -0.141524
   9340000      8.279961     -0.138505
   9360000      8.286453     -0.157311
   9380000      8.313107     -0.163896
   9400000      8.323971     -0.153778
   9420000      8.326406     -0.159136
   9440000      8.333780     -0.126540
   9460000      8.348465     -0.135619
   9480000      8.357453     -0.132596
   9500000      8.367074     -0.108898
   9520000      8.378175     -0.105495
   9540000      8.381970     -0.109571
   9560000      8.399962     -0.139437
   9580000      8.405572     -0.148166
   9600000      8.410642     -0.154896
   9620000      8.422982     -0.167052
   9640000      8.431672     -0.166475
   9660000      8.435399     -0.167184
   9680000      8.441418     -0.168581
   9700000      8.451207     -0.175073
   9720000      8.465384     -0.183223
   9740000      8.475786     -0.214172
   9760000      8.494012     -0.199062
   9780000      8.507069     -0.162965
   9800000      8.514885     -0.108505
   9820000      8.533682     -0.124435
   9840000      8.531034     -0.059416
   9860000      8.545367     -0.067472
   9880000      8.547283     -0.056306
   9900000      8.551160     -0.047322
   9920000      8.564426     -0.043817
   9940000      8.580741     -0.046573
   9960000      8.584703     -0.053501
   9980000      8.591141     -0.040338
  10000000      8.593685     -0.028898
