         0      4.000000      0.000000
     20000      4.015123      0.001912
     40000      4.024663     -0.010304
     60000      4.011321      0.196919
     80000      4.120766     -0.086765
    100000      4.193839      0.073477
    120000      4.247766      0.030770
    140000      4.322410     -0.106565
    160000      4.351090      0.116316
    180000      4.396464     -0.072181
    200000      4.552406     -0.057282
    220000      4.559914      0.005247
    240000      4.667969     -0.066411
    260000      4.756972     -0.312578
    280000      4.733226     -0.649034
    300000      4.866468     -0.257264
    320000      4.946234     -0.395769
    340000      5.018501     -0.348331
    360000      5.022976     -0.035616
    380000      5.108262     -0.132769
    400000      5.187759     -0.046911
    420000      5.228590      0.022370
    440000      5.292299      0.019188
    460000      5.203188      0.138366
    480000      5.443506     -0.153878
    500000      5.523467     -0.206523
    520000      5.582298     -0.222051
    540000      5.682815     -0.212485
    560000      5.706809     -0.066859
    580000      5.791199     -0.121161
    600000      5.842581     -0.208777
    620000      5.911458     -0.219408
    640000      5.965355     -0.207887
    660000      6.025692     -0.329671
    680000      6.114565     -0.545424
    700000      6.181399     -0.494392
    720000      6.245485     -0.575649
    740000      6.304472     -0.550140
    760000      6.383110     -0.448976
    780000      6.431375     -0.313343
    800000      6.498705     -0.469429
    820000      6.547132     -0.530425
    840000      6.611411     -0.358820
    860000      6.658052     -0.278528
    880000      6.744860     -0.587959
    900000      6.801146     -0.635566
    920000      6.854149     -0.680435
    940000      6.930072     -0.706281
    960000      6.962455     -0.947709
    980000      7.082392     -0.686509
   1000000      7.155616     -0.627208
   1020000      7.212528     -0.728694
   1040000      7.306825     -0.613618
   1060000      7.365480     -0.735286
   1080000      7.421522     -0.731256
   1100000      7.478551     -0.751889
   1120000      7.569589     -0.477813
   1140000      7.652605     -0.501136
   1160000      7.719874     -0.505379
   1180000      7.792680     -0.527243
   1200000      7.851386     -0.552608
   1220000      7.885627     -0.276252
   1240000      7.984107     -0.489866
   1260000      8.031927     -0.458544
   1280000      8.097196     -0.454834
   1300000      8.154485     -0.421848
   1320000      8.236258     -0.476850
   1340000      8.308543     -0.418801
   1360000      8.344666     -0.537632
   1380000      8.404246     -0.550624
   1400000      8.490347     -0.502834
   1420000      8.501171     -0.557474
   1440000      8.604816     -0.504723
   1460000      8.656771     -0.464552
   1480000      8.702861     -0.455210
   1500000      8.771830     -0.251914
   1520000      8.843000     -0.313245
   1540000      8.911553     -0.438298
   1560000      9.009041     -0.278661
   1580000      9.054242     -0.198768
   1600000      9.130887     -0.191244
   1620000      9.201653     -0.153521
   1640000      9.224853      0.113174
   1660000      9.306274      0.031728
   1680000      9.377902     -0.024475
   1700000      9.416893      0.127342
   1720000      9.470317      0.148454
   1740000      9.457272      0.247392
   1760000      9.545311      0.224949
   1780000      9.633302      0.223254
   1800000      9.734548      0.050968
   1820000      9.827588     -0.145736
   1840000      9.921588     -0.018995
   1860000      9.956152     -0.081208
   1880000     10.065068     -0.221151
   1900000     10.148915     -0.092012
   1920000     10.204951     -0.248797
   1940000     10.283275     -0.262203
   1960000     10.353627     -0.259666
   1980000     10.436416     -0.275720
   2000000     10.491122     -0.355822
   2020000     10.541692     -0.409711
   2040000     10.607487     -0.415717
   2060000     10.640696     -0.452937
   2080000     10.707236     -0.468189
   2100000     10.788124     -0.422767
   2120000     10.830927     -0.464264
   2140000     10.935268     -0.227340
   2160000     11.004504     -0.185301
   2180000     11.055340     -0.289925
   2200000     11.108049     -0.356079
   2220000     11.161437     -0.374048
   2240000     11.239254     -0.383188
   2260000     11.311521     -0.307149
   2280000     11.383095     -0.364463
   2300000     11.389830     -0.580091
   2320000     11.519922     -0.476462
   2340000     11.631727     -0.279838
   2360000     11.656918     -0.280969
   2380000     11.660365     -0.477090
   2400000     11.670153     -0.596442
   2420000     11.834547     -0.275475
   2440000     11.901372     -0.155389
   2460000     11.909418      0.105259
   2480000     11.817250      0.230660
   2500000     11.912463     -0.052777
   2520000     11.946797     -0.047166
   2540000     12.094235     -0.085137
   2560000     12.154834      0.028431
   2580000     12.139392      0.229060
   2600000     12.278813      0.001147
   2620000     12.189765      0.425542
   2640000     12.268962      0.441299
   2660000     12.361955      0.433894
   2680000     12.523500      0.136451
   2700000     12.546376      0.137922
   2720000     12.681487      0.015270
   2740000     12.526025      0.589542
   2760000     12.602646      0.621453
   2780000     12.693483      0.593224
   2800000     12.554568      0.858346
   2820000     12.516698      0.956374
   2840000     12.665241      0.944002
   2860000     12.531427      1.080243
   2880000     12.912886      0.923732
   2900000     12.913246      1.007117
   2920000     13.010233      1.011357
   2940000     13.050054      1.048890
   2960000     13.098892      1.098076
   2980000     13.179028      1.080348
   3000000     13.080121      1.306909
   3020000     13.066556      1.406897
   3040000     13.065746      1.463167
   3060000     12.966555      1.589809
   3080000     12.969332      1.671561
   3100000     12.915103      1.723326
   3120000     12.948326      1.799832
   3140000     12.912646      1.925407
   3160000     12.882710      2.056929
   3180000     12.743679      2.152957
   3200000     12.787092      2.217278
   3220000     13.073319      2.194134
   3240000     13.060552      2.265862
   3260000     12.816300      2.368163
   3280000     12.651327      2.505768
   3300000     12.662037      2.571383
   3320000     12.672227      2.636965
   3340000     12.566656      2.691283
   3360000     12.576957      2.751664
   3380000     12.809154      2.823397
   3400000     12.846289      2.882959
   3420000     12.941622      2.942233
   3440000     12.933767      3.006454
   3460000     12.919351      3.082146
   3480000     13.030215      3.124963
   3500000     12.983828      3.183577
   3520000     13.021792      3.221232
   3540000     13.016745      3.305869
   3560000     12.905757      3.380321
   3580000     12.741538      3.457049
   3600000     12.745968      3.536538
   3620000     12.842398      3.606514
   3640000     12.724323      3.670466
   3660000     12.729341      3.731486
   3680000     12.597369      3.789377
   3700000     12.747665      3.856987
   3720000     12.796188      3.896846
   3740000     12.686795      3.976807
   3760000     12.681795      4.045351
   3780000     12.812638      4.108393
   3800000     12.765146      4.171356
   3820000     12.666588      4.223332
   3840000     12.549458      4.251605
   3860000     12.580440      4.341398
   3880000     12.583191      4.415472
   3900000     12.675994      4.487624
   3920000     12.636835      4.550202
   3940000     12.612570      4.601325
   3960000     12.600444      4.669744
   3980000     12.411514      4.672887
   4000000     12.618630      4.781344
   4020000     12.524306      4.824586
   4040000     12.757970      4.924262
   4060000     12.789507      4.973810
   4080000     12.508101      5.016730
   4100000     12.657082      5.091832
   4120000     12.681132      5.146900
   4140000     12.612248      5.218793
   4160000     12.736363      5.252798
   4180000     12.991130      5.245157
   4200000     12.512185      5.386839
   4220000     12.674176      5.475999
   4240000     12.714643      5.543645
   4260000     12.834222      5.595297
   4280000     12.963981      5.654925
   4300000     13.108797      5.652438
   4320000     13.053348      5.766967
   4340000     13.020173      5.841428
   4360000     13.046349      5.868063
   4380000     13.234294      5.827376
   4400000     12.945700      6.046016
   4420000     13.147797      6.074267
   4440000     13.409887      6.031978
   4460000     13.357752      6.094553
   4480000     13.354266      6.191428
   4500000     13.340888      6.289828
   4520000     13.453101      6.299377
   4540000     13.418429      6.372365
   4560000     13.437585      6.328541
   4580000     13.175816      6.508762
   4600000     12.688278      6.326521
   4620000     13.073369      6.503082
   4640000     13.063559      6.428188
   4660000     12.825158      6.199019
   4680000     12.635827      6.028515
   4700000     12.887581      5.920365
   4720000     12.785583      5.848425
   4740000     13.121624      6.085152
   4760000     12.765325      6.045871
   4780000     12.950932      6.087306
   4800000     13.185906      6.264588
   4820000     12.860881      6.279219
   4840000     12.608480      6.463255
   4860000     12.639259      6.606686
   4880000     12.599271      6.631711
   4900000     12.506767      6.702152
   4920000     12.667384      6.801574
   4940000     12.453647      6.799973
   4960000     12.550141      6.908450
   4980000     12.576421      6.973637
   5000000     12.807594      7.014478
   5020000     12.420186      7.018040
   5040000     12.380581      7.102630
   5060000     12.326840      7.116085
   5080000     12.337759      7.191158
   5100000     12.310486      7.256855
   5120000     12.249089      7.292021
   5140000     11.962006      7.213521
   5160000     11.901871      7.223538
   5180000     12.060966      7.422062
   5200000     12.095816      7.501639
   5220000     12.045860      7.535611
   5240000     12.033336      7.590132
   5260000     12.041903      7.644659
   5280000     11.851787      7.688935
   5300000     11.878230      7.763747
   5320000     11.764869      7.775444
   5340000     11.976740      7.939025
   5360000     11.854992      7.966982
   5380000     11.917811      8.085912
   5400000     11.998307      8.123535
   5420000     11.785513      8.188530
   5440000     11.828805      8.289007
   5460000     11.828928      8.360036
   5480000     11.774786      8.415232
   5500000     11.742821      8.471402
   5520000     11.763667      8.539649
   5540000     11.658957      8.575578
   5560000     11.722351      8.688574
   5580000     11.839718      8.768965
   5600000     11.686891      8.841229
   5620000     11.639885      8.893734
   5640000     11.091067      8.607040
   5660000     11.074081      8.718242
   5680000     11.117554      8.823842
   5700000     10.995065      8.810998
   5720000     10.881520      8.743726
   5740000     10.879997      8.836436
   5760000     10.797070      8.788288
   5780000     10.788692      8.895791
   5800000     10.768885      8.984871
   5820000     10.677062      8.975283
   5840000     10.547785      8.925170
   5860000     10.630158      9.114675
   5880000     10.707666      9.296517
   5900000     10.708548      9.375441
   5920000     10.850637      9.473680
   5940000     10.709665      9.501478
   5960000     10.699758      9.572227
   5980000     10.635430      9.610784
   6000000     10.394835      9.555745
