         0      4.000000      0.000000
     20000      4.047927     -0.112399
     40000      4.074819     -0.203935
     60000      4.136799     -0.242735
     80000      4.233445     -0.215312
    100000      4.308932     -0.210551
    120000      4.366967     -0.274138
    140000      4.347068     -0.433640
    160000      4.540795     -0.099544
    180000      4.608868     -0.087540
    200000      4.688486     -0.064600
    220000      4.748105     -0.047368
    240000      4.809024     -0.100785
    260000      4.880146     -0.155275
    280000      4.948452     -0.202466
    300000      5.015377     -0.229823
    320000      5.096198     -0.243589
    340000      5.147234     -0.274404
    360000      5.209115     -0.359217
    380000      5.276489     -0.378817
    400000      5.364286     -0.410181
    420000      5.427870     -0.370594
    440000      5.506359     -0.414681
    460000      5.539916     -0.326040
    480000      5.589854     -0.250475
    500000      5.682866     -0.304734
    520000      5.754407     -0.324719
    540000      5.817797     -0.304824
    560000      5.855399     -0.234438
    580000      5.927649     -0.215878
    600000      5.989174     -0.221200
    620000      6.073759     -0.223351
    640000      6.125819     -0.193596
    660000      6.140151     -0.109873
    680000      6.202771     -0.057205
    700000      6.216068      0.008575
    720000      6.224320      0.098669
    740000      6.282350      0.136108
    760000      6.309238      0.223287
    780000      6.284764      0.334294
    800000      6.456277      0.307509
    820000      6.462797      0.376145
    840000      6.440186      0.446116
    860000      6.383110      0.530958
    880000      6.399935      0.622548
    900000      6.418204      0.667317
    920000      6.413831      0.747317
    940000      6.566576      0.761621
    960000      6.417599      0.882678
    980000      6.475025      0.956581
   1000000      6.295576      1.005557
   1020000      6.283295      1.065577
   1040000      6.226054      1.107499
   1060000      6.247056      1.191411
   1080000      6.264678      1.264725
   1100000      6.266597      1.345964
   1120000      6.280651      1.405002
   1140000      6.210523      1.457656
   1160000      6.231954      1.522415
   1180000      6.241013      1.608854
   1200000      6.226625      1.671539
   1220000      6.106048      1.714929
   1240000      6.095968      1.790657
   1260000      6.102767      1.876132
   1280000      6.136154      1.956848
   1300000      6.125173      2.032653
   1320000      6.285292      2.101746
   1340000      6.350565      2.136130
   1360000      6.466013      2.149217
   1380000      6.482471      2.236268
   1400000      6.458660      2.324992
   1420000      6.478397      2.368408
   1440000      6.512691      2.420037
   1460000      6.576981      2.488405
   1480000      6.534294      2.569983
   1500000      6.681827      2.571657
   1520000      6.695347      2.657765
   1540000      6.728905      2.722949
   1560000      6.808037      2.775725
   1580000      6.847362      2.818950
   1600000      6.875252      2.893522
   1620000      6.846887      2.968655
   1640000      6.828457      3.064053
   1660000      6.914063      3.100315
   1680000      7.010966      3.129987
   1700000      7.080075      3.154238
   1720000      6.981835      3.302773
   1740000      6.948023      3.398472
   1760000      6.966570      3.452466
   1780000      6.985055      3.539481
   1800000      6.983117      3.636523
   1820000      7.039718      3.678201
   1840000      6.924124      3.762826
   1860000      7.080507      3.787081
   1880000      7.144469      3.853092
   1900000      7.237786      3.824961
   1920000      7.247303      3.918615
   1940000      7.318259      3.933652
   1960000      7.188745      4.169313
   1980000      7.298966      4.168706
   2000000      7.302589      4.246993
   2020000      7.350583      4.297621
   2040000      7.373975      4.365280
   2060000      7.382408      4.449398
   2080000      7.417742      4.504125
   2100000      7.441937      4.566728
   2120000      7.494058      4.598837
   2140000      7.585752      4.612298
   2160000      7.627226      4.659170
   2180000      7.679870      4.714482
   2200000      7.771441      4.716424
   2220000      7.762251      4.816285
   2240000      7.848497      4.822276
   2260000      7.827089      4.933574
   2280000      7.835357      5.002816
   2300000      8.008722      4.977822
   2320000      8.086285      4.982901
   2340000      8.058616      5.076242
   2360000      8.122622      5.109985
   2380000      8.266752      5.074909
   2400000      8.328006      5.120748
   2420000      8.373655      5.165527
   2440000      8.327365      5.290894
   2460000      8.495188      5.251926
   2480000      8.553072      5.285367
   2500000      8.593561      5.325274
   2520000      8.595562      5.425135
   2540000      8.657783      5.474807
   2560000      8.702080      5.535706
   2580000      8.751241      5.573538
   2600000      8.783522      5.608691
   2620000      8.916983      5.586890
   2640000      8.991407      5.607651
   2660000      9.056227      5.622214
   2680000      9.132703      5.576733
   2700000      9.199814      5.505414
   2720000      9.248539      5.620692
   2740000      9.314084      5.574651
   2760000      9.370863      5.693029
   2780000      9.429561      5.719620
   2800000      9.510597      5.712782
   2820000      9.581396      5.740389
   2840000      9.646487      5.721570
   2860000      9.726856      5.698053
   2880000      9.792533      5.675856
   2900000      9.849023      5.751205
   2920000      9.917690      5.769832
   2940000      9.992558      5.738160
   2960000     10.065369      5.748740
   2980000     10.138649      5.728218
   3000000     10.172244      5.821677
   3020000     10.241473      5.809053
   3040000     10.326506      5.786985
   3060000     10.408791      5.708071
   3080000     10.463827      5.667584
   3100000     10.545814      5.689296
   3120000     10.602375      5.603893
   3140000     10.667922      5.627644
   3160000     10.742640      5.656046
   3180000     10.807739      5.663195
   3200000     10.878381      5.668087
   3220000     10.943569      5.636535
   3240000     11.025876      5.628392
   3260000     11.086830      5.556548
   3280000     11.157327      5.552820
   3300000     11.226364      5.547563
   3320000     11.303412      5.550146
   3340000     11.370679      5.596441
   3360000     11.450107      5.560465
   3380000     11.504643      5.581835
   3400000     11.579563      5.566522
   3420000     11.653538      5.594765
   3440000     11.707123      5.664325
   3460000     11.680852      5.845571
   3480000     11.777193      5.839425
   3500000     11.835104      5.869805
   3520000     11.920193      5.821739
   3540000     11.951958      5.981670
   3560000     12.044744      5.959659
   3580000     12.107902      5.984961
   3600000     12.160074      6.012721
   3620000     12.231792      6.057486
   3640000     12.252020      6.139379
   3660000     12.307892      6.183914
   3680000     12.358140      6.224490
   3700000     12.448828      6.244117
   3720000     12.528656      6.235004
   3740000     12.558010      6.284886
   3760000     12.633032      6.311863
   3780000     12.736065      6.277752
   3800000     12.783742      6.303817
   3820000     12.824608      6.379683
   3840000     12.825288      6.477853
   3860000     12.988296      6.365746
   3880000     13.008678      6.483803
   3900000     13.095079      6.475792
   3920000     13.147699      6.505903
   3940000     13.204159      6.542694
   3960000     13.294407      6.469079
   3980000     13.335851      6.562081
   4000000     13.413169      6.488729
   4020000     13.467986      6.524065
   4040000     13.528081      6.517710
   4060000     13.557708      6.404320
   4080000     13.623267      6.390836
   4100000     13.656964      6.346941
   4120000     13.802172      6.607754
   4140000     13.866513      6.591373
   4160000     13.937355      6.627199
   4180000     14.027822      6.619370
   4200000     14.088594      6.562446
   4220000     14.142749      6.536574
   4240000     14.206771      6.502067
   4260000     14.278556      6.531809
   4280000     14.346344      6.506532
   4300000     14.407445      6.464332
   4320000     14.450822      6.403009
   4340000     14.541003      6.395504
   4360000     14.596682      6.373721
   4380000     14.687147      6.456473
   4400000     14.762799      6.599433
   4420000     14.828431      6.598425
   4440000     14.931190      6.565205
   4460000     15.002796      6.483443
   4480000     15.064459      6.454399
   4500000     15.118203      6.463915
   4520000     15.164170      6.414001
   4540000     15.256469      6.443992
   4560000     15.335813      6.514886
   4580000     15.409799      6.571265
   4600000     15.498576      6.631007
   4620000     15.538282      6.729629
   4640000     15.617021      6.708950
   4660000     15.670841      6.781413
   4680000     15.737632      6.784000
   4700000     15.804452      6.806295
   4720000     15.833308      6.899187
   4740000     15.838153      7.006388
   4760000     15.888093      7.057709
   4780000     15.844105      7.127314
   4800000     15.924304      7.172784
   4820000     15.941844      7.254579
   4840000     15.903322      7.342005
   4860000     15.955859      7.431038
   4880000     16.013564      7.476437
   4900000     15.983322      7.575376
   4920000     16.076372      7.604173
   4940000     16.065320      7.693186
   4960000     16.170509      7.669903
   4980000     16.129735      7.786469
   5000000     16.148251      7.856075
   5020000     16.042969      7.985191
   5040000     16.116631      8.046869
   5060000     16.101295      8.140589
   5080000     16.032836      8.223914
   5100000     15.991983      8.308918
   5120000     15.936612      8.376530
   5140000     16.005696      8.407689
   5160000     16.088926      8.433704
   5180000     16.123128      8.473953
   5200000     16.181500      8.520868
   5220000     16.200935      8.595353
   5240000     16.334937      8.581249
   5260000     16.409653      8.530123
   5280000     16.428583      8.653808
   5300000     16.507721      8.660227
   5320000     16.550131      8.704780
   5340000     16.602766      8.751595
   5360000     16.639504      8.792565
   5380000     16.728246      8.784350
   5400000     16.712087      8.900888
   5420000     16.879524      8.836491
   5440000     16.918651      8.907914
   5460000     16.960231      8.977830
   5480000     16.993501      9.030909
   5500000     17.081266      9.072439
   5520000     17.133070      9.120339
   5540000     17.220027      9.128305
   5560000     17.317422      9.106178
   5580000     17.351497      9.195899
   5600000     17.455166      9.052772
   5620000     17.514679      9.176148
   5640000     17.572318      9.208121
   5660000     17.629448      9.163034
   5680000     17.707158      9.103886
   5700000     17.772827      9.095732
   5720000     17.851970      9.205682
   5740000     17.894579      9.268488
   5760000     17.958271      9.277785
   5780000     18.062337      9.192744
   5800000     18.121436      9.231244
   5820000     18.189022      9.198116
   5840000     18.263993      9.224237
   5860000     18.321262      9.323736
   5880000     18.373186      9.013626
   5900000     18.457699      9.064275
   5920000     18.531070      9.034857
   5940000     18.604534      9.030490
   5960000     18.676604      9.040670
   5980000     18.766104      9.039525
   6000000     18.808799      8.957553
