         0      4.000000      0.000000
     20000      4.064873      0.028654
     40000      4.133609      0.018834
     60000      4.185099      0.080637
     80000      4.271278      0.059963
    100000      4.337936      0.028490
    120000      4.397058     -0.006839
    140000      4.452703     -0.003210
    160000      4.445048     -0.349035
    180000      4.483489     -0.434444
    200000      4.518399     -0.495141
    220000      4.720569     -0.251409
    240000      4.738641     -0.397050
    260000      4.866337     -0.296194
    280000      4.929992     -0.312051
    300000      4.989379     -0.308651
    320000      5.037372     -0.308456
    340000      5.107496     -0.308032
    360000      5.165461     -0.359555
    380000      5.229236     -0.396217
    400000      5.296111     -0.399502
    420000      5.407298     -0.329560
    440000      5.474746     -0.199371
    460000      5.529653     -0.300232
    480000      5.597956     -0.406275
    500000      5.654341     -0.426241
    520000      5.726923     -0.444130
    540000      5.782856     -0.455984
    560000      5.816121     -0.537586
    580000      5.889708     -0.514709
    600000      5.990630     -0.232381
    620000      6.056547     -0.274198
    640000      6.128798     -0.258560
    660000      6.210808     -0.271870
    680000      6.283774     -0.363292
    700000      6.326227     -0.173274
    720000      6.404775     -0.168996
    740000      6.470243     -0.190224
    760000      6.507818     -0.015689
    780000      6.578191     -0.000794
    800000      6.650896     -0.024759
    820000      6.642172      0.134496
    840000      6.706302      0.154316
    860000      6.796389      0.132491
    880000      6.920997      0.071316
    900000      6.995762      0.048838
    920000      7.048229      0.140510
    940000      7.099799      0.198976
    960000      7.122255      0.287698
    980000      7.195793      0.284635
   1000000      7.321697     -0.076255
   1020000      7.404509     -0.057547
   1040000      7.461579     -0.021727
   1060000      7.523209     -0.005205
   1080000      7.571393     -0.136909
   1100000      7.705027     -0.102261
   1120000      7.781648     -0.093622
   1140000      7.843554     -0.107083
   1160000      7.920607     -0.080431
   1180000      7.993952     -0.026819
   1200000      8.051849     -0.099955
   1220000      8.117026     -0.091006
   1240000      8.180038      0.001210
   1260000      8.228381      0.078974
   1280000      8.283689      0.112479
   1300000      8.338365      0.143838
   1320000      8.354102      0.233851
   1340000      8.480480      0.150482
   1360000      8.526265      0.214081
   1380000      8.659289      0.051635
   1400000      8.701443     -0.058483
   1420000      8.785272      0.160262
   1440000      8.826703      0.255640
   1460000      8.953989      0.102122
   1480000      9.024160      0.148104
   1500000      9.095530      0.033892
   1520000      9.172493      0.033651
   1540000      9.227373      0.027884
   1560000      9.280359      0.091755
   1580000      9.363322      0.137926
   1600000      9.434038      0.090274
   1620000      9.473583      0.142990
   1640000      9.566705      0.114936
   1660000      9.620771      0.138751
   1680000      9.678984      0.085836
   1700000      9.741969      0.070312
   1720000      9.814684      0.090660
   1740000      9.881587      0.029625
   1760000      9.923243      0.150765
   1780000     10.007988      0.031696
   1800000     10.093441     -0.049505
   1820000     10.161367     -0.035942
   1840000     10.218208     -0.059850
   1860000     10.298316     -0.148371
   1880000     10.368911     -0.141182
   1900000     10.449724     -0.058547
   1920000     10.488811     -0.189301
   1940000     10.568844      0.020281
   1960000     10.613599      0.106299
   1980000     10.697230     -0.187354
   2000000     10.742935     -0.282624
   2020000     10.803710     -0.235368
   2040000     10.854321     -0.308798
   2060000     10.892886     -0.405222
   2080000     11.019774     -0.382663
   2100000     11.060301     -0.417916
   2120000     11.104366     -0.445898
   2140000     11.086967     -0.540734
   2160000     11.159659     -0.576361
   2180000     11.206031     -0.619264
   2200000     11.195066     -0.690740
   2220000     11.318111     -0.697672
   2240000     11.519200     -0.504268
   2260000     11.587344     -0.471063
   2280000     11.649888     -0.430661
   2300000     11.683935     -0.659418
   2320000     11.756827     -0.708454
   2340000     11.576824     -1.096134
   2360000     11.587448     -1.161792
   2380000     11.849331     -1.009130
   2400000     11.814189     -1.126636
   2420000     11.876281     -1.190734
   2440000     12.020589     -1.087019
   2460000     12.087624     -1.125503
   2480000     12.204512     -1.025987
   2500000     12.288926     -1.015237
   2520000     12.357209     -1.001407
   2540000     12.404117     -1.030949
   2560000     12.465973     -1.083207
   2580000     12.527505     -1.063737
   2600000     12.598222     -1.112871
   2620000     12.605981     -1.311890
   2640000     12.694965     -1.287675
   2660000     12.805486     -1.089467
   2680000     12.845029     -1.233274
   2700000     12.865001     -1.340000
   2720000     12.983401     -1.303157
   2740000     13.056353     -1.283217
   2760000     13.090675     -1.434698
   2780000     13.170597     -1.455353
   2800000     13.269063     -1.384113
   2820000     13.310434     -1.420871
   2840000     13.349017     -1.481548
   2860000     13.389547     -1.548376
   2880000     13.462130     -1.562301
   2900000     13.503507     -1.645787
   2920000     13.631940     -1.528975
   2940000     13.703920     -1.511633
   2960000     13.780981     -1.549363
   2980000     13.865990     -1.528417
   3000000     13.918595     -1.581078
   3020000     13.990135     -1.575831
   3040000     14.024647     -1.675876
   3060000     13.940005     -1.845328
   3080000     14.053846     -1.840983
   3100000     14.148119     -1.838519
   3120000     14.142095     -1.934615
   3140000     14.199544     -1.964677
   3160000     14.117749     -2.091487
   3180000     14.024994     -2.171068
   3200000     14.037471     -2.233933
   3220000     14.020316     -2.302755
   3240000     14.075125     -2.383611
   3260000     14.133385     -2.430049
   3280000     14.077872     -2.511072
   3300000     14.067146     -2.565916
   3320000     14.163807     -2.605714
   3340000     14.233785     -2.642265
   3360000     13.978468     -2.758251
   3380000     13.962375     -2.847440
   3400000     13.959251     -2.909083
   3420000     13.843242     -2.968622
   3440000     13.885360     -3.039490
   3460000     13.827752     -3.117295
   3480000     13.891273     -3.197609
   3500000     13.837736     -3.274566
   3520000     13.848807     -3.355779
   3540000     13.985758     -3.432539
   3560000     13.968259     -3.500856
   3580000     13.921910     -3.567222
   3600000     14.159848     -3.625393
   3620000     14.260864     -3.652156
   3640000     14.329306     -3.721223
   3660000     14.192492     -3.850580
   3680000     14.234638     -3.911875
   3700000     14.240529     -3.982871
   3720000     14.338037     -4.026189
   3740000     14.330904     -4.108866
   3760000     14.327055     -4.181648
   3780000     14.358031     -4.253619
   3800000     14.529022     -4.252878
   3820000     14.582681     -4.288823
   3840000     14.624962     -4.372212
   3860000     14.658600     -4.400516
   3880000     14.691572     -4.450867
   3900000     14.696557     -4.521785
   3920000     14.509281     -4.724100
   3940000     14.534204     -4.795517
   3960000     14.530154     -4.853483
   3980000     14.487921     -4.913820
   4000000     14.596276     -4.968462
   4020000     14.556814     -5.067194
   4040000     14.494342     -5.144055
   4060000     14.392814     -5.237765
   4080000     14.467217     -5.306839
   4100000     14.500809     -5.364322
   4120000     14.260667     -5.380861
   4140000     14.364084     -5.501722
   4160000     14.287874     -5.552759
   4180000     14.127909     -5.582629
   4200000     14.158408     -5.647420
   4220000     14.288607     -5.716200
   4240000     14.148597     -5.765375
   4260000     14.090531     -5.850953
   4280000     14.007831     -5.906815
   4300000     14.027231     -5.962341
   4320000     13.931966     -6.010753
   4340000     13.862651     -6.052720
   4360000     13.742207     -6.062274
   4380000     13.737282     -6.141894
   4400000     13.575714     -6.137085
   4420000     13.396244     -6.080300
   4440000     13.336702     -6.106866
   4460000     13.299631     -6.134825
   4480000     13.245798     -6.152616
   4500000     13.175757     -6.145390
   4520000     13.128613     -6.254716
   4540000     13.147438     -6.356306
   4560000     12.958429     -6.184522
   4580000     12.919611     -6.336348
   4600000     12.887741     -6.433621
   4620000     12.849578     -6.507698
   4640000     12.769072     -6.516234
   4660000     12.700869     -6.557598
   4680000     12.539589     -6.337053
   4700000     12.460067     -6.168765
   4720000     12.442532     -6.451865
   4740000     12.355937     -6.471558
   4760000     12.327332     -6.556958
   4780000     12.243232     -6.562632
   4800000     12.224174     -6.691750
   4820000     12.166103     -6.717690
   4840000     12.114624     -6.770612
   4860000     12.091778     -6.863509
   4880000     12.028411     -6.918233
   4900000     11.997167     -6.979341
   4920000     11.994724     -7.071093
   4940000     11.886629     -7.038848
   4960000     11.895496     -7.154030
   4980000     11.843130     -7.190713
   5000000     11.758948     -7.176876
   5020000     11.782950     -7.337432
   5040000     11.773845     -7.415703
   5060000     11.733902     -7.472944
   5080000     11.694333     -7.524269
   5100000     11.717101     -7.646346
   5120000     11.640294     -7.688164
   5140000     11.588489     -7.735798
   5160000     11.552205     -7.789160
   5180000     11.485580     -7.819048
   5200000     11.426908     -7.843216
   5220000     11.313680     -7.805570
   5240000     11.246805     -7.806151
   5260000     11.171461     -7.809368
   5280000     11.050164     -7.738385
   5300000     10.998998     -7.852218
   5320000     10.876910     -7.700014
   5340000     10.817798     -7.774398
   5360000     10.779599     -7.884543
   5380000     10.688296     -7.829755
   5400000     10.624922     -7.777731
   5420000     10.582174     -7.917153
   5440000     10.518476     -7.888767
   5460000     10.462482     -7.916865
   5480000     10.416420     -7.895620
   5500000     10.329487     -7.905811
   5520000     10.254339     -7.785417
   5540000     10.185670     -7.817288
   5560000     10.131366     -7.820170
   5580000     10.091587     -7.709960
   5600000     10.024457     -7.723864
   5620000      9.930928     -7.741197
   5640000      9.876295     -7.657414
   5660000      9.818174     -7.641275
   5680000      9.783294     -7.592893
   5700000      9.663518     -7.791683
   5720000      9.615555     -7.686690
   5740000      9.536420     -7.752776
   5760000      9.459451     -7.726837
   5780000      9.393585     -7.802916
   5800000      9.335776     -7.646788
   5820000      9.268988     -7.607246
   5840000      9.196661     -7.688850
   5860000      9.136740     -7.490205
   5880000      9.082879     -7.417062
   5900000      9.037856     -7.303454
   5920000      8.974763     -7.260629
   5940000      8.946771     -7.180498
   5960000      8.876730     -7.182595
   5980000      8.823997     -7.159200
   6000000      8.752617     -7.155120
