         0      4.000000      0.000000
     20000      4.043534      0.052899
     40000      4.105820      0.059451
     60000      4.160497      0.106471
     80000      4.212138      0.173185
    100000      4.263184      0.210732
    120000      4.337026      0.243127
    140000      4.413104      0.193254
    160000      4.468330      0.241383
    180000      4.510011      0.314918
    200000      4.578217      0.337175
    220000      4.577147      0.436710
    240000      4.618816      0.505258
    260000      4.696989      0.532788
    280000      4.734326      0.587126
    300000      4.758339      0.667414
    320000      4.788196      0.710706
    340000      4.769078      0.809552
    360000      4.787405      0.895929
    380000      4.797097      0.958347
    400000      4.741358      1.030430
    420000      4.718362      1.119591
    440000      4.721513      1.187009
    460000      4.710936      1.264295
    480000      4.770520      1.321534
    500000      4.778510      1.384607
    520000      4.815100      1.467163
    540000      5.044080      1.455139
    560000      5.130321      1.439526
    580000      5.230820      1.455903
    600000      5.228321      1.579263
    620000      5.255482      1.644937
    640000      5.346204      1.686132
    660000      5.365880      1.782579
    680000      5.445226      1.819168
    700000      5.493549      1.867105
    720000      5.538959      1.923410
    740000      5.631047      1.935001
    760000      5.669920      1.984835
    780000      5.703990      2.058974
    800000      5.700601      2.145814
    820000      5.708681      2.221070
    840000      5.733998      2.261878
    860000      5.699659      2.353705
    880000      5.695806      2.415908
    900000      5.729054      2.477225
    920000      5.781793      2.529581
    940000      5.727737      2.595413
    960000      5.765958      2.648164
    980000      5.758088      2.695863
   1000000      5.578471      2.763777
   1020000      5.560430      2.837369
   1040000      5.559323      2.897041
   1060000      5.608597      2.962618
   1080000      5.532380      3.051348
   1100000      5.549744      3.136738
   1120000      5.607431      3.204279
   1140000      5.603706      3.269878
   1160000      5.545805      3.351497
   1180000      5.527274      3.421361
   1200000      5.449415      3.473142
   1220000      5.510423      3.549497
   1240000      5.532071      3.629860
   1260000      5.512825      3.698136
   1280000      5.437089      3.758722
   1300000      5.408541      3.809962
   1320000      5.322790      3.847572
   1340000      5.265093      3.883849
   1360000      5.147716      3.911586
   1380000      5.038910      3.875363
   1400000      5.000006      3.924711
   1420000      4.986746      4.033762
   1440000      4.924922      4.076868
   1460000      4.907614      4.164615
   1480000      4.826975      4.175235
   1500000      4.710057      4.194559
   1520000      4.649171      4.235643
   1540000      4.618017      4.320461
   1560000      4.542790      4.362407
   1580000      4.465175      4.369621
   1600000      4.414174      4.426239
   1620000      4.381426      4.492722
   1640000      4.374765      4.579581
   1660000      4.287851      4.571324
   1680000      4.259724      4.623689
   1700000      4.249271      4.709689
   1720000      4.197307      4.751635
   1740000      4.104457      4.755761
   1760000      4.037995      4.764826
   1780000      4.009150      4.869320
   1800000      4.054792      4.977553
   1820000      3.976930      5.010670
   1840000      4.077914      5.128675
   1860000      4.120010      5.196983
   1880000      4.116185      5.258434
   1900000      4.143823      5.299443
   1920000      4.157348      5.347619
   1940000      4.176563      5.422038
   1960000      4.107839      5.501075
   1980000      4.170111      5.546357
   2000000      4.119672      5.605902
   2020000      4.099468      5.673414
   2040000      4.128887      5.740453
   2060000      4.239580      5.811387
   2080000      4.318175      5.870755
   2100000      4.341592      5.931013
   2120000      4.441244      5.914260
   2140000      4.287536      6.095643
   2160000      4.241281      6.152357
   2180000      4.171881      6.219395
   2200000      4.070904      6.250444
   2220000      4.077411      6.357336
   2240000      3.996023      6.401807
   2260000      3.971658      6.460690
   2280000      3.922465      6.526298
   2300000      3.840472      6.547875
   2320000      3.837469      6.622819
   2340000      3.847323      6.681463
   2360000      3.937379      6.722622
   2380000      3.649565      6.752538
   2400000      3.580605      6.781689
   2420000      3.540863      6.842449
   2440000      3.511071      6.891492
   2460000      3.436506      6.920240
   2480000      3.387383      6.966033
   2500000      3.320424      6.984852
   2520000      3.298873      7.084506
   2540000      3.285249      7.150366
   2560000      3.222281      7.178577
   2580000      3.101518      7.181872
   2600000      3.061253      7.238209
   2620000      3.029641      7.307532
   2640000      3.020161      7.389973
   2660000      2.943323      7.404307
   2680000      2.790125      7.270206
   2700000      2.696375      7.186968
   2720000      2.669121      7.090484
   2740000      2.597986      7.077062
   2760000      2.518077      7.083116
   2780000      2.492400      6.982604
   2800000      2.416133      6.947610
   2820000      2.326239      6.960658
   2840000      2.233814      7.055085
   2860000      2.157680      7.045132
   2880000      2.096006      7.071698
   2900000      2.038886      6.995016
   2920000      1.950395      7.030642
   2940000      1.874421      7.035358
   2960000      1.860651      6.944555
   2980000      1.731273      7.149605
   3000000      1.666118      7.158100
   3020000      1.598027      7.118599
   3040000      1.539875      7.256208
   3060000      1.484133      7.297567
   3080000      1.430162      7.387891
   3100000      1.360452      7.414098
   3120000      1.276869      7.360427
   3140000      1.204339      7.267767
   3160000      1.131035      7.406276
   3180000      1.064064      7.411173
   3200000      1.055936      7.580586
   3220000      0.956507      7.581618
   3240000      0.861779      7.472677
   3260000      0.786076      7.493159
   3280000      0.730479      7.472848
   3300000      0.662241      7.445983
   3320000      0.598594      7.448831
   3340000      0.527064      7.498327
   3360000      0.458818      7.512272
   3380000      0.385112      7.489677
   3400000      0.321072      7.491000
   3420000      0.263756      7.403080
   3440000      0.202554      7.395023
   3460000      0.141801      7.339024
   3480000      0.045504      7.383371
   3500000     -0.042523      7.396066
   3520000     -0.093305      7.326123
   3540000     -0.133381      7.196178
   3560000     -0.208885      7.178305
   3580000     -0.261567      7.132054
   3600000     -0.365794      7.223870
   3620000     -0.416850      7.159056
   3640000     -0.459275      7.087632
   3660000     -0.495599      7.012107
   3680000     -0.559767      6.971915
   3700000     -0.637596      6.975003
   3720000     -0.709092      6.963971
   3740000     -0.789585      6.993997
   3760000     -0.872517      7.040046
   3780000     -0.932713      6.985061
   3800000     -0.996438      6.986643
   3820000     -1.053471      6.889979
   3840000     -1.128343      6.915906
   3860000     -1.181453      6.901171
   3880000     -1.242385      6.944879
   3900000     -1.305640      6.881924
   3920000     -1.372630      6.887631
   3940000     -1.428040      6.770922
   3960000     -1.453624      6.708588
   3980000     -1.623840      6.856847
   4000000     -1.691403      6.828827
   4020000     -1.754887      6.814498
   4040000     -1.821289      6.809270
   4060000     -1.901218      6.775573
   4080000     -1.969022      6.815982
   4100000     -2.029920      6.868229
   4120000     -2.098434      6.859873
   4140000     -2.163708      6.870739
   4160000     -2.243432      6.895764
   4180000     -2.311502      6.890891
   4200000     -2.374546      6.860064
   4220000     -2.455657      6.838750
   4240000     -2.511444      6.781226
   4260000     -2.570058      6.743510
   4280000     -2.626065      6.651883
   4300000     -2.688119      6.625964
   4320000     -2.721024      6.550257
   4340000     -2.773391      6.540713
   4360000     -2.847595      6.521194
   4380000     -2.856419      6.443728
   4400000     -2.957159      6.447225
   4420000     -2.974693      6.369777
   4440000     -3.050724      6.326485
   4460000     -3.108177      6.262039
   4480000     -3.062129      6.159199
   4500000     -3.115784      6.088230
   4520000     -3.219078      6.079656
   4540000     -3.314746      6.084663
   4560000     -3.335001      6.019794
   4580000     -3.334359      5.935691
   4600000     -3.403953      5.898326
   4620000     -3.364237      5.798085
   4640000     -3.438242      5.749547
   4660000     -3.481196      5.691158
   4680000     -3.440111      5.617323
   4700000     -3.559887      5.563164
   4720000     -3.619156      5.523299
   4740000     -3.539514      5.404348
   4760000     -3.619008      5.382815
   4780000     -3.647008      5.297633
   4800000     -3.689531      5.235853
   4820000     -3.646111      5.139513
   4840000     -3.713170      5.096188
   4860000     -3.778450      5.079206
   4880000     -3.817416      5.014388
   4900000     -3.919761      5.033638
   4920000     -3.966332      4.985202
   4940000     -4.034299      4.948130
   4960000     -4.109838      4.928765
   4980000     -4.201025      4.908583
   5000000     -4.279321      4.955564
   5020000     -4.217796      4.729465
   5040000     -4.373696      4.844210
   5060000     -4.422026      4.849321
   5080000     -4.485299      4.843679
   5100000     -4.539023      4.730010
   5120000     -4.571470      4.652483
   5140000     -4.627627      4.611848
   5160000     -4.698667      4.558603
   5180000     -4.776676      4.576252
   5200000     -4.841810      4.639845
   5220000     -4.859755      4.698090
   5240000     -4.965193      4.616228
   5260000     -5.003762      4.466594
   5280000     -5.064109      4.402622
   5300000     -5.118229      4.358944
   5320000     -5.194767      4.324594
   5340000     -5.269225      4.278356
   5360000     -5.325940      4.275589
   5380000     -5.357359      4.143590
   5400000     -5.406274      4.112784
   5420000     -5.427474      3.998418
   5440000     -5.417080      3.878536
   5460000     -5.538309      3.880963
   5480000     -5.589215      3.833559
   5500000     -5.628508      3.768213
   5520000     -5.741672      3.801205
   5540000     -5.751465      3.727157
   5560000     -5.908892      3.862807
   5580000     -5.934343      3.768749
   5600000     -6.065027      3.973246
   5620000     -6.138615      3.861206
   5640000     -6.195525      3.841250
   5660000     -6.265048      3.824192
   5680000     -6.307606      3.739379
   5700000     -6.394840      3.779048
   5720000     -6.463592      3.817458
   5740000     -6.517223      3.791979
   5760000     -6.587446      3.775829
   5780000     -6.646722      3.714791
   5800000     -6.720596      3.693494
   5820000     -6.756751      3.631336
   5840000     -6.808257      3.546024
   5860000     -6.792986      3.428845
   5880000     -6.849219      3.413623
   5900000     -6.997345      3.464496
   5920000     -7.055601      3.466839
   5940000     -7.022572      3.303111
   5960000     -7.157316      3.336219
   5980000     -7.181808      3.260582
   6000000     -7.158037      3.161890
