         0      4.000000      0.000000
     20000      4.025331     -0.015994
     40000      4.054194     -0.096891
     60000      4.080823     -0.126379
     80000      4.110110     -0.074891
    100000      4.133794     -0.054029
    120000      4.169030     -0.057517
    140000      4.186350     -0.030066
    160000      4.222193     -0.036518
    180000      4.252407     -0.035456
    200000      4.314054     -0.083887
    220000      4.341399     -0.134201
    240000      4.363473     -0.163760
    260000      4.385501     -0.182315
    280000      4.421473     -0.177700
    300000      4.456750     -0.175528
    320000      4.465803     -0.012722
    340000      4.531393     -0.110175
    360000      4.571266     -0.076819
    380000      4.602703     -0.057418
    400000      4.643155     -0.065079
    420000      4.665365     -0.118986
    440000      4.709864     -0.133373
    460000      4.734841     -0.166604
    480000      4.774720     -0.137920
    500000      4.808816     -0.168819
    520000      4.837729     -0.193784
    540000      4.873745     -0.102444
    560000      4.901487     -0.097858
    580000      4.940002     -0.093555
    600000      4.970665     -0.093539
    620000      5.012975     -0.103583
    640000      5.058964     -0.100106
    660000      5.072052     -0.070669
    680000      5.104434     -0.043759
    700000      5.163750     -0.122890
    720000      5.192127     -0.120910
    740000      5.230097     -0.140249
    760000      5.264658     -0.131341
    780000      5.289543     -0.117120
    800000      5.321606     -0.149775
    820000      5.356045     -0.101043
    840000      5.387310     -0.178229
    860000      5.410117     -0.151556
    880000      5.452060     -0.109226
    900000      5.480314     -0.073921
    920000      5.527708     -0.166581
    940000      5.561039     -0.110482
    960000      5.600957     -0.142212
    980000      5.630923     -0.132242
   1000000      5.654413     -0.077322
   1020000      5.680702     -0.078999
   1040000      5.721146     -0.109654
   1060000      5.719891     -0.006333
   1080000      5.740056      0.048923
   1100000      5.783115      0.041014
   1120000      5.798103      0.048212
   1140000      5.813822      0.085906
   1160000      5.842083      0.110999
   1180000      5.905118      0.067527
   1200000      5.872358      0.137407
   1220000      5.927984      0.138819
   1240000      5.919125      0.167961
   1260000      6.038231      0.101800
   1280000      6.066440      0.118218
   1300000      6.157048      0.004612
   1320000      6.193665     -0.017153
   1340000      6.219004      0.001023
   1360000      6.237016      0.083965
   1380000      6.270373      0.089691
   1400000      6.308113      0.057569
   1420000      6.333202      0.072931
   1440000      6.309876      0.173041
   1460000      6.396502      0.091546
   1480000      6.415241      0.136367
   1500000      6.426772      0.173600
   1520000      6.436535      0.204488
   1540000      6.498896      0.159525
   1560000      6.538272      0.120048
   1580000      6.572709      0.158838
   1600000      6.603641      0.168678
   1620000      6.658430      0.118793
   1640000      6.686180      0.133309
   1660000      6.705360      0.163619
   1680000      6.702729      0.251071
   1700000      6.763957      0.200817
   1720000      6.793449      0.208600
   1740000      6.835458      0.194029
   1760000      6.848967      0.220998
   1780000      6.889196      0.224543
   1800000      6.901989      0.268882
   1820000      6.948454      0.254397
   1840000      6.931729      0.333202
   1860000      7.028862      0.264091
   1880000      7.059443      0.282933
   1900000      7.074854      0.324969
   1920000      7.099677      0.358499
   1940000      7.117911      0.392513
   1960000      7.146441      0.401016
   1980000      7.171358      0.441255
   2000000      7.217024      0.405073
   2020000      7.256666      0.419386
   2040000      7.298183      0.378540
   2060000      7.326868      0.376914
   2080000      7.366883      0.382957
   2100000      7.401794      0.412496
   2120000      7.428476      0.395951
   2140000      7.453039      0.347971
   2160000      7.486156      0.352069
   2180000      7.525378      0.403242
   2200000      7.503145      0.547448
   2220000      7.565242      0.535932
   2240000      7.597964      0.522797
   2260000      7.640679      0.527178
   2280000      7.666346      0.559588
   2300000      7.726423      0.507517
   2320000      7.757738      0.535583
   2340000      7.797365      0.477351
   2360000      7.812517      0.550688
   2380000      7.830824      0.583281
   2400000      7.856758      0.596575
   2420000      7.897249      0.610738
   2440000      7.935742      0.622008
   2460000      8.002860      0.478730
   2480000      8.027032      0.453572
   2500000      8.036597      0.364777
   2520000      8.073037      0.373063
   2540000      8.079938      0.316019
   2560000      8.077091      0.257840
   2580000      8.080819      0.230095
   2600000      8.062903      0.202260
   2620000      8.149430      0.239323
   2640000      8.185137      0.232987
   2660000      8.213274      0.219043
   2680000      8.264760      0.230388
   2700000      8.286184      0.202570
   2720000      8.313616      0.125550
   2740000      8.350861      0.140230
   2760000      8.376984      0.119211
   2780000      8.407790      0.137754
   2800000      8.397810      0.055685
   2820000      8.443866      0.042009
   2840000      8.485349      0.035814
   2860000      8.537264      0.059187
   2880000      8.557510      0.016769
   2900000      8.584191      0.018787
   2920000      8.474576     -0.159020
   2940000      8.469453     -0.176386
   2960000      8.535537     -0.189995
   2980000      8.578005     -0.193017
   3000000      8.576440     -0.231076
   3020000      8.557939     -0.271839
   3040000      8.572991     -0.302092
   3060000      8.579693     -0.333790
   3080000      8.582865     -0.371003
   3100000      8.714836     -0.354081
   3120000      8.759265     -0.361242
   3140000      8.772651     -0.385112
   3160000      8.818696     -0.377672
   3180000      8.850471     -0.390097
   3200000      8.911049     -0.377897
   3220000      8.992088     -0.310217
   3240000      9.004009     -0.345245
   3260000      9.037367     -0.352606
   3280000      9.081545     -0.328864
   3300000      9.107508     -0.349293
   3320000      9.131583     -0.349084
   3340000      9.152764     -0.354100
   3360000      9.158511     -0.410982
   3380000      9.207324     -0.360116
   3400000      9.240934     -0.346425
   3420000      9.269495     -0.360079
   3440000      9.308239     -0.319181
   3460000      9.328326     -0.328644
   3480000      9.376418     -0.300103
   3500000      9.408952     -0.298733
   3520000      9.451002     -0.319082
   3540000      9.469966     -0.311827
   3560000      9.484303     -0.448523
   3580000      9.508028     -0.468147
   3600000      9.521437     -0.510094
   3620000      9.542482     -0.529077
   3640000      9.585354     -0.529877
   3660000      9.606122     -0.571123
   3680000      9.661643     -0.536703
   3700000      9.685282     -0.562835
   3720000      9.732951     -0.522299
   3740000      9.757126     -0.570518
   3760000      9.788544     -0.575208
   3780000      9.799638     -0.602170
   3800000      9.823289     -0.611128
   3820000      9.904717     -0.498909
   3840000      9.934785     -0.479486
   3860000      9.967352     -0.506261
   3880000      9.990928     -0.529776
   3900000     10.034281     -0.523701
   3920000     10.058549     -0.578071
   3940000     10.095318     -0.573745
   3960000     10.141368     -0.552646
   3980000     10.175527     -0.457015
   4000000     10.206111     -0.478615
   4020000     10.244607     -0.501473
   4040000     10.280039     -0.516675
   4060000     10.297153     -0.503050
   4080000     10.330098     -0.511952
   4100000     10.360232     -0.508724
   4120000     10.391646     -0.533443
   4140000     10.414058     -0.538192
   4160000     10.442353     -0.530254
   4180000     10.460625     -0.419761
   4200000     10.511709     -0.541404
   4220000     10.532986     -0.481964
   4240000     10.549015     -0.488435
   4260000     10.583771     -0.446024
   4280000     10.599383     -0.425423
   4300000     10.639110     -0.409613
   4320000     10.666026     -0.399441
   4340000     10.713537     -0.385493
   4360000     10.735882     -0.387674
   4380000     10.788202     -0.402485
   4400000     10.817916     -0.379202
   4420000     10.852276     -0.391996
   4440000     10.886398     -0.408471
   4460000     10.908659     -0.363810
   4480000     10.932967     -0.321227
   4500000     10.976832     -0.278058
   4520000     10.988171     -0.233571
   4540000     11.005374     -0.211477
   4560000     11.018835     -0.189994
   4580000     10.990866     -0.133936
   4600000     11.026240     -0.119627
   4620000     11.049212     -0.099414
   4640000     11.081368     -0.076010
   4660000     11.148788     -0.102744
   4680000     11.111192     -0.020690
   4700000     11.278884     -0.175147
   4720000     11.266490     -0.096946
   4740000     11.307126     -0.101921
   4760000     11.333458     -0.115113
   4780000     11.377983     -0.091171
   4800000     11.370380      0.012297
   4820000     11.357490      0.053698
   4840000     11.395520      0.076516
   4860000     11.377925      0.163103
   4880000     11.372779      0.204056
   4900000     11.380689      0.236053
   4920000     11.438219      0.239097
   4940000     11.427385      0.285953
   4960000     11.501781      0.263381
   4980000     11.551805      0.244806
   5000000     11.571174      0.268230
   5020000     11.606922      0.282841
   5040000     11.634177      0.283677
   5060000     11.683193      0.245342
   5080000     11.697505      0.290232
   5100000     11.740066      0.240167
   5120000     11.767801      0.232142
   5140000     11.756910      0.398665
   5160000     11.816727      0.356197
   5180000     11.837223      0.386654
   5200000     11.837041      0.438303
   5220000     11.864054      0.430282
   5240000     11.854398      0.526356
   5260000     11.875273      0.558553
   5280000     11.867631      0.609628
   5300000     11.954466      0.555859
   5320000     11.987519      0.552427
   5340000     12.015418      0.566784
   5360000     12.042210      0.588748
   5380000     12.081364      0.590002
   5400000     12.066140      0.673943
   5420000     12.061861      0.715711
   5440000     12.102945      0.728259
   5460000     12.110194      0.759426
   5480000     12.108055      0.783270
   5500000     12.197613      0.759028
   5520000     12.193211      0.802051
   5540000     12.226997      0.828678
   5560000     12.246930      0.861995
   5580000     12.199847      0.912008
   5600000     12.203744      0.948783
   5620000     12.188310      0.965900
   5640000     12.210033      1.003119
   5660000     12.235291      1.032964
   5680000     12.213946      1.063935
   5700000     12.224729      1.080504
   5720000     12.251806      1.107629
   5740000     12.110819      1.176182
   5760000     12.194732      1.208503
   5780000     12.191772      1.251057
   5800000     12.246534      1.279951
   5820000     12.253328      1.324996
   5840000     12.226147      1.369389
   5860000     12.236406      1.388478
   5880000     12.253465      1.412489
   5900000     12.259837      1.437756
   5920000     12.260967      1.457008
   5940000     12.289223      1.480534
   5960000     12.279847      1.524393
   5980000     12.172123      1.572404
   6000000     12.152490      1.587137
   6020000     12.182362      1.621815
   6040000     12.210009      1.660461
   6060000     12.197771      1.683816
   6080000     12.162538      1.705350
   6100000     12.126102      1.706873
   6120000     12.202507      1.766631
   6140000     12.225334      1.787123
   6160000     12.229339      1.808829
   6180000     12.162417      1.841391
   6200000     12.147508      1.866496
   6220000     12.134669      1.889632
   6240000     12.025789      1.848860
   6260000     11.951172      1.836768
   6280000     11.933708      1.861764
   6300000     11.992961      1.973833
   6320000     11.997669      2.008529
   6340000     11.981438      2.033650
   6360000     11.992741      2.081851
   6380000     11.961141      2.105007
   6400000     11.911992      2.116714
   6420000     11.924365      2.170284
   6440000     11.817822      2.149511
   6460000     11.792716      2.162051
   6480000     11.893674      2.273777
   6500000     11.863369      2.291003
   6520000     11.939866      2.365670
   6540000     11.920793      2.387696
   6560000     11.909479      2.420820
   6580000     11.905599      2.466314
   6600000     11.859210      2.478090
   6620000     11.871849      2.517683
   6640000     11.825430      2.516435
   6660000     11.828223      2.562477
   6680000     11.754604      2.562559
   6700000     11.768843      2.618956
   6720000     11.687309      2.610790
   6740000     11.648280      2.619069
   6760000     11.636425      2.661930
   6780000     11.659999      2.733208
   6800000     11.584875      2.701428
   6820000     11.618090      2.788838
   6840000     11.504657      2.735280
   6860000     11.478990      2.764842
   6880000     11.438358      2.762357
   6900000     11.364791      2.701600
   6920000     11.345891      2.699998
   6940000     11.310292      2.700165
   6960000     11.278736      2.662451
   6980000     11.258362      2.644513
   7000000     11.224660      2.623753
   7020000     11.196891      2.624791
   7040000     11.175501      2.604117
   7060000     11.130137      2.734636
   7080000     11.092935      2.706265
   7100000     11.058950      2.706828
   7120000     11.025856      2.715033
   7140000     11.015229      2.813778
   7160000     10.987499      2.814799
   7180000     10.964660      2.820616
   7200000     10.947275      2.846530
   7220000     10.905263      2.824483
   7240000     10.881089      2.858522
   7260000     10.852708      2.877049
   7280000     10.805431      2.828362
   7300000     10.785195      2.885927
   7320000     10.761324      2.903332
   7340000     10.730640      2.914881
   7360000     10.688268      2.901061
   7380000     10.651548      2.812354
   7400000     10.617680      2.827783
   7420000     10.586550      2.819249
   7440000     10.537507      2.829938
   7460000     10.504611      2.864977
   7480000     10.466488      2.797636
   7500000     10.427338      2.792735
   7520000     10.400154      2.828801
   7540000     10.364100      2.806837
   7560000     10.330864      2.756572
   7580000     10.298437      2.740200
   7600000     10.306735      2.665744
   7620000     10.240663      2.907094
   7640000     10.208654      2.957166
   7660000     10.199899      2.995057
   7680000     10.159243      2.984410
   7700000     10.156527      3.032241
   7720000     10.128313      3.056429
   7740000     10.100143      3.068067
   7760000      9.995303      2.906367
   7780000      9.970884      2.867402
   7800000      9.957565      2.871287
   7820000      9.927042      2.858776
   7840000      9.901840      2.847040
   7860000      9.861545      2.866278
   7880000      9.825634      2.875498
   7900000      9.784007      2.859091
   7920000      9.750671      2.852845
   7940000      9.716905      2.864595
   7960000      9.685166      2.844345
   7980000      9.652259      2.838964
   8000000      9.606486      2.895690
   8020000      9.568968      2.902345
   8040000      9.539289      2.831194
   8060000      9.513835      2.916346
   8080000      9.472429      2.884692
   8100000      9.456273      2.917729
   8120000      9.412150      2.805206
   8140000      9.378833      2.785905
   8160000      9.345152      2.776404
   8180000      9.341491      2.751351
   8200000      9.330328      2.733221
   8220000      9.292718      2.740590
   8240000      9.221118      2.864632
   8260000      9.190310      2.902349
   8280000      9.165227      2.907068
   8300000      9.133518      2.936835
   8320000      9.104049      2.945652
   8340000      9.044506      2.883549
   8360000      9.003787      2.853435
   8380000      8.976782      2.845833
   8400000      8.953713      2.899929
   8420000      8.929316      2.924452
   8440000      8.931300      2.984527
   8460000      8.868373      2.957012
   8480000      8.829050      2.945314
   8500000      8.780869      2.904640
   8520000      8.776251      2.957116
   8540000      8.697912      2.812519
   8560000      8.666978      2.812671
   8580000      8.650844      2.878463
   8600000      8.628068      2.875122
   8620000      8.596076      2.875700
   8640000      8.557595      2.902096
   8660000      8.520703      2.905145
   8680000      8.508471      2.931368
   8700000      8.440509      2.754528
   8720000      8.413394      2.740481
   8740000      8.381963      2.892083
   8760000      8.353108      2.911228
   8780000      8.317336      2.930989
   8800000      8.291542      2.967444
   8820000      8.264828      2.982717
   8840000      8.231978      2.989469
   8860000      8.194164      2.992149
   8880000      8.151904      3.005815
   8900000      8.142712      3.053159
   8920000      8.077044      2.982208
   8940000      8.037325      2.925956
   8960000      8.012466      2.951778
   8980000      7.981799      2.970202
   9000000      7.966205      2.997046
   9020000      7.943939      3.042379
   9040000      7.913340      3.021741
   9060000      7.925143      3.178062
   9080000      7.847614      3.104501
   9100000      7.806592      3.077720
   9120000      7.780065      3.060369
   9140000      7.756472      3.067208
   9160000      7.728688      3.108650
   9180000      7.707319      3.138944
   9200000      7.674628      3.134000
   9220000      7.636707      3.129598
   9240000      7.614811      3.089827
   9260000      7.578158      3.094841
   9280000      7.545996      3.097172
   9300000      7.485410      3.120041
   9320000      7.464846      3.087044
   9340000      7.428373      3.203445
   9360000      7.392348      3.191353
   9380000      7.366334      3.202644
   9400000      7.342638      3.174704
   9420000      7.320613      3.133921
   9440000      7.299655      3.288042
   9460000      7.308823      3.356507
   9480000      7.270895      3.368893
   9500000      7.174070      3.275784
   9520000      7.140863      3.272310
   9540000      7.108791      3.236300
   9560000      7.082968      3.168593
   9580000      7.067150      3.154189
   9600000      7.018164      3.206036
   9620000      6.989718      3.260726
   9640000      6.944690      3.229959
   9660000      6.919819      3.186419
   9680000      6.868331      3.265117
   9700000      6.835196      3.197248
   9720000      6.814659      3.133544
   9740000      6.796995      3.082869
   9760000      6.759471      3.113555
   9780000      6.732955      3.119972
   9800000      6.701391      3.117474
   9820000      6.663040      3.158754
   9840000      6.645873      3.233488
   9860000      6.613644      3.233140
   9880000      6.568901      3.193424
   9900000      6.543722      3.221586
   9920000      6.520263      3.225358
   9940000      6.489405      3.239726
   9960000      6.479343      3.291220
   9980000      6.446719      3.311276
  10000000      6.441977      3.352691
