         0      4.000000      0.000000
     20000      4.027066      0.027853
     40000      4.082000      0.004821
     60000      4.128059     -0.063103
     80000      4.145946     -0.181536
    100000      4.281609     -0.095300
    120000      4.360435     -0.096629
    140000      4.408697     -0.160091
    160000      4.502504     -0.066884
    180000      4.590850      0.022567
    200000      4.653718      0.088033
    220000      4.691695      0.187763
    240000      4.770069      0.182383
    260000      4.765547      0.422925
    280000      4.853893      0.414559
    300000      4.884903      0.484067
    320000      5.024017      0.283110
    340000      5.080512      0.351296
    360000      5.123256      0.410076
    380000      5.182183      0.424950
    400000      5.284240      0.346067
    420000      5.347947      0.301293
    440000      5.405236      0.345689
    460000      5.454725      0.454479
    480000      5.524470      0.475585
    500000      5.503592      0.603860
    520000      5.517397      0.636273
    540000      5.632496      0.672122
    560000      5.675045      0.716268
    580000      5.794662      0.595207
    600000      5.725242      0.813744
    620000      5.810897      0.838370
    640000      5.859249      0.859281
    660000      5.900382      0.934669
    680000      6.082011      0.826142
    700000      6.112274      0.900439
    720000      6.196929      0.927513
    740000      6.353367      0.758833
    760000      6.417725      0.769242
    780000      6.498819      0.692301
    800000      6.565896      0.753326
    820000      6.642740      0.772424
    840000      6.723844      0.787876
    860000      6.786654      0.817724
    880000      6.840867      0.845353
    900000      6.850923      0.983340
    920000      6.909335      1.024370
    940000      7.011969      0.920794
    960000      7.074548      0.894940
    980000      7.135141      0.937869
   1000000      7.176274      1.010678
   1020000      7.231397      0.864912
   1040000      7.292716      0.854924
   1060000      7.365051      0.900389
   1080000      7.426832      1.032611
   1100000      7.478538      1.066782
   1120000      7.572509      1.008192
   1140000      7.591359      1.163762
   1160000      7.674699      1.168343
   1180000      7.719415      1.242795
   1200000      7.705835      1.333690
   1220000      7.874530      1.208520
   1240000      7.917968      1.310409
   1260000      7.968742      1.368124
   1280000      8.021929      1.373700
   1300000      7.921699      1.572546
   1320000      8.147088      1.422626
   1340000      8.196085      1.464181
   1360000      8.088879      1.674814
   1380000      8.205641      1.672374
   1400000      8.387676      1.524286
   1420000      8.418007      1.652150
   1440000      8.492488      1.647951
   1460000      8.542128      1.735401
   1480000      8.636297      1.688534
   1500000      8.675342      1.779265
   1520000      8.817651      1.620188
   1540000      8.854930      1.684244
   1560000      8.908084      1.780569
   1580000      8.966806      1.807449
   1600000      9.083562      1.733149
   1620000      9.149547      1.633178
   1640000      9.203221      1.604973
   1660000      9.259861      1.800665
   1680000      9.301329      1.837638
   1700000      9.350853      1.911258
   1720000      9.362886      1.985288
   1740000      9.454779      1.983138
   1760000      9.504906      2.017285
   1780000      9.650423      1.852519
   1800000      9.718116      1.894693
   1820000      9.756351      1.949864
   1840000      9.811894      1.963369
   1860000      9.902421      1.923980
   1880000      9.985949      1.874398
   1900000     10.028244      1.906871
   1920000     10.109074      1.905764
   1940000     10.187770      1.855028
   1960000     10.272218      1.728561
   1980000     10.353907      1.766408
   2000000     10.406114      1.783895
   2020000     10.445512      1.653989
   2040000     10.474464      1.925660
   2060000     10.623088      1.757014
   2080000     10.696216      1.731825
   2100000     10.760652      1.713954
   2120000     10.819408      1.745393
   2140000     10.856033      1.795600
   2160000     10.926225      1.721230
   2180000     11.008675      1.707418
   2200000     11.085827      1.695409
   2220000     11.113006      1.426397
   2240000     11.179940      1.353749
   2260000     11.213839      1.322207
   2280000     11.303106      1.357632
   2300000     11.381101      1.358609
   2320000     11.446399      1.368101
   2340000     11.537096      1.401588
   2360000     11.625267      1.509258
   2380000     11.598082      1.238648
   2400000     11.631898      1.188800
   2420000     11.608157      1.066212
   2440000     11.670054      1.056008
   2460000     11.917942      1.333683
   2480000     11.878504      1.173104
   2500000     11.847031      1.056118
   2520000     11.972671      1.068877
   2540000     12.036590      1.088601
   2560000     12.082067      1.031167
   2580000     12.000338      0.912714
   2600000     12.085456      0.874623
   2620000     12.196437      0.890313
   2640000     12.161274      0.766186
   2660000     12.313183      0.830968
   2680000     12.358672      0.754873
   2700000     12.229897      0.588624
   2720000     12.094320      0.449819
   2740000     12.148458      0.403713
   2760000     12.111767      0.336708
   2780000     12.093417      0.254650
   2800000     11.918956      0.193005
   2820000     11.830378      0.160424
   2840000     11.773582      0.109662
   2860000     11.727596      0.052092
   2880000     11.709779     -0.023301
   2900000     11.817693     -0.146016
   2920000     11.872897     -0.194413
   2940000     11.845843     -0.242505
   2960000     11.640904     -0.306115
   2980000     11.455729     -0.288616
   3000000     11.330046     -0.240032
   3020000     11.501848     -0.486486
   3040000     11.469003     -0.550745
   3060000     11.437372     -0.588530
   3080000     11.197727     -0.523287
   3100000     11.152475     -0.574634
   3120000     11.018330     -0.557060
   3140000     11.015005     -0.643165
   3160000     10.878998     -0.610521
   3180000     10.781465     -0.500322
   3200000     10.746299     -0.536842
   3220000     10.821192     -0.828266
   3240000     10.730126     -0.815464
   3260000     10.667506     -0.842619
   3280000     10.624992     -0.893214
   3300000     10.624707     -1.013614
   3320000     10.597649     -1.081722
   3340000     10.537151     -1.115039
   3360000     10.568012     -1.204216
   3380000     10.506989     -1.236024
   3400000     10.275701     -1.085790
   3420000     10.211068     -1.155316
   3440000     10.082073     -1.044834
   3460000     10.055192     -1.126419
   3480000      9.980719     -1.129686
   3500000      9.916939     -1.156055
   3520000      9.862857     -1.224593
   3540000      9.825811     -1.282479
   3560000      9.868080     -1.534349
   3580000      9.772973     -1.514498
   3600000      9.743094     -1.579922
   3620000      9.659877     -1.547629
   3640000      9.603194     -1.546187
   3660000      9.571242     -1.690193
   3680000      9.531281     -1.744565
   3700000      9.449292     -1.730777
   3720000      9.548347     -1.907956
   3740000      9.447721     -1.947525
   3760000      9.323821     -1.904064
   3780000      9.142105     -1.785800
   3800000      9.015660     -1.608880
   3820000      8.915737     -1.528530
   3840000      8.834121     -1.481767
   3860000      8.759290     -1.537919
   3880000      8.698601     -1.573873
   3900000      8.653970     -1.623592
   3920000      8.611828     -1.727727
   3940000      8.514448     -1.688749
   3960000      8.440704     -1.635781
   3980000      8.392249     -1.564301
   4000000      8.313966     -1.706278
   4020000      8.234451     -1.610590
   4040000      8.175260     -1.636440
   4060000      8.140632     -1.778020
   4080000      8.052435     -1.668329
   4100000      8.006473     -1.467193
   4120000      7.964242     -1.337797
   4140000      7.836117     -1.514345
   4160000      7.767539     -1.617765
   4180000      7.769729     -1.775649
   4200000      7.662160     -1.718364
   4220000      7.597360     -1.721989
   4240000      7.533268     -1.770395
   4260000      7.438805     -1.795926
   4280000      7.344571     -1.686277
   4300000      7.337745     -1.850565
   4320000      7.231261     -1.652355
   4340000      7.167256     -1.614376
   4360000      7.087000     -1.659199
   4380000      7.012677     -1.709051
   4400000      6.991115     -1.913080
   4420000      6.884398     -1.901396
   4440000      6.830025     -1.973182
   4460000      6.750216     -1.774295
   4480000      6.673865     -1.827725
   4500000      6.625079     -1.885121
   4520000      6.541825     -1.873347
   4540000      6.486404     -1.866990
   4560000      6.437389     -1.976474
   4580000      6.345014     -1.962456
   4600000      6.233835     -1.791696
   4620000      6.153557     -1.766239
   4640000      6.111089     -1.588507
   4660000      6.069618     -1.517308
   4680000      5.958797     -1.643967
   4700000      5.892452     -1.905157
   4720000      5.829094     -1.925801
   4740000      5.775080     -1.916992
   4760000      5.737433     -1.992831
   4780000      5.692208     -1.965179
   4800000      5.823829     -2.260435
   4820000      5.765437     -2.251898
   4840000      5.456796     -2.011137
   4860000      5.407723     -2.032561
   4880000      5.368100     -2.075470
   4900000      5.321778     -2.138308
   4920000      5.233221     -2.124850
   4940000      5.174798     -2.164557
   4960000      5.123968     -2.191219
   4980000      5.078380     -2.168559
   5000000      4.982063     -2.137001
   5020000      4.911377     -2.081221
   5040000      4.824210     -1.977217
   5060000      4.783971     -2.096342
   5080000      4.664009     -1.873948
   5100000      4.600427     -1.985592
   5120000      4.549082     -1.829675
   5140000      4.503857     -1.793541
   5160000      4.424657     -1.853552
   5180000      4.371512     -1.776843
   5200000      4.289921     -1.939445
   5220000      4.252792     -1.839346
   5240000      4.176914     -1.918937
   5260000      4.142629     -2.066989
   5280000      4.070309     -2.239141
   5300000      4.025280     -2.050758
   5320000      3.920655     -2.071105
   5340000      3.839076     -2.008825
   5360000      3.785214     -2.080438
   5380000      3.710665     -2.034734
   5400000      3.649502     -2.070232
   5420000      3.616781     -1.966370
   5440000      3.547460     -1.914899
   5460000      3.513043     -1.852724
   5480000      3.437045     -1.872508
   5500000      3.375278     -1.875261
   5520000      3.289519     -1.879557
   5540000      3.231317     -1.924436
   5560000      3.179036     -1.847096
   5580000      3.119948     -1.824465
   5600000      3.047990     -1.782439
   5620000      2.989691     -1.758518
   5640000      2.913727     -1.743582
   5660000      2.854461     -1.672343
   5680000      2.825290     -1.680927
   5700000      2.725200     -1.667287
   5720000      2.626011     -1.734425
   5740000      2.541027     -1.808318
   5760000      2.516963     -1.787813
   5780000      2.429343     -1.778723
   5800000      2.375037     -1.781151
   5820000      2.313944     -1.733346
   5840000      2.278162     -1.959585
   5860000      2.198748     -1.945474
   5880000      2.166658     -2.037156
   5900000      2.047084     -1.891787
   5920000      2.005736     -1.990726
   5940000      1.885080     -1.897064
   5960000      1.786419     -1.792920
   5980000      1.733963     -1.800103
   6000000      1.662232     -1.775705
