         0      4.000000      0.000000
     20000      4.019995     -0.024916
     40000      4.053348     -0.006291
     60000      4.086147      0.017352
     80000      4.112986      0.026846
    100000      4.149377     -0.012682
    120000      4.170847      0.094939
    140000      4.187210      0.185350
    160000      4.212563      0.201814
    180000      4.262042      0.176493
    200000      4.251411      0.218441
    220000      4.339904      0.129374
    240000      4.374632      0.102995
    260000      4.388722      0.137315
    280000      4.419693      0.153269
    300000      4.454822      0.156067
    320000      4.511152      0.035552
    340000      4.539182      0.090106
    360000      4.552070      0.181188
    380000      4.600468      0.117791
    400000      4.619359      0.182160
    420000      4.667967      0.150200
    440000      4.684967      0.220151
    460000      4.698693      0.271959
    480000      4.729432      0.295390
    500000      4.767575      0.282632
    520000      4.793886      0.258462
    540000      4.820079      0.282366
    560000      4.844727      0.335983
    580000      4.904699      0.264749
    600000      4.924904      0.271065
    620000      4.965641      0.250544
    640000      4.991955      0.245810
    660000      5.018746      0.274629
    680000      5.068758      0.185438
    700000      5.051966      0.369254
    720000      5.125434      0.102240
    740000      5.166174      0.105144
    760000      5.176480     -0.014784
    780000      5.224074      0.024517
    800000      5.253014      0.051168
    820000      5.286890      0.062838
    840000      5.325298      0.060469
    860000      5.342064     -0.029722
    880000      5.395898      0.048102
    900000      5.421899      0.052894
    920000      5.461595      0.033931
    940000      5.493983      0.067490
    960000      5.519585     -0.030650
    980000      5.563679      0.055927
   1000000      5.601436      0.003507
   1020000      5.633614     -0.035360
   1040000      5.664433     -0.045936
   1060000      5.709804      0.034400
   1080000      5.735155      0.059644
   1100000      5.765735      0.065015
   1120000      5.807802      0.040321
   1140000      5.820936     -0.053317
   1160000      5.821038     -0.159320
   1180000      5.834282     -0.193598
   1200000      5.833208     -0.231172
   1220000      5.910765     -0.176125
   1240000      5.942840     -0.188221
   1260000      5.936989     -0.285300
   1280000      5.924796     -0.365290
   1300000      5.973005     -0.367311
   1320000      6.009571     -0.360244
   1340000      6.065508     -0.308633
   1360000      6.062125     -0.394826
   1380000      6.047257     -0.454012
   1400000      6.105977     -0.448166
   1420000      6.149837     -0.440556
   1440000      6.170301     -0.466114
   1460000      6.207089     -0.427111
   1480000      6.217864     -0.502530
   1500000      6.195505     -0.581276
   1520000      6.275796     -0.549999
   1540000      6.274445     -0.607472
   1560000      6.297120     -0.619162
   1580000      6.318507     -0.643838
   1600000      6.337230     -0.660280
   1620000      6.364722     -0.687555
   1640000      6.421235     -0.656410
   1660000      6.419635     -0.724285
   1680000      6.434637     -0.746917
   1700000      6.446544     -0.773343
   1720000      6.474507     -0.788706
   1740000      6.519480     -0.787985
   1760000      6.551435     -0.798351
   1780000      6.589526     -0.783295
   1800000      6.578106     -0.871509
   1820000      6.639225     -0.808422
   1840000      6.628898     -0.902905
   1860000      6.696316     -0.847663
   1880000      6.724619     -0.876252
   1900000      6.699767     -0.976967
   1920000      6.736505     -1.011784
   1940000      6.754466     -1.043498
   1960000      6.789001     -1.060069
   1980000      6.802103     -1.089542
   2000000      6.812123     -1.134887
   2020000      6.756280     -1.225001
   2040000      6.682559     -1.292628
   2060000      6.725399     -1.312227
   2080000      6.741877     -1.347880
   2100000      6.667179     -1.407475
   2120000      6.628675     -1.438617
   2140000      6.638175     -1.473719
   2160000      6.688215     -1.490894
   2180000      6.700430     -1.519682
   2200000      6.636063     -1.559362
   2220000      6.642912     -1.597901
   2240000      6.594476     -1.624831
   2260000      6.530395     -1.644003
   2280000      6.521055     -1.672080
   2300000      6.549740     -1.713375
   2320000      6.546399     -1.743490
   2340000      6.548095     -1.769526
   2360000      6.367236     -1.758618
   2380000      6.356445     -1.774481
   2400000      6.417124     -1.859733
   2420000      6.352978     -1.845619
   2440000      6.229481     -1.769295
   2460000      6.196742     -1.759418
   2480000      6.177592     -1.796210
   2500000      6.222804     -1.906141
   2520000      6.432250     -2.036989
   2540000      6.485829     -2.071870
   2560000      6.549018     -2.105488
   2580000      6.495722     -2.134172
   2600000      6.518291     -2.166905
   2620000      6.560587     -2.190727
   2640000      6.574229     -2.225253
   2660000      6.596736     -2.243955
   2680000      6.637908     -2.261910
   2700000      6.642581     -2.297794
   2720000      6.605152     -2.346147
   2740000      6.615580     -2.380479
   2760000      6.650620     -2.400600
   2780000      6.652075     -2.440105
   2800000      6.638917     -2.489026
   2820000      6.577233     -2.515983
   2840000      6.592428     -2.562452
   2860000      6.592771     -2.604272
   2880000      6.768236     -2.583525
   2900000      6.711330     -2.664319
   2920000      6.749225     -2.693478
   2940000      6.805020     -2.719730
   2960000      6.835632     -2.733811
   2980000      6.840575     -2.779856
   3000000      6.874973     -2.790457
   3020000      6.941327     -2.766316
   3040000      7.005830     -2.722137
   3060000      6.949508     -2.844774
   3080000      6.931861     -2.895057
   3100000      6.959195     -2.921547
   3120000      6.985266     -2.932910
   3140000      6.976703     -2.986881
   3160000      6.973225     -3.015740
   3180000      6.959069     -3.056017
   3200000      6.945047     -3.094763
   3220000      6.984328     -3.109178
   3240000      7.105147     -3.090314
   3260000      7.139382     -3.106033
   3280000      7.125405     -3.146654
   3300000      7.169943     -3.160356
   3320000      7.176498     -3.192086
   3340000      7.158110     -3.238282
   3360000      7.187752     -3.263612
   3380000      7.237697     -3.266250
   3400000      7.285522     -3.247774
   3420000      7.315994     -3.267214
   3440000      7.301247     -3.335388
   3460000      7.360453     -3.341706
   3480000      7.381092     -3.375179
   3500000      7.437962     -3.360220
   3520000      7.455913     -3.379475
   3540000      7.426934     -3.446052
   3560000      7.439883     -3.474917
   3580000      7.444279     -3.515657
   3600000      7.495296     -3.517428
   3620000      7.531510     -3.520048
   3640000      7.494211     -3.608566
   3660000      7.617797     -3.537313
   3680000      7.632227     -3.576353
   3700000      7.751003     -3.466318
   3720000      7.745887     -3.532681
   3740000      7.758399     -3.588062
   3760000      7.786629     -3.599252
   3780000      7.728306     -3.707798
   3800000      7.739560     -3.731853
   3820000      7.738439     -3.771292
   3840000      7.749329     -3.811518
   3860000      7.862597     -3.749994
   3880000      7.853659     -3.820423
   3900000      7.859103     -3.851532
   3920000      7.971519     -3.783023
   3940000      8.008123     -3.779904
   3960000      8.027936     -3.793447
   3980000      8.034068     -3.851114
   4000000      8.092053     -3.817093
   4020000      8.114136     -3.831122
   4040000      8.154743     -3.777769
   4060000      8.144960     -3.924506
   4080000      8.188947     -3.837375
   4100000      8.232295     -3.799798
   4120000      8.238703     -3.959740
   4140000      8.215659     -4.055284
   4160000      8.268191     -4.029631
   4180000      8.318627     -4.029982
   4200000      8.317869     -4.091823
   4220000      8.322324     -4.139515
   4240000      8.323936     -4.180167
   4260000      8.365386     -4.176488
   4280000      8.375178     -4.206259
   4300000      8.405535     -4.219454
   4320000      8.386105     -4.281665
   4340000      8.383779     -4.326238
   4360000      8.425626     -4.313884
   4380000      8.431019     -4.357978
   4400000      8.439881     -4.376131
   4420000      8.394136     -4.454079
   4440000      8.379551     -4.501737
   4460000      8.402084     -4.526199
   4480000      8.443847     -4.545385
   4500000      8.450619     -4.557036
   4520000      8.320776     -4.617097
   4540000      8.437904     -4.641777
   4560000      8.420054     -4.673973
   4580000      8.416257     -4.697610
   4600000      8.464279     -4.725422
   4620000      8.391577     -4.771047
   4640000      8.482242     -4.790246
   4660000      8.497157     -4.819410
   4680000      8.563695     -4.841329
   4700000      8.560477     -4.868108
   4720000      8.617891     -4.871020
   4740000      8.635234     -4.894597
   4760000      8.682942     -4.898051
   4780000      8.761715     -4.902292
   4800000      8.770745     -4.930264
   4820000      8.786313     -4.963417
   4840000      8.791918     -5.014743
   4860000      8.517692     -5.154703
   4880000      8.754019     -5.123607
   4900000      8.698224     -5.175066
   4920000      8.716192     -5.190000
   4940000      8.676867     -5.244579
   4960000      8.688736     -5.287349
   4980000      8.707318     -5.310246
   5000000      8.781691     -5.308027
   5020000      8.746502     -5.373129
   5040000      8.719330     -5.425421
   5060000      8.708444     -5.458592
   5080000      8.749370     -5.478339
   5100000      8.693206     -5.516819
   5120000      8.781559     -5.537105
   5140000      8.844398     -5.550928
   5160000      8.888704     -5.539113
   5180000      8.904357     -5.541827
   5200000      8.941318     -5.536283
   5220000      8.989442     -5.470301
   5240000      8.944695     -5.646777
   5260000      8.965345     -5.676040
   5280000      8.892309     -5.742176
   5300000      9.025409     -5.730483
   5320000      9.058631     -5.743091
   5340000      9.060655     -5.767630
   5360000      9.054728     -5.794179
   5380000      9.043311     -5.835428
   5400000      9.100860     -5.845900
   5420000      9.086906     -5.878800
   5440000      9.087603     -5.900837
   5460000      9.079188     -5.924592
   5480000      9.027867     -5.968618
   5500000      9.217319     -5.931803
   5520000      9.244775     -5.946251
   5540000      9.302543     -5.931002
   5560000      9.333623     -5.935114
   5580000      9.340529     -5.968713
   5600000      9.352202     -5.979388
   5620000      9.380347     -5.995446
   5640000      9.418872     -6.005074
   5660000      9.468732     -5.978752
   5680000      9.484281     -6.019798
   5700000      9.518758     -6.022831
   5720000      9.562343     -6.005227
   5740000      9.574145     -6.073916
   5760000      9.575886     -6.125064
   5780000      9.592129     -6.137807
   5800000      9.639164     -6.119471
   5820000      9.652243     -6.171839
   5840000      9.707840     -6.118252
   5860000      9.730602     -6.141654
   5880000      9.754588     -6.194348
   5900000      9.781916     -6.214627
   5920000      9.798112     -6.194179
   5940000      9.828111     -6.278253
   5960000      9.863514     -6.238822
   5980000      9.894375     -6.221910
   6000000      9.911036     -6.260944
   6020000      9.887733     -6.426674
   6040000      9.939400     -6.412231
   6060000      9.993836     -6.360875
   6080000     10.039125     -6.340651
   6100000     10.076379     -6.323952
   6120000     10.102840     -6.276194
   6140000     10.139958     -6.228777
   6160000     10.167578     -6.226982
   6180000     10.214099     -6.259666
   6200000     10.243085     -6.241907
   6220000     10.268040     -6.208817
   6240000     10.299412     -6.227963
   6260000     10.341904     -6.250094
   6280000     10.377952     -6.295507
   6300000     10.415229     -6.233216
   6320000     10.449646     -6.273426
   6340000     10.475949     -6.281743
   6360000     10.503724     -6.320579
   6380000     10.550175     -6.267447
   6400000     10.572143     -6.284465
   6420000     10.587073     -6.300044
   6440000     10.618996     -6.334635
   6460000     10.672263     -6.238689
   6480000     10.702190     -6.235577
   6500000     10.735807     -6.248150
   6520000     10.775640     -6.213036
   6540000     10.802237     -6.235065
   6560000     10.834652     -6.258042
   6580000     10.880009     -6.233286
   6600000     10.908863     -6.241794
   6620000     10.934689     -6.231369
   6640000     10.965295     -6.186715
   6660000     10.984873     -6.230873
   6680000     11.007590     -6.146053
   6700000     11.011157     -6.100322
   6720000     11.061913     -6.133297
   6740000     11.103100     -6.156621
   6760000     11.138967     -6.155025
   6780000     11.158749     -6.135265
   6800000     11.190864     -6.109977
   6820000     11.204480     -6.022452
   6840000     11.226755     -5.995091
   6860000     11.224824     -5.945751
   6880000     11.244012     -5.921177
   6900000     11.308954     -5.925805
   6920000     11.390642     -6.024640
   6940000     11.415949     -6.032091
   6960000     11.456421     -6.123112
   6980000     11.487221     -6.014259
   7000000     11.508407     -5.982776
   7020000     11.539933     -5.993822
   7040000     11.576150     -5.981768
   7060000     11.595010     -5.912035
   7080000     11.607590     -5.861778
   7100000     11.616100     -5.831628
   7120000     11.619950     -5.780715
   7140000     11.709696     -5.859545
   7160000     11.736132     -5.826052
   7180000     11.753561     -5.792776
   7200000     11.772230     -5.772767
   7220000     11.852606     -5.884071
   7240000     11.917004     -6.022637
   7260000     11.949022     -6.038068
   7280000     11.981036     -6.032527
   7300000     12.009046     -6.003709
   7320000     12.051713     -6.067601
   7340000     12.071436     -6.090581
   7360000     12.111844     -6.087086
   7380000     12.157035     -5.926483
   7400000     12.181218     -5.910669
   7420000     12.204118     -5.908467
   7440000     12.230286     -5.894226
   7460000     12.258187     -5.947236
   7480000     12.297325     -5.881053
   7500000     12.355472     -6.024985
   7520000     12.382961     -6.062087
   7540000     12.411876     -6.015325
   7560000     12.434378     -5.999984
   7580000     12.456129     -5.944683
   7600000     12.491193     -5.948557
   7620000     12.507069     -5.917730
   7640000     12.524161     -5.904580
   7660000     12.554735     -5.887000
   7680000     12.615081     -5.976142
   7700000     12.649641     -5.964821
   7720000     12.681489     -5.945509
   7740000     12.709085     -5.928727
   7760000     12.732993     -5.911369
   7780000     12.753263     -5.845611
   7800000     12.762048     -5.799401
   7820000     12.823361     -5.887575
   7840000     12.870007     -5.912591
   7860000     12.903239     -5.927585
   7880000     12.931266     -6.001999
   7900000     12.966416     -5.961068
   7920000     12.987694     -6.017718
   7940000     13.016701     -6.031449
   7960000     13.046254     -6.027918
   7980000     13.077514     -6.053847
   8000000     13.099876     -6.063787
   8020000     13.138034     -5.998112
   8040000     13.167658     -6.020178
   8060000     13.200338     -5.966004
   8080000     13.209895     -5.991028
   8100000     13.236912     -5.994343
   8120000     13.268891     -5.980857
   8140000     13.310523     -5.936837
   8160000     13.339617     -5.921547
   8180000     13.357336     -5.922597
   8200000     13.379433     -5.872271
   8220000     13.424649     -5.896976
   8240000     13.455355     -5.897284
   8260000     13.342298     -5.465467
   8280000     13.387564     -5.472156
   8300000     13.368574     -5.403080
   8320000     13.396925     -5.390066
   8340000     13.446766     -5.390489
   8360000     13.449037     -5.335493
   8380000     13.438835     -5.283816
   8400000     13.431913     -5.238541
   8420000     13.459199     -5.229031
   8440000     13.601140     -5.308196
   8460000     13.608605     -5.270372
   8480000     13.608385     -5.222441
   8500000     13.648189     -5.219891
   8520000     13.649756     -5.171662
   8540000     13.679842     -5.161763
   8560000     13.651499     -5.107251
   8580000     13.670818     -5.078063
   8600000     13.736501     -5.091794
   8620000     13.753790     -5.079738
   8640000     13.655855     -4.967862
   8660000     13.658234     -4.922628
   8680000     13.637421     -4.889083
   8700000     13.640077     -4.859554
   8720000     13.712538     -4.869299
   8740000     13.807591     -4.885522
   8760000     13.808085     -4.860558
   8780000     13.879116     -4.875222
   8800000     13.913581     -4.872537
   8820000     13.953282     -4.875728
   8840000     13.985893     -4.867637
   8860000     13.994232     -4.809172
   8880000     14.012386     -4.778895
   8900000     14.060041     -4.784312
   8920000     14.076354     -4.742668
   8940000     13.988555     -4.641187
   8960000     14.007524     -4.610143
   8980000     14.053709     -4.595122
   9000000     13.927319     -4.505892
   9020000     14.021124     -4.505903
   9040000     14.089225     -4.517961
   9060000     14.107212     -4.505324
   9080000     14.074376     -4.448057
   9100000     13.945714     -4.392241
   9120000     13.922847     -4.354820
   9140000     13.984592     -4.319306
   9160000     14.067583     -4.313427
   9180000     14.112913     -4.298884
   9200000     14.079173     -4.251120
   9220000     14.059797     -4.227576
   9240000     14.071514     -4.194223
   9260000     14.075601     -4.157031
   9280000     14.103511     -4.132443
   9300000     14.171811     -4.118744
   9320000     14.136804     -4.077131
   9340000     14.140788     -4.042864
   9360000     14.125996     -4.002892
   9380000     14.147538     -3.983020
   9400000     14.117331     -3.955630
   9420000     14.122870     -3.932650
   9440000     14.212215     -3.902431
   9460000     14.256229     -3.879004
   9480000     14.236901     -3.839260
   9500000     14.311420     -3.844057
   9520000     14.312659     -3.822161
   9540000     14.362932     -3.785050
   9560000     14.385564     -3.756813
   9580000     14.361023     -3.711695
   9600000     14.345203     -3.656945
   9620000     14.357110     -3.633080
   9640000     14.430476     -3.632553
   9660000     14.554261     -3.713267
   9680000     14.405494     -3.541137
   9700000     14.399651     -3.499368
   9720000     14.447747     -3.505434
   9740000     14.348282     -3.429564
   9760000     14.341264     -3.399739
   9780000     14.334886     -3.382612
   9800000     14.316678     -3.349954
   9820000     14.415555     -3.330934
   9840000     14.467870     -3.307376
   9860000     14.377093     -3.246388
   9880000     14.413212     -3.217208
   9900000     14.386840     -3.185998
   9920000     14.377461     -3.155739
   9940000     14.470935     -3.130268
   9960000     14.536649     -3.134862
   9980000     14.555155     -3.081486
  10000000     14.631960     -3.068119
