         0      4.000000      0.000000
     20000      4.006714     -0.009652
     40000      4.007743     -0.019594
     60000      4.009130     -0.011662
     80000      4.005766     -0.016279
    100000      4.009806     -0.027310
    120000      4.007774     -0.022976
    140000      4.009730     -0.020282
    160000      4.010920     -0.024956
    180000      4.010156     -0.020488
    200000      4.008232     -0.021691
    220000      4.012141     -0.013578
    240000      4.010395     -0.003681
    260000      4.012403     -0.011931
    280000      4.010963     -0.021511
    300000      4.009427     -0.024447
    320000      4.007660     -0.017282
    340000      4.008226     -0.033641
    360000      4.009412     -0.037470
    380000      4.012873     -0.025635
    400000      4.009845     -0.024613
    420000      4.012443     -0.025358
    440000      4.006207     -0.045185
    460000      4.015086     -0.033182
    480000      4.011100     -0.035410
    500000      4.012403     -0.035605
    520000      4.032854     -0.039373
    540000      4.087420      0.032793
    560000      4.084023     -0.149176
    580000      4.095272      0.225299
    600000      4.049043      0.554318
    620000      4.068488      0.576904
    640000      3.896792      0.755500
    660000      4.023596      0.725534
    680000      3.896526      0.787708
    700000      3.990976      0.771041
    720000      4.086951      0.791961
    740000      4.128710      0.796248
    760000      4.355334      0.692410
    780000      4.427375      0.614819
    800000      4.731381     -0.352097
    820000      4.798568     -0.379430
    840000      4.826421     -0.398797
    860000      4.859184     -0.396899
    880000      4.886552     -0.437580
    900000      4.914380     -0.433598
    920000      4.946400     -0.417889
    940000      4.946404     -0.267673
    960000      4.958152     -0.218244
    980000      5.015643     -0.317533
   1000000      5.049714     -0.359520
   1020000      5.097290     -0.300512
   1040000      5.135484     -0.388654
   1060000      5.172653     -0.424333
   1080000      5.198416     -0.394444
   1100000      5.237078     -0.469805
   1120000      5.258949     -0.502368
   1140000      5.297773     -0.461705
   1160000      5.312946     -0.550243
   1180000      5.360135     -0.476128
   1200000      5.382014     -0.540222
   1220000      5.413489     -0.541776
   1240000      5.446821     -0.528195
   1260000      5.473863     -0.496669
   1280000      5.510190     -0.478653
   1300000      5.512079     -0.584584
   1320000      5.568104     -0.572303
   1340000      5.590751     -0.571896
   1360000      5.609909     -0.640097
   1380000      5.657025     -0.528100
   1400000      5.676617     -0.615510
   1420000      5.657849     -0.735337
   1440000      5.684616     -0.783951
   1460000      5.722911     -0.759069
   1480000      5.753547     -0.767695
   1500000      5.787639     -0.715691
   1520000      5.794617     -0.845503
   1540000      5.823145     -0.847070
   1560000      5.837260     -0.888972
   1580000      5.885343     -0.856381
   1600000      5.851950     -0.994365
   1620000      5.925815     -0.942079
   1640000      5.993844     -0.871211
   1660000      6.012310     -0.901836
   1680000      5.984409     -1.000498
   1700000      6.015525     -1.017955
   1720000      5.968461     -1.105296
   1740000      5.991093     -1.120047
   1760000      6.033297     -1.132254
   1780000      6.114209     -1.075657
   1800000      6.104556     -1.154134
   1820000      6.109692     -1.171206
   1840000      6.135570     -1.186037
   1860000      6.157322     -1.200856
   1880000      6.183674     -1.225243
   1900000      6.083835     -1.392819
   1920000      6.175910     -1.338522
   1940000      6.181710     -1.359953
   1960000      6.201821     -1.391629
   1980000      6.245388     -1.377333
   2000000      6.177707     -1.514590
   2020000      6.188642     -1.535708
   2040000      6.122143     -1.612301
   2060000      6.162273     -1.605945
   2080000      6.300098     -1.565374
   2100000      6.324266     -1.594823
   2120000      6.350940     -1.618321
   2140000      6.398093     -1.620784
   2160000      6.441942     -1.619494
   2180000      6.455417     -1.649087
   2200000      6.411443     -1.745382
   2220000      6.418283     -1.778046
   2240000      6.634503     -1.577688
   2260000      6.507806     -1.781397
   2280000      6.577530     -1.773459
   2300000      6.648262     -1.736996
   2320000      6.667282     -1.752808
   2340000      6.553454     -1.886283
   2360000      6.459337     -1.967618
   2380000      6.467507     -1.987223
   2400000      6.473226     -2.015611
   2420000      6.356981     -2.073797
   2440000      6.199147     -2.085755
   2460000      6.618064     -2.041420
   2480000      6.456273     -2.132399
   2500000      6.434217     -2.174148
   2520000      6.413242     -2.206398
   2540000      6.515864     -2.227837
   2560000      6.360977     -2.297703
   2580000      6.375842     -2.316895
   2600000      6.249602     -2.341019
   2620000      6.358724     -2.383444
   2640000      6.334920     -2.416402
   2660000      6.419286     -2.429308
   2680000      6.483704     -2.454629
   2700000      6.470283     -2.493170
   2720000      6.399889     -2.529150
   2740000      6.450360     -2.549384
   2760000      6.482945     -2.587775
   2780000      6.536098     -2.612517
   2800000      6.556931     -2.636866
   2820000      6.563135     -2.664751
   2840000      6.594775     -2.684241
   2860000      6.614360     -2.690961
   2880000      6.663383     -2.692891
   2900000      6.627902     -2.753893
   2920000      6.543032     -2.852270
   2940000      6.595476     -2.869838
   2960000      6.604027     -2.903314
   2980000      6.502685     -2.968501
   3000000      6.482935     -2.997391
   3020000      6.455741     -3.024888
   3040000      6.507291     -3.058217
   3060000      6.565163     -3.064386
   3080000      6.469106     -3.099356
   3100000      6.520762     -3.136895
   3120000      6.586600     -3.160028
   3140000      6.235109     -3.181729
   3160000      6.248160     -3.223265
   3180000      6.201207     -3.242722
   3200000      6.285141     -3.302078
   3220000      6.393260     -3.349915
   3240000      6.330294     -3.382055
   3260000      6.432718     -3.397126
   3280000      6.474839     -3.433428
   3300000      6.402680     -3.477860
   3320000      6.406860     -3.516322
   3340000      6.585643     -3.557084
   3360000      6.596971     -3.584330
   3380000      6.605443     -3.598471
   3400000      6.522065     -3.589661
   3420000      6.472752     -3.683849
   3440000      6.639907     -3.723337
   3460000      6.675100     -3.746603
   3480000      6.644779     -3.784893
   3500000      6.600069     -3.818917
   3520000      6.676082     -3.837474
   3540000      6.543780     -3.851438
   3560000      6.777684     -3.873319
   3580000      6.838741     -3.875951
   3600000      6.760364     -3.948047
   3620000      6.696134     -4.001339
   3640000      6.664034     -4.029048
   3660000      6.739027     -4.044973
   3680000      6.701481     -4.080836
   3700000      6.756835     -4.102979
   3720000      6.803763     -4.125663
   3740000      6.642249     -4.182075
   3760000      6.648613     -4.205605
   3780000      6.571015     -4.237445
   3800000      6.555257     -4.267297
   3820000      6.576288     -4.295171
   3840000      6.649848     -4.307647
   3860000      6.619660     -4.346105
   3880000      6.515556     -4.364474
   3900000      6.464238     -4.412397
   3920000      6.758238     -4.363551
   3940000      6.640572     -4.459940
   3960000      6.698599     -4.453337
   3980000      6.731831     -4.467548
   4000000      6.725727     -4.519285
   4020000      6.708566     -4.567829
   4040000      6.506900     -4.626905
   4060000      6.525948     -4.643950
   4080000      6.522225     -4.698768
   4100000      6.539702     -4.734405
   4120000      6.493901     -4.766808
   4140000      6.411464     -4.801447
   4160000      6.404034     -4.834709
   4180000      6.656206     -4.837963
   4200000      6.352655     -4.888955
   4220000      6.405789     -4.928418
   4240000      6.373179     -4.961768
   4260000      6.336776     -4.991999
   4280000      6.165716     -5.004692
   4300000      5.966050     -4.954898
   4320000      5.896929     -4.930870
   4340000      5.941415     -5.029031
   4360000      5.878254     -5.020344
   4380000      5.942132     -5.082646
   4400000      5.907170     -5.097326
   4420000      5.867921     -5.106027
   4440000      5.865778     -5.131510
   4460000      5.826183     -5.125300
   4480000      5.766207     -5.084136
   4500000      5.824628     -5.191260
   4520000      5.987871     -5.346397
   4540000      5.911181     -5.353345
   4560000      5.889141     -5.382858
   4580000      5.902409     -5.410860
   4600000      5.850793     -5.409943
   4620000      5.948048     -5.472498
   4640000      6.506939     -5.551540
   4660000      6.441481     -5.578582
   4680000      6.333236     -5.655023
   4700000      6.321118     -5.686511
   4720000      6.360475     -5.711337
   4740000      6.250208     -5.642765
   4760000      6.006838     -5.701755
   4780000      6.328770     -5.780384
   4800000      6.231864     -5.662663
   4820000      6.112539     -5.779754
   4840000      6.162418     -5.908587
   4860000      6.349287     -5.957898
   4880000      6.287858     -5.994446
   4900000      6.287220     -6.020062
   4920000      6.255454     -6.041390
   4940000      6.296495     -6.071046
   4960000      6.388914     -6.091294
   4980000      6.383356     -6.124604
   5000000      6.432427     -6.147657
   5020000      6.455143     -6.158701
   5040000      6.236367     -6.237826
   5060000      6.234852     -6.266329
   5080000      6.197575     -6.296177
   5100000      6.244814     -6.321991
   5120000      6.329370     -6.331988
   5140000      6.118426     -6.371484
   5160000      6.203106     -6.425142
   5180000      6.179396     -6.454969
   5200000      6.319952     -6.484143
   5220000      6.220228     -6.518074
   5240000      6.123484     -6.549122
   5260000      6.120017     -6.566446
   5280000      6.156257     -6.601556
   5300000      6.179012     -6.633305
   5320000      6.323595     -6.660161
   5340000      6.518868     -6.600756
   5360000      6.406026     -6.687480
   5380000      6.516268     -6.675414
   5400000      6.516280     -6.704435
   5420000      6.557919     -6.706201
   5440000      6.492673     -6.796583
   5460000      6.461861     -6.853369
   5480000      6.648015     -6.811438
   5500000      6.664295     -6.827955
   5520000      6.713347     -6.840608
   5540000      6.714029     -6.881198
   5560000      6.812684     -6.846028
   5580000      6.776906     -6.916562
   5600000      6.818310     -6.906410
   5620000      6.834954     -6.923648
   5640000      6.811464     -6.966193
   5660000      6.829755     -6.979551
   5680000      6.925727     -6.951466
   5700000      6.940374     -6.982800
   5720000      6.953556     -7.008246
   5740000      6.961300     -7.018702
   5760000      6.995254     -7.043088
   5780000      7.008209     -7.080289
   5800000      7.027499     -7.097562
   5820000      7.073709     -7.113694
   5840000      7.152847     -7.093941
   5860000      7.191491     -7.081643
   5880000      7.190688     -7.128943
   5900000      7.230141     -7.114184
   5920000      7.272101     -7.077508
   5940000      7.249869     -7.221626
   5960000      7.321979     -7.122565
   5980000      7.319238     -7.206902
   6000000      7.409369     -7.122248
   6020000      7.422428     -7.153405
   6040000      7.420795     -7.228810
   6060000      7.407575     -7.283080
   6080000      7.442221     -7.276618
   6100000      7.612936     -7.001938
   6120000      7.653631     -6.911455
   6140000      7.670034     -7.072445
   6160000      7.687111     -7.134371
   6180000      7.731004     -7.109243
   6200000      7.697544     -7.276084
   6220000      7.641898     -7.385187
   6240000      7.724279     -7.357607
   6260000      7.762551     -7.340763
   6280000      7.803579     -7.324814
   6300000      7.819804     -7.394717
   6320000      7.854976     -7.376674
   6340000      7.791880     -7.512943
   6360000      7.843521     -7.527101
   6380000      7.854813     -7.559147
   6400000      7.967943     -7.431375
   6420000      8.025174     -7.393256
   6440000      8.081968     -7.351116
   6460000      8.105951     -7.410951
   6480000      8.138559     -7.320218
   6500000      8.163607     -7.313706
   6520000      8.176859     -7.324518
   6540000      8.215305     -7.337062
   6560000      8.196310     -7.552212
   6580000      8.307379     -7.370693
   6600000      8.196616     -7.759336
   6620000      8.247081     -7.726438
   6640000      8.255184     -7.771955
   6660000      8.271593     -7.806246
   6680000      8.315470     -7.793277
   6700000      8.339731     -7.784690
   6720000      8.389353     -7.814661
   6740000      8.416078     -7.792561
   6760000      8.429690     -7.880457
   6780000      8.394836     -7.985128
   6800000      8.477413     -7.911210
   6820000      8.526278     -7.884068
   6840000      8.547308     -7.887878
   6860000      8.593681     -7.841584
   6880000      8.696820     -7.793936
   6900000      8.680469     -7.891301
   6920000      8.759932     -7.804917
   6940000      8.763431     -7.857832
   6960000      8.813273     -7.812647
   6980000      8.856728     -7.755848
   7000000      8.909959     -7.738342
   7020000      8.908512     -7.865558
   7040000      8.967109     -7.763893
   7060000      8.991824     -7.823144
   7080000      8.956131     -8.030292
   7100000      8.931677     -8.103096
   7120000      8.996983     -8.067895
   7140000      9.011377     -8.118925
   7160000      9.038312     -8.130998
   7180000      9.015515     -8.181579
   7200000      9.129831     -8.107329
   7220000      9.218229     -7.943688
   7240000      9.243436     -7.904029
   7260000      9.260991     -7.975829
   7280000      9.239381     -8.188054
   7300000      9.231415     -8.274384
   7320000      9.247388     -8.307258
   7340000      9.260701     -8.352580
   7360000      9.351431     -8.230433
   7380000      9.385311     -8.189869
   7400000      9.421386     -8.241094
   7420000      9.432610     -8.253302
   7440000      9.481049     -8.222635
   7460000      9.508920     -8.214219
   7480000      9.531035     -8.230803
   7500000      9.572962     -8.200845
   7520000      9.580892     -8.308159
   7540000      9.621008     -8.269122
   7560000      9.622431     -8.387606
   7580000      9.595605     -8.471741
   7600000      9.546973     -8.550200
   7620000      9.564478     -8.586246
   7640000      9.521959     -8.637150
   7660000      9.549190     -8.660023
   7680000      9.584170     -8.668787
   7700000      9.801252     -8.432745
   7720000      9.851765     -8.441449
   7740000      9.894380     -8.435589
   7760000      9.907760     -8.402885
   7780000      9.959707     -8.455070
   7800000      9.987141     -8.450685
   7820000     10.015857     -8.402947
   7840000     10.015031     -8.471599
   7860000     10.055982     -8.467138
   7880000     10.052873     -8.583212
   7900000     10.118174     -8.491685
   7920000     10.157228     -8.497796
   7940000     10.179420     -8.566356
   7960000     10.231921     -8.358118
   7980000     10.167482     -8.572643
   8000000     10.169088     -8.720782
   8020000     10.243426     -8.688629
   8040000     10.198225     -8.874548
   8060000     10.270033     -8.811492
   8080000     10.206051     -9.006912
   8100000     10.224623     -9.041256
   8120000     10.235181     -9.080619
   8140000     10.291635     -9.054034
   8160000     10.268917     -9.143273
   8180000     10.287825     -9.171678
   8200000     10.419562     -9.004774
   8220000     10.472825     -8.992158
   8240000     10.492348     -8.994604
   8260000     10.547643     -8.935858
   8280000     10.560251     -8.962081
   8300000     10.484859     -9.177297
   8320000     10.601418     -9.037183
   8340000     10.663709     -8.909388
   8360000     10.692242     -8.966608
   8380000     10.720847     -8.954372
   8400000     10.737599     -9.031851
   8420000     10.769585     -9.017405
   8440000     10.778196     -9.063774
   8460000     10.794279     -9.089377
   8480000     10.842064     -9.050896
   8500000     10.848605     -9.122686
   8520000     10.830903     -9.196024
   8540000     10.817960     -9.311896
   8560000     10.841928     -9.339791
   8580000     10.836116     -9.393297
   8600000     10.868914     -9.397092
   8620000     10.898567     -9.394778
   8640000     10.950725     -9.392392
   8660000     10.978345     -9.431100
   8680000     11.012152     -9.455049
   8700000     10.994311     -9.518582
   8720000     11.090006     -9.454839
   8740000     11.118220     -9.454805
   8760000     11.133699     -9.459992
   8780000     11.100298     -9.562962
   8800000     11.127828     -9.583502
   8820000     11.146700     -9.597169
   8840000     11.021585     -9.781071
   8860000     11.144331     -9.728564
   8880000     11.142178     -9.770853
   8900000     11.243822     -9.717977
   8920000     11.274530     -9.719928
   8940000     11.393827     -9.616771
   8960000     11.481637     -9.545551
   8980000     11.517160     -9.534751
   9000000     11.600248     -9.390952
   9020000     11.618057     -9.350097
   9040000     11.634864     -9.465378
   9060000     11.638615     -9.530404
   9080000     11.663164     -9.576805
   9100000     11.652759     -9.657112
   9120000     11.778244     -9.403078
   9140000     11.808440     -9.436986
   9160000     11.835564     -9.472513
   9180000     11.841352     -9.526065
   9200000     11.905314     -9.417918
   9220000     11.928272     -9.419450
   9240000     11.940460     -9.480943
   9260000     11.976136     -9.447057
   9280000     12.011789     -9.414823
   9300000     12.022032     -9.370008
   9320000     12.014360     -9.236043
   9340000     12.109487     -9.400843
   9360000     12.148921     -9.428225
   9380000     12.172056     -9.398111
   9400000     12.199080     -9.374849
   9420000     12.247291     -9.454216
   9440000     12.266223     -9.498159
   9460000     12.303378     -9.540971
   9480000     12.334407     -9.533664
   9500000     12.325299     -9.644549
   9520000     12.222667     -9.771222
   9540000     12.388952     -9.620436
   9560000     12.367156     -9.747843
   9580000     12.337597     -9.865501
   9600000     12.377644     -9.885346
   9620000     12.372974     -9.925237
   9640000     12.405084     -9.935876
   9660000     12.431999     -9.972783
   9680000     12.446942     -9.993352
   9700000     12.419267    -10.052732
   9720000     12.573577     -9.925188
   9740000     12.591602     -9.954241
   9760000     12.630973     -9.969195
   9780000     12.637032    -10.035474
   9800000     12.661189    -10.062804
   9820000     12.743677     -9.975542
   9840000     12.769669     -9.983650
   9860000     12.739735    -10.121853
   9880000     12.771054    -10.124928
   9900000     12.810038    -10.126313
   9920000     12.786417    -10.191717
   9940000     12.863964    -10.177383
   9960000     12.846087    -10.240773
   9980000     12.807145    -10.305309
  10000000     12.914055    -10.248504
