         0      4.000000      0.000000
     20000      4.034758      0.065302
     40000      4.113363     -0.049612
     60000      4.155299      0.279130
     80000      4.265622      0.081532
    100000      4.299039      0.305762
    120000      4.358831      0.186131
    140000      4.448179      0.143001
    160000      4.483041      0.354792
    180000      4.584779      0.296662
    200000      4.670365      0.251349
    220000      4.743143      0.042400
    240000      4.742781      0.415129
    260000      4.768318      0.536563
    280000      4.817334      0.546539
    300000      4.877497      0.575623
    320000      4.871417      0.670896
    340000      4.910843      0.713773
    360000      4.961014      0.743087
    380000      5.025723      0.778460
    400000      5.065394      0.787532
    420000      5.266024      0.637910
    440000      5.445204      0.444719
    460000      5.522325      0.451373
    480000      5.600852      0.393687
    500000      5.609880      0.519660
    520000      5.737971      0.176204
    540000      5.807459      0.346564
    560000      5.879517      0.259053
    580000      5.942944      0.194161
    600000      5.954122     -0.006251
    620000      6.040093      0.100764
    640000      6.116784      0.289063
    660000      6.154984      0.150574
    680000      6.237122      0.221564
    700000      6.283125      0.229257
    720000      6.287690      0.456274
    740000      6.386305      0.507132
    760000      6.255791      0.973065
    780000      6.491583      0.685578
    800000      6.541558      0.753832
    820000      6.619744      0.547981
    840000      6.703377      0.602603
    860000      6.793009      0.485898
    880000      6.838046      0.487343
    900000      6.882452      0.379605
    920000      6.964916      0.259873
    940000      7.010728      0.122251
    960000      7.070584      0.153756
    980000      7.157385      0.154566
   1000000      7.207427      0.141124
   1020000      7.187213      0.001338
   1040000      7.307905      0.089333
   1060000      7.418478      0.288813
   1080000      7.495208      0.199777
   1100000      7.558330      0.208688
   1120000      7.584841      0.059367
   1140000      7.634732     -0.050711
   1160000      7.735686     -0.002034
   1180000      7.827370      0.070223
   1200000      7.873895     -0.067072
   1220000      7.956602      0.015615
   1240000      8.037981      0.083445
   1260000      8.108630      0.020072
   1280000      8.140569      0.103837
   1300000      8.257513     -0.122047
   1320000      8.332005     -0.046566
   1340000      8.382370     -0.008455
   1360000      8.442507     -0.167331
   1380000      8.515201     -0.208147
   1400000      8.559901     -0.168089
   1420000      8.634418     -0.230678
   1440000      8.701642     -0.010849
   1460000      8.803969      0.011418
   1480000      8.829029     -0.030232
   1500000      8.943659     -0.120312
   1520000      8.946087     -0.273874
   1540000      9.091156     -0.038302
   1560000      9.154698     -0.052120
   1580000      9.202232     -0.092095
   1600000      9.278663     -0.141237
   1620000      9.319852     -0.233770
   1640000      9.392711     -0.173359
   1660000      9.473391     -0.215130
   1680000      9.524921     -0.127654
   1700000      9.510627      0.002816
   1720000      9.632853     -0.124598
   1740000      9.695480      0.057307
   1760000      9.751362      0.034512
   1780000      9.845232      0.063479
   1800000      9.919485      0.023026
   1820000      9.985184      0.097093
   1840000      9.902169      0.356036
   1860000      9.938697      0.251619
   1880000     10.083562     -0.110585
   1900000     10.180054     -0.126250
   1920000     10.274293      0.248748
   1940000     10.406204      0.107281
   1960000     10.467703      0.085958
   1980000     10.539408      0.060998
   2000000     10.588499      0.033585
   2020000     10.656080     -0.016853
   2040000     10.731170     -0.098875
   2060000     10.759563      0.135736
   2080000     10.788028      0.104577
   2100000     10.691264     -0.223522
   2120000     10.878596     -0.339300
   2140000     11.011911     -0.162782
   2160000     11.092455     -0.182081
   2180000     11.148795     -0.198767
   2200000     11.236032     -0.081671
   2220000     11.273559     -0.003492
   2240000     11.354174      0.037769
   2260000     11.435194      0.024473
   2280000     11.482456      0.009685
   2300000     11.535586      0.014620
   2320000     11.625074      0.052913
   2340000     11.635054      0.371246
   2360000     11.639578      0.452713
   2380000     11.727429      0.406833
   2400000     11.689615      0.598981
   2420000     11.782481      0.610423
   2440000     11.798342      0.679947
   2460000     11.905226      0.594936
   2480000     11.911329      0.773880
   2500000     11.967832      0.782135
   2520000     12.051453      0.807216
   2540000     12.103558      0.821170
   2560000     12.218644      0.670638
   2580000     12.270178      0.759631
   2600000     12.291438      0.914861
   2620000     12.328047      0.984698
   2640000     12.302029      1.045576
   2660000     12.482949      0.843890
   2680000     12.436942      1.104986
   2700000     12.488047      1.118533
   2720000     12.573058      1.108767
   2740000     12.531022      1.224020
   2760000     12.773235      1.035770
   2780000     12.791500      1.148212
   2800000     12.934013      0.891874
   2820000     12.987426      1.084005
   2840000     13.067174      1.020930
   2860000     13.116966      1.172099
   2880000     13.209881      1.072277
   2900000     13.154099      1.378382
   2920000     13.192677      1.471333
   2940000     13.179123      1.596565
   2960000     13.303482      1.512483
   2980000     13.447344      1.255012
   3000000     13.425232      1.527672
   3020000     13.569899      1.442101
   3040000     13.523265      1.612532
   3060000     13.600907      1.595885
   3080000     13.710011      1.575853
   3100000     13.717784      1.661307
   3120000     13.778692      1.660268
   3140000     13.744834      1.819703
   3160000     14.037618      1.523241
   3180000     14.101401      1.507780
   3200000     14.136356      1.545701
   3220000     14.279207      1.575357
   3240000     13.992684      1.843025
   3260000     13.553399      1.983940
   3280000     13.682582      2.024487
   3300000     13.767518      1.758627
   3320000     13.482819      1.986025
   3340000     13.745907      1.730267
   3360000     13.744506      1.698694
   3380000     13.992019      1.725495
   3400000     14.046633      1.499406
   3420000     14.013369      1.915509
   3440000     14.061335      1.862963
   3460000     14.155691      1.805225
   3480000     14.303871      1.727056
   3500000     14.388747      1.676251
   3520000     14.431730      1.690623
   3540000     14.383852      2.059827
   3560000     14.290221      2.080752
   3580000     14.489524      2.107411
   3600000     14.349087      1.977584
   3620000     14.265114      2.014260
   3640000     14.440224      1.857994
   3660000     14.433306      1.691357
   3680000     14.416012      1.781946
   3700000     14.544221      1.644095
   3720000     14.675319      1.450556
   3740000     14.728592      1.223622
   3760000     14.532384      0.985169
   3780000     14.485311      0.929265
   3800000     14.589087      0.963496
   3820000     14.593724      0.729594
   3840000     14.621788      0.488972
   3860000     14.547062      0.672441
   3880000     14.437575      0.678044
   3900000     14.346444      0.673221
   3920000     14.387054      0.761368
   3940000     14.313373      0.458058
   3960000     13.846147      0.136918
   3980000     13.861188      0.161613
   4000000     13.606304      0.038350
   4020000     13.878744      0.352015
   4040000     14.050026      0.385256
   4060000     14.057710      0.507642
   4080000     14.196559      0.215764
   4100000     14.144615      0.491416
   4120000     14.326049      0.692990
   4140000     14.224824      0.675796
   4160000     14.492074      0.925209
   4180000     14.177235      0.381203
   4200000     14.008994      0.493810
   4220000     13.946588      0.660173
   4240000     14.395836      0.965948
   4260000     14.329796      0.777961
   4280000     14.441010      0.877107
   4300000     14.077349      0.868567
   4320000     14.126543      0.651744
   4340000     14.277193      0.358299
   4360000     14.509486      0.514174
   4380000     14.585657      0.467539
   4400000     14.600731      0.501183
   4420000     14.943547      0.686725
   4440000     14.977890      1.059930
   4460000     14.943768      0.848102
   4480000     15.087176      1.011098
   4500000     15.068501      0.704483
   4520000     15.049574      0.506062
   4540000     15.184444      0.479985
   4560000     15.331870      0.855182
   4580000     15.401601      0.961609
   4600000     15.427536      1.127281
   4620000     15.351411      1.343119
   4640000     15.442519      1.326801
   4660000     15.532353      1.233466
   4680000     15.708057      0.797115
   4700000     15.813930      0.672227
   4720000     15.894192      0.807400
   4740000     15.918976      0.946427
   4760000     15.996200      0.693162
   4780000     16.032625      0.919083
   4800000     16.064655      1.033151
   4820000     16.123967      0.953000
   4840000     16.147087      0.519108
   4860000     16.208684      0.465826
   4880000     16.374645      0.794987
   4900000     16.473236      0.636294
   4920000     16.464999      0.775413
   4940000     16.316387      0.740797
   4960000     16.298385      0.502635
   4980000     16.387430      0.677754
   5000000     16.350660      0.337889
   5020000     16.391916      0.286028
   5040000     16.317447      0.629557
   5060000     16.119306      0.340556
   5080000     15.922546     -0.275284
   5100000     16.059112     -0.279512
   5120000     16.198079     -0.405166
   5140000     16.247257     -0.015208
   5160000     16.300365     -0.061833
   5180000     16.162470     -0.533246
   5200000     16.547031     -0.689084
   5220000     16.367857     -0.774251
   5240000     16.460221     -0.825792
   5260000     16.390612     -0.883289
   5280000     16.239576     -1.045964
   5300000     16.143601     -1.022569
   5320000     16.232522     -1.092648
   5340000     16.248073     -1.192570
   5360000     16.214821     -1.100885
   5380000     15.926215     -1.257291
   5400000     15.850650     -1.433890
   5420000     15.817468     -1.608045
   5440000     15.478151     -1.653931
   5460000     15.890279     -1.379156
   5480000     15.582867     -1.542434
   5500000     15.470439     -1.518340
   5520000     15.478486     -1.665702
   5540000     15.230166     -1.794216
   5560000     15.296070     -1.864753
   5580000     15.589775     -1.704667
   5600000     15.789261     -1.416612
   5620000     15.757255     -1.332594
   5640000     15.875495     -1.004127
   5660000     15.905508     -1.064037
   5680000     15.773379     -1.041490
   5700000     15.881355     -0.824319
   5720000     16.000584     -1.041353
   5740000     15.945964     -1.027570
   5760000     16.049165     -1.051134
   5780000     16.217443     -1.180819
   5800000     16.096862     -1.436155
   5820000     16.045830     -1.349951
   5840000     15.918178     -1.962206
   5860000     16.216573     -1.664837
   5880000     16.013521     -1.659362
   5900000     16.042616     -1.632369
   5920000     15.966344     -1.255119
   5940000     15.873932     -1.170894
   5960000     15.790371     -1.200916
   5980000     15.922819     -1.038626
   6000000     16.093103     -0.658823
