         0      4.000000      0.000000
     20000      4.013352      0.166183
     40000      4.083186      0.044573
     60000      4.004834     -0.168386
     80000      3.989261     -0.079860
    100000      3.941490     -0.139148
    120000      3.809261      0.128838
    140000      3.895133      0.326176
    160000      4.153320      0.229203
    180000      4.212954      0.326202
    200000      4.181854      0.371052
    220000      4.163141      0.669699
    240000      4.136600      0.644072
    260000      4.219780      0.868928
    280000      4.014621      0.983668
    300000      4.087368      1.107030
    320000      4.041856      1.268632
    340000      4.134229      1.091319
    360000      3.949351      1.381301
    380000      3.659930      1.672547
    400000      3.695275      1.571427
    420000      3.777385      1.467659
    440000      3.919572      1.552204
    460000      3.777581      1.638660
    480000      3.477199      1.687530
    500000      3.726474      1.724710
    520000      4.034014      1.676039
    540000      4.020678      1.774957
    560000      3.855846      1.755159
    580000      3.777646      1.922844
    600000      3.673106      1.880411
    620000      3.709916      1.828399
    640000      3.573868      2.059266
    660000      3.604050      1.896706
    680000      3.637326      1.879609
    700000      3.968098      1.785125
    720000      4.073086      1.692255
    740000      4.188974      1.755819
    760000      4.061644      1.767917
    780000      4.043457      1.880697
    800000      3.876910      1.804165
    820000      4.170133      1.888037
    840000      4.160855      2.020602
    860000      4.267680      1.917492
    880000      4.223441      2.163770
    900000      4.351070      2.229653
    920000      4.145256      2.418529
    940000      4.124593      1.900469
    960000      4.011639      2.115799
    980000      4.088449      1.966846
   1000000      3.842256      2.234667
   1020000      4.008234      1.675177
   1040000      4.036037      1.474197
   1060000      4.028331      1.791352
   1080000      3.863074      1.454534
   1100000      3.720174      1.407703
   1120000      3.660692      0.935423
   1140000      3.764492      1.088908
   1160000      3.671171      0.974483
   1180000      3.530553      1.006034
   1200000      3.368934      0.660277
   1220000      3.250139      0.603739
   1240000      3.244643      0.672953
   1260000      3.237553      0.746419
   1280000      3.106701      0.660798
   1300000      3.020616      0.596977
   1320000      3.080363      0.645912
   1340000      3.112915      0.580645
   1360000      3.097061      0.665530
   1380000      3.228977      0.777657
   1400000      3.329265      0.501761
   1420000      3.482088      0.697702
   1440000      3.129744      0.428134
   1460000      3.272313      0.431742
   1480000      3.494316      0.465470
   1500000      3.419646      0.657165
   1520000      3.444063      0.619357
   1540000      3.197349      0.632339
   1560000      3.263522      0.685684
   1580000      3.150675      0.672506
   1600000      3.085351      0.762116
   1620000      2.976865      0.814993
   1640000      2.881260      0.766791
   1660000      3.218026      0.931513
   1680000      3.319203      0.796036
   1700000      3.224447      0.785280
   1720000      3.075535      0.839193
   1740000      3.105621      0.787943
   1760000      2.963159      0.915138
   1780000      3.167106      1.212839
   1800000      3.033759      0.985104
   1820000      3.041639      0.958788
   1840000      3.057446      0.862837
   1860000      3.122949      0.816256
   1880000      2.926822      0.636668
   1900000      2.894464      0.591323
   1920000      2.501765      0.597915
   1940000      2.382384      0.627675
   1960000      2.373471      0.635132
   1980000      2.280508      0.656527
   2000000      2.280910      0.434060
   2020000      1.965772      0.502201
   2040000      2.085226      0.558571
   2060000      2.221133      0.571782
   2080000      2.196869      0.596944
   2100000      2.043403      0.593093
   2120000      1.891979      0.737657
   2140000      2.030500      0.765036
   2160000      1.613613      1.303211
   2180000      1.767048      1.271241
   2200000      1.675190      1.066244
   2220000      1.694126      0.941817
   2240000      1.444317      1.145527
   2260000      1.497978      1.190267
   2280000      1.646736      1.083605
   2300000      1.411000      1.096936
   2320000      1.522535      1.143286
   2340000      1.533694      1.498080
   2360000      1.680582      1.519440
   2380000      1.350932      1.693431
   2400000      1.486775      1.456893
   2420000      1.482713      1.540332
   2440000      1.687913      1.526564
   2460000      1.611526      1.340251
   2480000      1.474462      1.578901
   2500000      1.528427      1.360498
   2520000      1.313661      1.430115
   2540000      1.398751      1.448050
   2560000      1.634590      1.500071
   2580000      1.928475      1.256696
   2600000      1.630372      1.378036
   2620000      1.847058      1.208832
   2640000      2.150970      1.185720
   2660000      2.241563      1.173151
   2680000      2.741596      1.066999
   2700000      2.462295      1.154643
   2720000      2.566326      0.975775
   2740000      2.386681      0.998538
   2760000      2.716842      1.010370
   2780000      2.292219      0.950365
   2800000      2.141646      1.145380
   2820000      2.347932      1.264647
   2840000      2.479101      1.257966
   2860000      2.952546      1.335141
   2880000      2.981687      1.477976
   2900000      3.183245      1.529938
   2920000      3.115034      1.343952
   2940000      3.155223      1.350791
   2960000      3.003948      1.271802
   2980000      3.028398      1.296525
   3000000      3.076220      1.164968
   3020000      3.186487      1.035949
   3040000      3.468468      1.416295
   3060000      3.297263      1.271185
   3080000      3.243412      1.472219
   3100000      3.299162      1.398258
   3120000      3.112612      1.483782
   3140000      2.542322      1.216543
   3160000      2.675436      1.271311
   3180000      2.403172      1.301312
   3200000      2.146876      1.429514
   3220000      1.982836      1.293023
   3240000      1.880028      1.261775
   3260000      2.061821      1.195692
   3280000      1.770069      1.504393
   3300000      1.927716      1.414128
   3320000      1.696053      1.352947
   3340000      1.530968      1.575129
   3360000      1.507177      1.562375
   3380000      1.519731      1.640473
   3400000      1.333908      1.744079
   3420000      1.352150      1.686291
   3440000      1.154886      1.672890
   3460000      1.243899      1.676402
   3480000      1.338990      1.780542
   3500000      1.418681      1.755378
   3520000      1.372981      1.970256
   3540000      1.602408      1.884237
   3560000      1.730826      1.864620
   3580000      1.730037      2.061932
   3600000      1.535605      2.066898
   3620000      1.604366      1.878324
   3640000      1.632784      1.751568
   3660000      1.389935      1.699418
   3680000      1.462113      1.822297
   3700000      1.556923      1.626722
   3720000      2.128610      1.515869
   3740000      1.958641      1.485708
   3760000      2.099391      1.485171
   3780000      1.948291      1.466024
   3800000      1.859441      1.442067
   3820000      2.061774      1.215718
   3840000      1.898808      1.110790
   3860000      1.973693      1.479496
   3880000      1.875405      1.156861
   3900000      1.963919      1.200926
   3920000      2.328171      1.090413
   3940000      2.590789      0.807369
   3960000      2.154936      1.035529
   3980000      1.704744      1.337003
   4000000      1.551542      1.744097
   4020000      1.567158      1.614236
   4040000      1.128860      1.935245
   4060000      1.275850      1.792875
   4080000      0.996225      2.125877
   4100000      0.911264      2.247312
   4120000      1.063524      1.939830
   4140000      1.229698      2.088708
   4160000      1.337860      1.958272
   4180000      1.327029      2.237053
   4200000      1.239317      2.181994
   4220000      1.334947      2.336452
   4240000      1.354205      1.944561
   4260000      1.180709      2.430126
   4280000      1.472094      1.970694
   4300000      1.663417      1.876871
   4320000      1.298097      2.180016
   4340000      1.350234      2.315186
   4360000      1.384517      2.463900
   4380000      1.508009      2.776430
   4400000      1.579674      2.818468
   4420000      1.559518      2.927501
   4440000      1.459849      2.379717
   4460000      1.606925      2.895328
   4480000      1.493725      2.767441
   4500000      1.294157      2.549566
   4520000      1.303530      2.711682
   4540000      1.068541      2.415972
   4560000      1.410451      2.589243
   4580000      1.623010      2.877004
   4600000      1.653042      2.740861
   4620000      1.528952      2.612543
   4640000      1.802659      2.809818
   4660000      1.610079      2.997077
   4680000      1.650990      2.797981
   4700000      1.635193      2.968962
   4720000      1.271142      2.922933
   4740000      1.497312      3.129776
   4760000      1.578402      3.318780
   4780000      1.609098      3.239420
   4800000      1.928466      3.424013
   4820000      1.757167      3.341288
   4840000      1.460083      3.165562
   4860000      1.295371      2.894842
   4880000      1.295252      2.670865
   4900000      1.123952      2.446823
   4920000      1.178273      2.225219
   4940000      1.459177      2.490039
   4960000      1.243731      2.137903
   4980000      1.214833      2.203999
   5000000      1.156618      2.155343
   5020000      1.130115      2.016088
   5040000      1.040670      1.863541
   5060000      1.097311      1.862832
   5080000      1.047132      1.701710
   5100000      0.981695      1.871641
   5120000      0.962342      1.645176
   5140000      0.966896      1.529825
   5160000      1.262962      1.793132
   5180000      1.418697      1.694999
   5200000      1.275093      1.468686
   5220000      1.186336      1.076301
   5240000      1.392908      1.189809
   5260000      1.368671      1.262222
   5280000      1.411382      1.278789
   5300000      1.397781      1.155020
   5320000      1.600702      0.826508
   5340000      1.792798      0.906350
   5360000      1.669429      0.630211
   5380000      1.590444      0.568195
   5400000      1.479871      0.764971
   5420000      1.540196      0.826245
   5440000      1.690043      1.012732
   5460000      1.664337      1.256618
   5480000      1.743106      1.600008
   5500000      2.060225      1.584846
   5520000      2.174846      1.771503
   5540000      2.209921      1.679795
   5560000      2.174883      1.618145
   5580000      2.436914      1.512224
   5600000      2.199094      1.756415
   5620000      2.126207      1.773890
   5640000      2.178348      1.637090
   5660000      2.187554      1.815006
   5680000      2.193167      1.745841
   5700000      2.165945      1.756797
   5720000      2.115558      1.478954
   5740000      1.920492      1.670696
   5760000      1.910007      1.959840
   5780000      1.923550      1.631018
   5800000      1.928942      1.947225
   5820000      1.860862      2.138139
   5840000      1.940911      2.229071
   5860000      1.777067      2.234903
   5880000      1.925173      1.959732
   5900000      1.923702      2.044306
   5920000      1.877143      2.087950
   5940000      1.934439      2.470426
   5960000      1.974726      2.400850
   5980000      2.042751      2.168125
   6000000      2.242160      2.118064
