         0      4.000000      0.000000
     20000      4.003624     -0.001100
     40000      4.001362      0.010898
     60000      4.001841      0.013602
     80000      4.003153      0.007618
    100000      3.997265      0.018988
    120000      3.999554      0.005636
    140000      4.000866      0.009558
    160000      3.999010      0.014583
    180000      4.002864      0.014266
    200000      4.001707     -0.000818
    220000      3.999424      0.007249
    240000      4.002811      0.013531
    260000      4.003246     -0.000434
    280000      3.999877      0.003180
    300000      4.001856     -0.005315
    320000      4.005841     -0.003781
    340000      4.004195     -0.019235
    360000      4.001065      0.009227
    380000      3.999334      0.011453
    400000      4.001970      0.000747
    420000      3.999151      0.010506
    440000      4.003348      0.012157
    460000      4.003199      0.011467
    480000      4.002744      0.017612
    500000      4.000896      0.014296
    520000      3.997879     -0.006095
    540000      4.002785      0.002042
    560000      4.001560     -0.011652
    580000      3.998624      0.014737
    600000      4.005225      0.027232
    620000      4.002665      0.022920
    640000      4.004605      0.013014
    660000      4.004008     -0.004889
    680000      4.004577     -0.011050
    700000      4.005961     -0.000503
    720000      4.007094     -0.001964
    740000      4.005625      0.011584
    760000      4.004280      0.005635
    780000      4.003663      0.009901
    800000      4.000968      0.002678
    820000      4.002688      0.001225
    840000      4.004977      0.000529
    860000      3.998318      0.010379
    880000      4.004054      0.011893
    900000      4.002192      0.002144
    920000      3.997991      0.011865
    940000      4.003171     -0.004695
    960000      3.997598      0.004549
    980000      4.003433     -0.000497
   1000000      4.001700     -0.000400
   1020000      4.000127      0.005273
   1040000      4.003452     -0.000848
   1060000      3.999875      0.013451
   1080000      3.999789      0.015222
   1100000      4.007075      0.014961
   1120000      4.007261      0.009276
   1140000      4.001619     -0.022569
   1160000      4.005774     -0.016810
   1180000      4.004937     -0.013045
   1200000      4.004363     -0.013891
   1220000      4.002585     -0.006353
   1240000      4.004629     -0.006998
   1260000      4.005281     -0.006704
   1280000      4.001244      0.007416
   1300000      4.004462     -0.000860
   1320000      4.005365     -0.008760
   1340000      4.002532     -0.022804
   1360000      4.003378     -0.006393
   1380000      4.005147      0.005884
   1400000      4.001251      0.023090
   1420000      4.003478     -0.000721
   1440000      4.001565      0.006237
   1460000      4.002783      0.007995
   1480000      4.000553      0.001219
   1500000      3.999949      0.015011
   1520000      3.999548      0.003882
   1540000      4.001418      0.015921
   1560000      4.001707     -0.000184
   1580000      3.995297      0.012107
   1600000      4.001262      0.015533
   1620000      4.001257      0.010618
   1640000      4.001738      0.000908
   1660000      3.999401      0.009157
   1680000      4.003475      0.003729
   1700000      3.996596      0.000352
   1720000      3.999596     -0.015701
   1740000      4.002089      0.011757
   1760000      3.998856      0.016931
   1780000      4.005401     -0.006576
   1800000      4.003513      0.007619
   1820000      3.999555      0.010657
   1840000      4.007203     -0.001293
   1860000      4.001438      0.007769
   1880000      4.005474     -0.008292
   1900000      3.999219      0.001185
   1920000      4.006109     -0.000356
   1940000      4.000687      0.008746
   1960000      4.001927      0.014033
   1980000      4.001306      0.002501
   2000000      4.003017     -0.009465
   2020000      4.000420     -0.000150
   2040000      4.001006     -0.002335
   2060000      3.998510     -0.005638
   2080000      3.999414      0.008333
   2100000      4.000444      0.016654
   2120000      4.005060     -0.003144
   2140000      4.004057      0.010854
   2160000      4.002515      0.011059
   2180000      4.004003      0.003623
   2200000      4.000209      0.010014
   2220000      4.002848      0.023495
   2240000      4.000837     -0.004312
   2260000      4.000864      0.006954
   2280000      4.002084      0.009167
   2300000      4.003944     -0.019659
   2320000      4.006111     -0.017606
   2340000      4.003563     -0.015384
   2360000      4.005576     -0.015138
   2380000      4.003693     -0.011617
   2400000      4.004246     -0.006877
   2420000      4.006291     -0.016268
   2440000      4.000378     -0.019403
   2460000      3.999060     -0.015392
   2480000      4.001008     -0.013826
   2500000      4.003304      0.015024
   2520000      4.001514     -0.006080
   2540000      4.005200      0.001180
   2560000      3.997358      0.007540
   2580000      3.998886     -0.014680
   2600000      4.000845     -0.010049
   2620000      3.996923     -0.024123
   2640000      4.005133     -0.007813
   2660000      4.003918     -0.016640
   2680000      4.005320     -0.007063
   2700000      4.004620     -0.011522
   2720000      4.002752     -0.013975
   2740000      4.002733     -0.014277
   2760000      4.005659     -0.018215
   2780000      4.004838     -0.015114
   2800000      4.002298     -0.015319
   2820000      4.003060     -0.011648
   2840000      4.003502      0.002737
   2860000      3.997796     -0.021710
   2880000      4.002509     -0.007180
   2900000      3.991935     -0.016274
   2920000      4.007755     -0.009083
   2940000      4.007529     -0.012510
   2960000      4.004857     -0.001490
   2980000      4.007091     -0.002707
   3000000      4.006557      0.002608
   3020000      4.006104      0.002837
   3040000      4.005205     -0.011032
   3060000      4.004035     -0.014415
   3080000      3.999721     -0.024575
   3100000      4.000067     -0.022197
   3120000      4.002139     -0.023823
   3140000      4.004276     -0.017954
   3160000      4.004508     -0.007946
   3180000      4.003669     -0.009308
   3200000      3.999584     -0.019864
   3220000      4.004837     -0.008689
   3240000      4.005192     -0.017763
   3260000      4.008723      0.012407
   3280000      4.006939     -0.005494
   3300000      4.006537      0.015257
   3320000      4.003250      0.078679
   3340000      4.011227      0.029699
   3360000      4.007764      0.056660
   3380000      4.005747      0.061446
   3400000      4.008197      0.063525
   3420000      4.009611      0.044003
   3440000      4.011534      0.019261
   3460000      4.003134     -0.020592
   3480000      4.004165      0.048235
   3500000      4.006246      0.006747
   3520000      4.005919      0.057038
   3540000      4.002243      0.074664
   3560000      3.998178      0.093495
   3580000      4.000760      0.093863
   3600000      4.005307      0.067469
   3620000      4.009162      0.068610
   3640000      4.009039      0.065199
   3660000      4.004676      0.071880
   3680000      4.007501      0.073048
   3700000      4.011504      0.024896
   3720000      4.009549      0.017221
   3740000      4.008893      0.061367
   3760000      4.001172      0.088455
   3780000      3.989574      0.102680
   3800000      4.003317      0.067915
   3820000      4.007133      0.074943
   3840000      4.009562      0.041278
   3860000      4.007587      0.060860
   3880000      4.005444      0.043522
   3900000      4.007323      0.073905
   3920000      4.005140      0.056934
   3940000      4.005233      0.053715
   3960000      4.010896      0.040286
   3980000      4.008979      0.056859
   4000000      4.010035      0.062550
   4020000      4.008610      0.064235
   4040000      4.005218      0.065348
   4060000      4.010790      0.026560
   4080000      4.010916      0.018194
   4100000      4.012413      0.021052
   4120000      4.010053      0.038169
   4140000      4.009745      0.026903
   4160000      3.996969      0.110202
   4180000      4.008545      0.041873
   4200000      4.010633      0.053283
   4220000      4.010418      0.056141
   4240000      4.010179      0.048033
   4260000      4.006628      0.024216
   4280000      4.002154      0.104539
   4300000      4.010473      0.057239
   4320000      4.008034      0.072197
   4340000      4.006737      0.088461
   4360000      4.010157      0.067395
   4380000      4.011362      0.059152
   4400000      4.010026      0.065424
   4420000      4.011818      0.055659
   4440000      4.011382      0.064814
   4460000      4.010393      0.069571
   4480000      4.012390      0.050054
   4500000      4.008775      0.037836
   4520000      4.009239      0.073788
   4540000      4.007726      0.080683
   4560000      4.010731      0.060001
   4580000      4.010813      0.062869
   4600000      4.009534      0.077418
   4620000      4.012594      0.055958
   4640000      4.007855      0.058520
   4660000      4.009893      0.064165
   4680000      4.010000      0.047797
   4700000      4.005179      0.079811
   4720000      4.008587      0.055469
   4740000      4.003332      0.089806
   4760000      4.010473      0.045759
   4780000      4.008027      0.061230
   4800000      4.000931      0.092477
   4820000      4.002214      0.082526
   4840000      4.009120      0.063955
   4860000      4.010137      0.053727
   4880000      4.007876      0.063745
   4900000      3.983322      0.142786
   4920000      4.004548      0.079723
   4940000      4.002126      0.094433
   4960000      4.004975      0.073788
   4980000      4.008401      0.013933
   5000000      4.002493      0.045856
   5020000      4.012311      0.043335
   5040000      4.008751      0.045847
   5060000      4.002819      0.085069
   5080000      4.007788      0.074013
   5100000      4.009315      0.058617
   5120000      4.011095      0.043352
   5140000      4.010759      0.047856
   5160000      4.007746      0.014583
   5180000      3.999266      0.100105
   5200000      4.008517      0.070145
   5220000      4.003011      0.068752
   5240000      4.008966      0.063051
   5260000      4.008564      0.052966
   5280000      4.004498      0.082874
   5300000      4.003340      0.082502
   5320000      4.001564      0.078037
   5340000      3.992285      0.126413
   5360000      4.010587      0.052356
   5380000      4.010762      0.036941
   5400000      4.007876      0.054632
   5420000      4.008636      0.049051
   5440000      4.007575      0.077339
   5460000      4.006742      0.063964
   5480000      4.007582      0.073267
   5500000      4.004791      0.076580
   5520000      4.010095      0.069210
   5540000      4.004792      0.075812
   5560000      3.990588      0.128320
   5580000      4.004933      0.090066
   5600000      4.004864      0.090193
   5620000      4.008585      0.073962
   5640000      4.008968      0.070265
   5660000      4.010278      0.063802
   5680000      4.006429      0.066225
   5700000      4.006995      0.072586
   5720000      4.001246      0.043602
   5740000      4.007086      0.040821
   5760000      4.007328      0.071880
   5780000      4.008236      0.022944
   5800000      4.008232      0.058550
   5820000      4.010382      0.053294
   5840000      4.006158      0.088448
   5860000      4.005925      0.087501
   5880000      4.006836      0.104087
   5900000      4.007291      0.068628
   5920000      4.010455      0.060122
   5940000      4.010682      0.040461
   5960000      4.009524      0.047481
   5980000      4.011258      0.069883
   6000000      3.980523      0.170536
