         0      4.000000      0.000000
     20000      4.025497      0.018636
     40000      4.042819      0.040094
     60000      4.073656      0.034383
     80000      4.096350      0.070276
    100000      4.112801      0.072916
    120000      4.131401      0.077994
    140000      4.137879      0.017854
    160000      4.157736     -0.028642
    180000      4.212574      0.126599
    200000      4.240059      0.125594
    220000      4.259060      0.147421
    240000      4.280637      0.204679
    260000      4.306014      0.217022
    280000      4.297368      0.317156
    300000      4.315143      0.326004
    320000      4.332914      0.329802
    340000      4.364586      0.338847
    360000      4.390344      0.343671
    380000      4.449124      0.287257
    400000      4.462839      0.311722
    420000      4.511906      0.290138
    440000      4.533634      0.291217
    460000      4.557506      0.264404
    480000      4.587134      0.257404
    500000      4.603026      0.312687
    520000      4.622988      0.323083
    540000      4.642890      0.317357
    560000      4.665164      0.373268
    580000      4.691667      0.384729
    600000      4.666067      0.479023
    620000      4.676628      0.507608
    640000      4.708625      0.506738
    660000      4.721990      0.530328
    680000      4.748317      0.546662
    700000      4.759114      0.567953
    720000      4.801007      0.549155
    740000      4.826543      0.555543
    760000      4.845484      0.566858
    780000      4.886304      0.562578
    800000      4.916179      0.559469
    820000      4.936363      0.572987
    840000      4.949012      0.600211
    860000      4.976898      0.601566
    880000      4.990876      0.625224
    900000      5.009243      0.647105
    920000      5.033823      0.660180
    940000      5.073878      0.649996
    960000      5.077088      0.694066
    980000      5.100392      0.705430
   1000000      5.130431      0.700393
   1020000      5.194421      0.632196
   1040000      5.206023      0.656925
   1060000      5.222007      0.703651
   1080000      5.265288      0.699585
   1100000      5.305378      0.647927
   1120000      5.335402      0.664096
   1140000      5.353742      0.681914
   1160000      5.340748      0.802221
   1180000      5.362839      0.806102
   1200000      5.378317      0.847880
   1220000      5.407931      0.856513
   1240000      5.393811      0.916552
   1260000      5.378256      0.969338
   1280000      5.375562      1.012854
   1300000      5.405628      1.018988
   1320000      5.442499      1.018082
   1340000      5.451003      1.041232
   1360000      5.357962      1.154180
   1380000      5.385048      1.174479
   1400000      5.391069      1.184609
   1420000      5.420820      1.191938
   1440000      5.450476      1.199173
   1460000      5.495859      1.189859
   1480000      5.513719      1.195874
   1500000      5.511691      1.236246
   1520000      5.466782      1.308419
   1540000      5.481027      1.337170
   1560000      5.483010      1.362028
   1580000      5.485304      1.385727
   1600000      5.469440      1.415026
   1620000      5.463413      1.433259
   1640000      5.612131      1.421057
   1660000      5.635778      1.424696
   1680000      5.705632      1.383864
   1700000      5.750995      1.373838
   1720000      5.767902      1.369888
   1740000      5.725637      1.494872
   1760000      5.827151      1.393925
   1780000      5.853147      1.398692
   1800000      5.888347      1.378519
   1820000      5.911393      1.371630
   1840000      5.931279      1.380583
   1860000      5.950271      1.405378
   1880000      5.978500      1.384969
   1900000      6.005936      1.360143
   1920000      6.003979      1.299655
   1940000      6.024772      1.293531
   1960000      6.051817      1.275458
   1980000      6.071148      1.258977
   2000000      6.117449      1.299839
   2020000      6.133284      1.256731
   2040000      6.161367      1.259387
   2060000      6.179162      1.260554
   2080000      6.212183      1.270152
   2100000      6.242312      1.278079
   2120000      6.275073      1.279938
   2140000      6.327123      1.312230
   2160000      6.354010      1.291615
   2180000      6.377221      1.258753
   2200000      6.409327      1.273319
   2220000      6.435490      1.242688
   2240000      6.459954      1.311840
   2260000      6.483805      1.364914
   2280000      6.509065      1.340665
   2300000      6.538749      1.352852
   2320000      6.572110      1.321825
   2340000      6.599815      1.313192
   2360000      6.617651      1.256169
   2380000      6.641662      1.258623
   2400000      6.671760      1.262260
   2420000      6.690479      1.263953
   2440000      6.712359      1.271781
   2460000      6.739738      1.369460
   2480000      6.755333      1.388741
   2500000      6.796420      1.359516
   2520000      6.816717      1.329452
   2540000      6.833861      1.328875
   2560000      6.874018      1.375326
   2580000      6.904826      1.380282
   2600000      6.924195      1.414994
   2620000      6.953422      1.414822
   2640000      6.970942      1.442145
   2660000      6.990971      1.438239
   2680000      6.999417      1.453763
   2700000      7.033648      1.451882
   2720000      7.058365      1.455329
   2740000      7.085174      1.450277
   2760000      7.079256      1.527008
   2780000      7.142110      1.442743
   2800000      7.161621      1.454191
   2820000      7.190350      1.490074
   2840000      7.206645      1.493745
   2860000      7.233248      1.491002
   2880000      7.262092      1.479604
   2900000      7.275366      1.490558
   2920000      7.308276      1.491863
   2940000      7.329341      1.500763
   2960000      7.364665      1.501886
   2980000      7.368600      1.572794
   3000000      7.383294      1.619023
   3020000      7.343297      1.697758
   3040000      7.337607      1.735768
   3060000      7.326299      1.768026
   3080000      7.325937      1.784583
   3100000      7.350084      1.811543
   3120000      7.355253      1.841319
   3140000      7.459914      1.829672
   3160000      7.463326      1.850869
   3180000      7.448459      1.886521
   3200000      7.479994      1.897355
   3220000      7.540330      1.897303
   3240000      7.522479      1.961899
   3260000      7.540116      1.981174
   3280000      7.571930      1.980576
   3300000      7.582077      2.005039
   3320000      7.584453      2.034842
   3340000      7.574639      2.060733
   3360000      7.614463      2.077744
   3380000      7.622026      2.112515
   3400000      7.622943      2.153074
   3420000      7.593661      2.199926
   3440000      7.608771      2.229754
   3460000      7.637011      2.244232
   3480000      7.604016      2.285570
   3500000      7.597466      2.316704
   3520000      7.638711      2.323882
   3540000      7.653540      2.348157
   3560000      7.624332      2.395094
   3580000      7.674879      2.410948
   3600000      7.691430      2.423508
   3620000      7.695153      2.450524
   3640000      7.668681      2.468948
   3660000      7.650184      2.489744
   3680000      7.635012      2.531160
   3700000      7.660646      2.553714
   3720000      7.691949      2.560879
   3740000      7.694315      2.607509
   3760000      7.725665      2.624678
   3780000      7.735865      2.647330
   3800000      7.727570      2.680030
   3820000      7.743237      2.699418
   3840000      7.758884      2.728764
   3860000      7.805078      2.738719
   3880000      7.783746      2.780815
   3900000      7.786582      2.814379
   3920000      7.838568      2.829825
   3940000      7.861818      2.852311
   3960000      7.837124      2.880657
   3980000      7.835488      2.911914
   4000000      7.866275      2.937766
   4020000      7.857968      2.957567
   4040000      7.832289      2.977288
   4060000      7.888398      3.002838
   4080000      7.857370      3.042193
   4100000      7.877056      3.064914
   4120000      7.870247      3.090583
   4140000      7.877835      3.107633
   4160000      7.857765      3.138536
   4180000      7.864482      3.160376
   4200000      7.849800      3.181907
   4220000      7.801357      3.209166
   4240000      7.785628      3.232855
   4260000      7.777846      3.261598
   4280000      7.771968      3.287980
   4300000      7.739746      3.312018
   4320000      7.725373      3.330710
   4340000      7.778538      3.366788
   4360000      7.783112      3.386371
   4380000      7.729623      3.414816
   4400000      7.713586      3.438501
   4420000      7.682497      3.447000
   4440000      7.684623      3.465570
   4460000      7.697583      3.500100
   4480000      7.759712      3.550467
   4500000      7.767725      3.572212
   4520000      7.745769      3.587005
   4540000      7.843980      3.607512
   4560000      7.840103      3.632974
   4580000      7.836370      3.653148
   4600000      7.863739      3.680547
   4620000      7.885470      3.698669
   4640000      7.964005      3.700749
   4660000      8.002732      3.700669
   4680000      7.988446      3.737108
   4700000      7.998326      3.754084
   4720000      8.002664      3.776078
   4740000      8.024433      3.783749
   4760000      8.030233      3.809085
   4780000      8.012761      3.846511
   4800000      8.037642      3.864832
   4820000      8.061182      3.878719
   4840000      8.071168      3.902560
   4860000      8.031486      3.953137
   4880000      8.029660      3.997399
   4900000      8.077095      4.013267
   4920000      8.069663      4.039852
   4940000      8.059805      4.055168
   4960000      8.077677      4.072642
   4980000      8.044600      4.098076
   5000000      8.055072      4.109987
   5020000      8.033506      4.123840
   5040000      8.024138      4.134734
   5060000      8.054268      4.163799
   5080000      8.201918      4.184094
   5100000      8.213452      4.213254
   5120000      8.254222      4.226518
   5140000      8.267148      4.250506
   5160000      8.270957      4.283931
   5180000      8.292714      4.295094
   5200000      8.319418      4.302536
   5220000      8.327027      4.325832
   5240000      8.292023      4.373857
   5260000      8.267943      4.410012
   5280000      8.244400      4.442701
   5300000      8.251663      4.474222
   5320000      8.231558      4.502545
   5340000      8.268639      4.519606
   5360000      8.261505      4.551721
   5380000      8.276590      4.571489
   5400000      8.290401      4.587630
   5420000      8.298574      4.610871
   5440000      8.286209      4.636906
   5460000      8.296635      4.667372
   5480000      8.272527      4.687659
   5500000      8.317274      4.709787
   5520000      8.275493      4.754805
   5540000      8.301771      4.774603
   5560000      8.338202      4.795277
   5580000      8.377002      4.805182
   5600000      8.422088      4.802949
   5620000      8.442030      4.819011
   5640000      8.445784      4.847396
   5660000      8.460067      4.863078
   5680000      8.444978      4.885296
   5700000      8.485106      4.900720
   5720000      8.547919      4.892447
   5740000      8.582404      4.896005
   5760000      8.602012      4.907786
   5780000      8.647457      4.880864
   5800000      8.670166      4.905568
   5820000      8.689885      4.920272
   5840000      8.713895      4.940366
   5860000      8.719963      4.974832
   5880000      8.795955      4.935123
   5900000      8.826243      4.932823
   5920000      8.847316      4.932106
   5940000      8.870704      4.946033
   5960000      8.900355      4.946281
   5980000      8.937406      4.925940
   6000000      8.923568      5.018316
   6020000      8.962028      4.979137
   6040000      8.986448      4.984385
   6060000      9.021076      4.991834
   6080000      9.028676      5.044429
   6100000      9.063877      5.043427
   6120000      9.086856      5.058229
   6140000      9.135397      5.013720
   6160000      9.167509      4.993115
   6180000      9.185588      4.976359
   6200000      9.216232      4.974278
   6220000      9.236845      5.001468
   6240000      9.263193      4.982733
   6260000      9.294185      5.000997
   6280000      9.319217      5.006306
   6300000      9.345750      4.995277
   6320000      9.362017      5.034143
   6340000      9.389167      5.010580
   6360000      9.416263      5.015592
   6380000      9.446520      5.003838
   6400000      9.474971      4.973791
   6420000      9.508226      4.979261
   6440000      9.529865      4.975790
   6460000      9.550640      4.963521
   6480000      9.563997      4.942984
   6500000      9.602051      4.951201
   6520000      9.620816      4.928731
   6540000      9.638609      4.910300
   6560000      9.678105      4.953301
   6580000      9.710544      4.960899
   6600000      9.732577      4.940548
   6620000      9.754878      4.927369
   6640000      9.786548      4.935747
   6660000      9.811291      4.934175
   6680000      9.838960      4.926149
   6700000      9.861393      4.926147
   6720000      9.883674      4.918506
   6740000      9.913628      4.924269
   6760000      9.933871      4.893095
   6780000      9.955584      4.902911
   6800000      9.974689      4.896234
   6820000      9.997819      4.997355
   6840000     10.033502      4.965168
   6860000     10.062214      4.972973
   6880000     10.083313      4.999884
   6900000     10.103366      5.015749
   6920000     10.126136      5.014162
   6940000     10.171255      4.923574
   6960000     10.194360      4.896917
   6980000     10.209541      4.913341
   7000000     10.234173      4.925716
   7020000     10.255332      4.909119
   7040000     10.277459      4.880655
   7060000     10.291841      4.857927
   7080000     10.299028      4.810015
   7100000     10.334124      4.804076
   7120000     10.364023      4.802754
   7140000     10.388236      4.779267
   7160000     10.419716      4.775441
   7180000     10.462618      4.787687
   7200000     10.476656      4.782578
   7220000     10.501558      4.757282
   7240000     10.507124      4.726650
   7260000     10.498916      4.682213
   7280000     10.521327      4.681955
   7300000     10.551934      4.661661
   7320000     10.561924      4.632612
   7340000     10.566705      4.609578
   7360000     10.628712      4.630777
   7380000     10.626298      4.579602
   7400000     10.636487      4.543785
   7420000     10.638642      4.516367
   7440000     10.636019      4.482408
   7460000     10.655298      4.466594
   7480000     10.671007      4.453842
   7500000     10.689272      4.432104
   7520000     10.683090      4.394913
   7540000     10.712199      4.396163
   7560000     10.717076      4.365135
   7580000     10.734562      4.335778
   7600000     10.754643      4.320252
   7620000     10.750206      4.287859
   7640000     10.736420      4.250881
   7660000     10.728292      4.209380
   7680000     10.756620      4.194935
   7700000     10.782609      4.188340
   7720000     10.768605      4.157880
   7740000     10.733750      4.127796
   7760000     10.755406      4.104492
   7780000     10.720750      4.077517
   7800000     10.717541      4.053357
   7820000     10.718076      4.036550
   7840000     10.694720      4.013131
   7860000     10.738261      3.992103
   7880000     10.764349      3.976703
   7900000     10.766506      3.954274
   7920000     10.699292      3.912389
   7940000     10.659023      3.900066
   7960000     10.660929      3.870177
   7980000     10.677007      3.842561
   8000000     10.655300      3.827925
   8020000     10.676553      3.783141
   8040000     10.697365      3.751795
   8060000     10.712393      3.733851
   8080000     10.642924      3.720437
   8100000     10.657200      3.685763
   8120000     10.614846      3.668447
   8140000     10.588809      3.651400
   8160000     10.595822      3.625620
   8180000     10.605551      3.597123
   8200000     10.590585      3.576498
   8220000     10.556127      3.568150
   8240000     10.530882      3.545270
   8260000     10.491138      3.549614
   8280000     10.461369      3.533295
   8300000     10.469450      3.489380
   8320000     10.476061      3.457341
   8340000     10.443916      3.445472
   8360000     10.428036      3.433314
   8380000     10.384411      3.451307
   8400000     10.364312      3.428973
   8420000     10.349167      3.394197
   8440000     10.342212      3.361104
   8460000     10.297227      3.373689
   8480000     10.277176      3.369403
   8500000     10.254835      3.350688
   8520000     10.235242      3.328989
   8540000     10.205427      3.329998
   8560000     10.174912      3.329710
   8580000     10.173468      3.281849
   8600000     10.138194      3.326279
   8620000     10.099361      3.341629
   8640000     10.082991      3.321097
   8660000     10.057741      3.304431
   8680000     10.026453      3.326153
   8700000     10.000443      3.312876
   8720000      9.985781      3.309585
   8740000      9.970064      3.306272
   8760000      9.954643      3.274107
   8780000      9.911032      3.295677
   8800000      9.889459      3.312705
   8820000      9.854128      3.309167
   8840000      9.828147      3.350406
   8860000      9.800073      3.351785
   8880000      9.782051      3.348965
   8900000      9.745757      3.303277
   8920000      9.728790      3.337553
   8940000      9.725431      3.372626
   8960000      9.708480      3.420977
   8980000      9.691918      3.461060
   9000000      9.633256      3.454530
   9020000      9.608470      3.471730
   9040000      9.577331      3.466252
   9060000      9.536224      3.454319
   9080000      9.508439      3.449920
   9100000      9.487796      3.423041
   9120000      9.472797      3.441329
   9140000      9.453372      3.437627
   9160000      9.435513      3.490637
   9180000      9.388048      3.425306
   9200000      9.365407      3.466040
   9220000      9.344435      3.472155
   9240000      9.313420      3.453061
   9260000      9.270388      3.354210
   9280000      9.234722      3.398965
   9300000      9.212941      3.426444
   9320000      9.205998      3.279745
   9340000      9.210924      3.147530
   9360000      9.133557      3.442815
   9380000      9.104761      3.412931
   9400000      9.084276      3.451132
   9420000      9.130738      3.684370
   9440000      9.066276      3.574858
   9460000      9.021025      3.522456
   9480000      8.998930      3.521702
   9500000      8.940926      3.228744
   9520000      8.904349      3.353036
   9540000      8.907522      3.200106
   9560000      8.953869      3.006361
   9580000      8.881856      3.167882
   9600000      8.844226      3.119127
   9620000      8.826574      3.169987
   9640000      8.762171      3.288129
   9660000      8.788567      3.621974
   9680000      8.710332      3.291134
   9700000      8.670411      3.480438
   9720000      8.639622      3.496536
   9740000      8.605076      3.580761
   9760000      8.609892      3.334754
   9780000      8.592196      3.747725
   9800000      8.561343      3.710605
   9820000      8.503959      3.578099
   9840000      8.533574      3.780437
   9860000      8.484100      3.772004
   9880000      8.479851      3.488592
   9900000      8.476836      3.833419
   9920000      8.666193      3.997484
   9940000      8.442503      4.031999
   9960000      8.360974      3.804018
   9980000      8.320547      3.505429
  10000000      8.261446      3.509126
