         0      4.000000      0.000000
     20000      4.021754     -0.218855
     40000      4.121027     -0.029121
     60000      4.146976      0.263217
     80000      4.233122     -0.157543
    100000      4.311557      0.119734
    120000      4.344802      0.233488
    140000      4.419466      0.107657
    160000      4.483748      0.183246
    180000      4.590411      0.088214
    200000      4.625466     -0.157761
    220000      4.703683     -0.016901
    240000      4.736762      0.053486
    260000      4.808511     -0.204026
    280000      4.864273     -0.171935
    300000      4.940991     -0.149552
    320000      5.000091     -0.218038
    340000      5.041774     -0.044060
    360000      5.086066     -0.244904
    380000      5.153958     -0.148341
    400000      5.232623     -0.170078
    420000      5.280132     -0.051398
    440000      5.315468     -0.148167
    460000      5.362544     -0.367134
    480000      5.458171     -0.235343
    500000      5.539612     -0.251373
    520000      5.615676     -0.365656
    540000      5.703146     -0.016614
    560000      5.759501     -0.310011
    580000      5.805278     -0.022802
    600000      5.870060     -0.093477
    620000      5.911842     -0.011080
    640000      5.999619     -0.139343
    660000      6.111662     -0.336941
    680000      6.200620     -0.298505
    700000      6.185588     -0.349164
    720000      6.237555     -0.545686
    740000      6.303375      0.018049
    760000      6.352474      0.130493
    780000      6.511668     -0.286431
    800000      6.597415      0.020520
    820000      6.525956     -0.043128
    840000      6.795723      0.339448
    860000      6.787641      0.566034
    880000      6.617338      0.837530
    900000      6.906358      0.472990
    920000      6.911614      0.411133
    940000      6.995393      0.508883
    960000      7.004503      0.680618
    980000      7.064166      0.583916
   1000000      7.056118      0.798640
   1020000      6.997888      1.024615
   1040000      7.107160      1.019973
   1060000      7.143775      1.054101
   1080000      7.214500      1.060213
   1100000      7.032342      1.260401
   1120000      7.272715      1.185326
   1140000      7.265822      1.301789
   1160000      7.442424      1.182685
   1180000      7.456332      1.293577
   1200000      7.494224      1.334356
   1220000      7.726490      1.062968
   1240000      7.820952      0.980277
   1260000      7.863553      1.006234
   1280000      7.941398      0.936221
   1300000      7.977948      1.037269
   1320000      8.005950      1.237952
   1340000      8.057815      1.249335
   1360000      8.156277      1.136446
   1380000      8.004994      1.546513
   1400000      8.134973      1.469798
   1420000      8.204581      1.492140
   1440000      8.213147      1.600906
   1460000      8.301987      1.578844
   1480000      8.240422      1.806854
   1500000      8.313140      1.805615
   1520000      8.360036      1.827925
   1540000      8.488963      1.665272
   1560000      8.274280      1.988180
   1580000      8.436656      1.841466
   1600000      8.016227      2.250235
   1620000      8.414888      1.921507
   1640000      8.599651      1.744732
   1660000      8.471122      2.168656
   1680000      8.446056      2.288894
   1700000      8.513452      2.273943
   1720000      8.431882      2.442746
   1740000      8.370008      2.566289
   1760000      8.291496      2.658163
   1780000      8.201674      2.783228
   1800000      8.448473      2.733889
   1820000      8.540279      2.810955
   1840000      8.711135      2.739233
   1860000      8.670579      2.880641
   1880000      8.423930      3.017072
   1900000      8.487556      3.000316
   1920000      8.789293      2.940139
   1940000      8.679542      2.885680
   1960000      8.828198      2.770290
   1980000      9.204296      2.524370
   2000000      9.032881      2.842899
   2020000      9.181509      2.863619
   2040000      9.296580      2.893886
   2060000      9.350050      2.922297
   2080000      9.393292      2.931501
   2100000      9.216139      3.157065
   2120000      9.350078      3.112607
   2140000      9.349766      3.198186
   2160000      9.402662      3.214776
   2180000      9.442115      3.233212
   2200000      9.469098      3.292291
   2220000      9.457392      3.422916
   2240000      9.540532      3.412852
   2260000      9.604434      3.444770
   2280000      9.575362      3.538305
   2300000      9.331421      3.771835
   2320000      9.701654      3.563295
   2340000      9.649666      3.697470
   2360000      9.766962      3.699142
   2380000      9.852885      3.711026
   2400000      9.943871      3.582403
   2420000      9.786980      3.940543
   2440000      9.880116      3.920949
   2460000      9.938155      3.966055
   2480000     10.059577      3.929557
   2500000     10.087180      3.987996
   2520000     10.197690      3.888204
   2540000     10.187810      4.087587
   2560000     10.002309      4.361880
   2580000      9.838124      4.504364
   2600000     10.078290      4.491696
   2620000     10.185955      4.439838
   2640000     10.247558      4.494463
   2660000     10.451161      4.351456
   2680000     10.388410      4.514287
   2700000     10.377711      4.599185
   2720000     10.586369      4.452443
   2740000     10.551367      4.614739
   2760000     10.378132      4.852585
   2780000     10.424463      4.889930
   2800000     10.658059      4.757113
   2820000     10.433141      4.974333
   2840000     10.541052      4.982085
   2860000     10.541520      5.061310
   2880000     10.467350      5.187949
   2900000     10.235205      5.145112
   2920000      9.941079      5.326850
   2940000     10.366112      5.255248
   2960000     10.823831      5.212984
   2980000     10.792983      5.247314
   3000000     10.711999      5.492217
   3020000     10.747987      5.441570
   3040000     10.685579      5.358275
   3060000     10.546238      5.574020
   3080000     10.559198      5.591283
   3100000     10.097190      5.890691
   3120000      9.981195      6.009121
   3140000      9.793611      6.038938
   3160000      9.982807      6.157271
   3180000      9.778209      6.246458
   3200000      9.730209      6.311594
   3220000      9.710100      6.381228
   3240000      9.429760      6.297632
   3260000      9.411482      6.355754
   3280000      9.696494      6.548245
   3300000      9.880932      6.629054
   3320000      9.823877      6.684688
   3340000      9.881800      6.722570
   3360000      9.854803      6.808385
   3380000      9.974417      6.860256
   3400000     10.012463      6.892783
   3420000      9.790084      6.934873
   3440000      9.838455      7.017158
   3460000     10.137101      7.036002
   3480000     10.095612      7.113413
   3500000      9.974875      7.191749
   3520000      9.894396      7.244241
   3540000     10.021290      7.298887
   3560000      9.900694      7.365494
   3580000      9.847730      7.408565
   3600000      9.734680      7.422033
   3620000      9.728546      7.498845
   3640000      9.776948      7.554722
   3660000      9.463442      7.558414
   3680000      9.684450      7.647019
   3700000      9.478218      7.712532
   3720000      9.450433      7.764941
   3740000      9.297058      7.743648
   3760000      9.408080      7.888063
   3780000      9.646115      8.024145
   3800000      9.657396      8.097399
   3820000      9.624014      8.137234
   3840000      9.596079      8.185255
   3860000      9.935439      8.273290
   3880000     10.063184      8.286026
   3900000     10.087622      8.306193
   3920000     10.037230      8.421514
   3940000     10.095576      8.480311
   3960000     10.185514      8.460866
   3980000      9.641789      8.699360
   4000000      9.682609      8.774047
   4020000      9.707873      8.811177
   4040000      9.663159      8.877501
   4060000      9.594339      8.970448
   4080000      9.813808      9.017524
   4100000      9.657637      9.118341
   4120000      9.673553      9.165875
   4140000      9.670958      9.220726
   4160000      9.608223      9.297455
   4180000      9.558801      9.351513
   4200000      9.744441      9.424238
   4220000      9.720478      9.469093
   4240000      9.749196      9.539347
   4260000      9.819085      9.573663
   4280000      9.655736      9.690718
   4300000      9.886090      9.760948
   4320000      9.909510      9.831103
   4340000     10.058435      9.865872
   4360000     10.000393      9.933333
   4380000      9.990985      9.988905
   4400000     10.174704      9.963294
   4420000     10.207157     10.042471
   4440000     10.173362     10.134378
   4460000     10.095667     10.281446
   4480000     10.016703     10.369140
   4500000     10.170948     10.364246
   4520000      9.904365     10.521739
   4540000     10.124046     10.507833
   4560000      9.948052     10.595058
   4580000     10.149412     10.600236
   4600000      9.994177     10.731269
   4620000     10.175615     10.785371
   4640000     10.214181     10.782840
   4660000     10.044844     10.964807
   4680000     10.186037     10.988565
   4700000     10.224106     11.026835
   4720000     10.069498     11.141852
   4740000      9.855190     11.184384
   4760000     10.144215     11.286930
   4780000      9.867396     11.394469
   4800000     10.047320     11.418952
   4820000     10.079328     11.340994
   4840000     10.083448     11.376341
   4860000      9.648797     11.515653
   4880000      9.369294     11.614703
   4900000      9.158348     11.695105
   4920000      9.288656     11.736686
   4940000      9.108756     11.847681
   4960000      9.015710     11.879171
   4980000      9.500681     12.001451
   5000000      9.357728     12.081137
   5020000      9.526937     12.083593
   5040000      9.478504     12.195142
   5060000      9.347900     12.200470
   5080000      9.365637     12.265324
   5100000      9.247039     12.368599
   5120000      9.262387     12.464764
   5140000      9.295510     12.533578
   5160000      9.324899     12.582934
   5180000      9.053489     12.570037
   5200000      9.042413     12.638693
   5220000      9.404913     12.680070
   5240000      9.232605     12.798859
   5260000      9.418345     12.868828
   5280000      9.170191     12.900899
   5300000      9.152348     12.946128
   5320000      9.232851     12.947902
   5340000      9.111719     13.008064
   5360000      9.155207     13.018008
   5380000      9.015869     13.155942
   5400000      9.272607     13.095551
   5420000      9.299134     13.223300
   5440000      9.662241     13.188127
   5460000      9.600749     13.124201
   5480000      9.600681     13.260417
   5500000      9.771054     13.309646
   5520000      9.850876     13.165786
   5540000     10.022037     13.283453
   5560000     10.315389     12.974421
   5580000     10.199458     13.105430
   5600000      9.816832     13.070654
   5620000      9.728234     13.080638
   5640000      9.974702     13.053145
   5660000     10.063273     13.043851
   5680000     10.000881     12.859988
   5700000      9.779433     12.961170
   5720000      9.642697     12.973201
   5740000      9.800116     12.927541
   5760000      9.731500     12.822100
   5780000      9.682602     12.545287
   5800000     10.127032     12.536533
   5820000     10.172832     12.464741
   5840000     10.076680     12.391993
   5860000     10.145645     12.377581
   5880000     10.047337     12.604359
   5900000     10.414018     12.463006
   5920000     10.482386     12.157677
   5940000     10.517230     12.007188
   5960000     10.459625     12.230594
   5980000     10.395121     12.355202
   6000000     10.570756     12.149998
