         0      4.000000      0.000000
     20000      4.004090     -0.053486
     40000      4.016103     -0.019834
     60000      4.016514     -0.002188
     80000      4.029577      0.017458
    100000      4.062193     -0.031702
    120000      4.092230      0.022008
    140000      4.114755      0.033307
    160000      4.155597      0.050513
    180000      4.177440      0.028722
    200000      4.192376     -0.023585
    220000      4.214216     -0.108782
    240000      4.259216     -0.145725
    260000      4.297306     -0.166304
    280000      4.332367     -0.201146
    300000      4.368541     -0.189689
    320000      4.393148     -0.138625
    340000      4.402823     -0.285470
    360000      4.457374     -0.221348
    380000      4.485966     -0.229004
    400000      4.514879     -0.265254
    420000      4.582695      0.124220
    440000      4.614930      0.152385
    460000      4.641123      0.103485
    480000      4.658882      0.163714
    500000      4.704182      0.016086
    520000      4.702407     -0.120875
    540000      4.756306     -0.069713
    560000      4.768927     -0.097672
    580000      4.795683     -0.105307
    600000      4.818789     -0.135304
    620000      4.861599     -0.121051
    640000      4.913036     -0.097536
    660000      4.964223     -0.005973
    680000      4.989126     -0.076437
    700000      4.974488     -0.202310
    720000      5.038285     -0.093477
    740000      5.073543      0.101889
    760000      5.109071     -0.049619
    780000      5.133190     -0.193168
    800000      5.144044     -0.121280
    820000      5.151837     -0.284676
    840000      5.273907     -0.042561
    860000      5.304849     -0.121376
    880000      5.336282     -0.125060
    900000      5.364487     -0.127118
    920000      5.399144     -0.132010
    940000      5.409501     -0.111923
    960000      5.464955     -0.101058
    980000      5.493790     -0.017387
   1000000      5.516736     -0.014469
   1020000      5.563066     -0.053496
   1040000      5.581876     -0.150921
   1060000      5.603951      0.061499
   1080000      5.674057     -0.069885
   1100000      5.704094      0.059105
   1120000      5.740976      0.039064
   1140000      5.764324      0.012535
   1160000      5.780211      0.090595
   1180000      5.811769      0.169241
   1200000      5.805407      0.287411
   1220000      5.799135      0.377005
   1240000      5.905067      0.221804
   1260000      5.941419      0.241307
   1280000      5.881318      0.404233
   1300000      5.968838      0.379168
   1320000      6.001181      0.380230
   1340000      6.054371      0.359582
   1360000      6.028034      0.447532
   1380000      6.013147      0.501009
   1400000      6.138914      0.360623
   1420000      6.207022      0.295894
   1440000      6.164520      0.454060
   1460000      6.229706      0.378388
   1480000      6.253268      0.396713
   1500000      6.258188      0.468432
   1520000      6.299135      0.455705
   1540000      6.335651      0.440551
   1560000      6.374344      0.464546
   1580000      6.403950      0.500111
   1600000      6.471874      0.460301
   1620000      6.500981      0.493266
   1640000      6.524031      0.478915
   1660000      6.581290      0.368393
   1680000      6.617222      0.399533
   1700000      6.658558      0.360904
   1720000      6.674238      0.462275
   1740000      6.717306      0.451711
   1760000      6.743794      0.497107
   1780000      6.776666      0.456328
   1800000      6.803847      0.520781
   1820000      6.833331      0.561197
   1840000      6.900992      0.442826
   1860000      6.916232      0.521517
   1880000      6.956723      0.509748
   1900000      6.990010      0.524755
   1920000      7.000469      0.574559
   1940000      7.026646      0.603900
   1960000      7.043808      0.627511
   1980000      7.078633      0.633071
   2000000      7.141844      0.531349
   2020000      7.143744      0.640653
   2040000      7.109153      0.770999
   2060000      7.142676      0.780526
   2080000      7.178629      0.775450
   2100000      7.211836      0.763055
   2120000      7.236279      0.829573
   2140000      7.252556      0.887288
   2160000      7.293724      0.858053
   2180000      7.301112      0.946551
   2200000      7.338933      0.969634
   2220000      7.291714      1.087076
   2240000      7.431832      0.954852
   2260000      7.460842      0.940800
   2280000      7.464591      1.009897
   2300000      7.455700      1.061062
   2320000      7.458395      1.104850
   2340000      7.375710      1.187662
   2360000      7.486261      1.143752
   2380000      7.533976      1.088583
   2400000      7.599014      1.068209
   2420000      7.588559      1.161490
   2440000      7.599859      1.193252
   2460000      7.606257      1.234946
   2480000      7.619569      1.280577
   2500000      7.658912      1.273104
   2520000      7.748533      1.238985
   2540000      7.784222      1.252504
   2560000      7.788244      1.282049
   2580000      7.821629      1.282535
   2600000      7.839527      1.295329
   2620000      7.845757      1.319564
   2640000      7.926020      1.305449
   2660000      7.942495      1.335929
   2680000      7.996472      1.320987
   2700000      7.984127      1.371724
   2720000      8.039676      1.356678
   2740000      8.114596      1.289156
   2760000      8.120240      1.357264
   2780000      8.172801      1.370669
   2800000      8.251797      1.316526
   2820000      8.247183      1.366085
   2840000      8.347203      1.257052
   2860000      8.371586      1.274186
   2880000      8.361272      1.370503
   2900000      8.346766      1.421865
   2920000      8.434917      1.354122
   2940000      8.469558      1.364668
   2960000      8.503722      1.371669
   2980000      8.541040      1.382430
   3000000      8.538321      1.440648
   3020000      8.577329      1.435500
   3040000      8.565878      1.493234
   3060000      8.649563      1.443015
   3080000      8.657309      1.500932
   3100000      8.725944      1.452732
   3120000      8.702289      1.538644
   3140000      8.708339      1.596096
   3160000      8.701237      1.633160
   3180000      8.707816      1.668982
   3200000      8.801536      1.629774
   3220000      8.802782      1.684525
   3240000      8.817329      1.712653
   3260000      8.861385      1.710464
   3280000      8.823852      1.783242
   3300000      8.853481      1.798051
   3320000      8.869731      1.814745
   3340000      8.872396      1.862281
   3360000      8.875178      1.894644
   3380000      8.921032      1.911678
   3400000      8.954227      1.932735
   3420000      8.968588      1.956671
   3440000      8.917716      2.019934
   3460000      8.980898      2.006026
   3480000      9.039889      2.003700
   3500000      9.087478      2.018473
   3520000      9.106247      2.040107
   3540000      9.126666      2.065298
   3560000      9.155009      2.074655
   3580000      9.144438      2.132806
   3600000      9.181736      2.130188
   3620000      9.211760      2.135156
   3640000      9.231811      2.153666
   3660000      9.184177      2.237687
   3680000      9.233306      2.245566
   3700000      9.227504      2.303361
   3720000      9.245521      2.327974
   3740000      9.343029      2.295634
   3760000      9.332786      2.341943
   3780000      9.358603      2.355378
   3800000      9.394516      2.339416
   3820000      9.377931      2.407704
   3840000      9.363145      2.461131
   3860000      9.525125      2.360156
   3880000      9.518967      2.433853
   3900000      9.465664      2.527341
   3920000      9.628923      2.424329
   3940000      9.621190      2.484839
   3960000      9.656041      2.469973
   3980000      9.819266      2.130020
   4000000      9.780118      2.364706
   4020000      9.822463      2.342987
   4040000      9.854338      2.314876
   4060000      9.880994      2.335110
   4080000      9.921901      2.304670
   4100000      9.952671      2.268161
   4120000      9.953001      2.430397
   4140000      9.988583      2.421747
   4160000     10.035677      2.335535
   4180000     10.028268      2.493265
   4200000     10.039399      2.511548
   4220000     10.102643      2.499809
   4240000     10.102217      2.548080
   4260000     10.106778      2.579498
   4280000     10.119578      2.626291
   4300000     10.195830      2.572318
   4320000     10.186302      2.619939
   4340000     10.210749      2.630319
   4360000     10.247518      2.626941
   4380000     10.273390      2.633858
   4400000     10.257634      2.685834
   4420000     10.272904      2.702287
   4440000     10.424147      2.531746
   4460000     10.462180      2.290303
   4480000     10.444287      2.417443
   4500000     10.450928      2.724355
   4520000     10.574310      2.590857
   4540000     10.603097      2.543861
   4560000     10.638401      2.504169
   4580000     10.642190      2.658456
   4600000     10.711646      2.538329
   4620000     10.759581      2.496920
   4640000     10.792057      2.415028
   4660000     10.816553      2.511099
   4680000     10.854270      2.332659
   4700000     10.871848      2.404786
   4720000     10.901550      2.545163
   4740000     10.942689      2.518097
   4760000     10.961750      2.516050
   4780000     10.999979      2.525980
   4800000     11.036783      2.519296
   4820000     11.070589      2.514479
   4840000     11.114429      2.438521
   4860000     11.134585      2.453186
   4880000     11.146539      2.460653
   4900000     11.144507      2.555668
   4920000     11.200701      2.494653
   4940000     11.226312      2.460129
   4960000     11.256252      2.467429
   4980000     11.265162      2.527165
   5000000     11.262536      2.585448
   5020000     11.287299      2.607719
   5040000     11.309435      2.630745
   5060000     11.452120      2.393366
   5080000     11.491498      2.323356
   5100000     11.531817      2.374500
   5120000     11.552483      2.224785
   5140000     11.590265      2.259929
   5160000     11.604267      2.199982
   5180000     11.653069      2.299415
   5200000     11.675204      2.270271
   5220000     11.705537      2.295178
   5240000     11.725237      2.383162
   5260000     11.725016      2.498790
   5280000     11.733273      2.551729
   5300000     11.771174      2.563752
   5320000     11.825034      2.515363
   5340000     11.865973      2.503109
   5360000     11.903647      2.479902
   5380000     11.935166      2.487721
   5400000     11.948562      2.568780
   5420000     11.975729      2.575275
   5440000     11.992575      2.622549
   5460000     12.042913      2.589041
   5480000     12.075273      2.615891
   5500000     12.090827      2.651180
   5520000     12.142084      2.540816
   5540000     12.186902      2.452867
   5560000     12.198172      2.597775
   5580000     12.222019      2.620077
   5600000     12.238501      2.658902
   5620000     12.260735      2.686084
   5640000     12.258935      2.748250
   5660000     12.296977      2.740919
   5680000     12.336444      2.721244
   5700000     12.311402      2.816360
   5720000     12.342587      2.831207
   5740000     12.282726      2.931534
   5760000     12.290337      2.948251
   5780000     12.447022      2.845472
   5800000     12.493032      2.842829
   5820000     12.537022      2.780938
   5840000     12.548190      2.895232
   5860000     12.590445      2.892336
   5880000     12.595625      2.951501
   5900000     12.615473      2.982666
   5920000     12.662095      2.971344
   5940000     12.685081      2.987089
   5960000     12.676962      3.032155
   5980000     12.724292      3.024059
   6000000     12.731714      3.051663
   6020000     12.810770      3.018110
   6040000     12.837681      3.037691
   6060000     12.859609      3.057116
   6080000     12.825154      3.116007
   6100000     12.860639      3.123259
   6120000     12.844997      3.152485
   6140000     12.840253      3.203167
   6160000     12.919998      3.186715
   6180000     12.926926      3.214411
   6200000     12.802250      3.308931
   6220000     12.811832      3.339370
   6240000     12.814951      3.366983
   6260000     13.278088      2.901305
   6280000     13.273067      2.993624
   6300000     13.315287      2.967160
   6320000     13.367804      2.911902
   6340000     13.387351      2.908536
   6360000     13.420488      2.814878
   6380000     13.309935      3.219389
   6400000     13.338750      3.233243
   6420000     13.346220      3.250082
   6440000     13.460178      3.183101
   6460000     13.428343      3.270653
   6480000     13.466339      3.280628
   6500000     13.484294      3.290051
   6520000     13.378428      3.431437
   6540000     13.430861      3.430731
   6560000     13.569407      3.345482
   6580000     13.608728      3.369076
   6600000     13.633741      3.373634
   6620000     13.640019      3.409258
   6640000     13.540325      3.543084
   6660000     13.524437      3.591937
   6680000     13.590549      3.576471
   6700000     13.593184      3.597820
   6720000     13.584799      3.635951
   6740000     13.616680      3.650157
   6760000     13.671594      3.643505
   6780000     13.670690      3.691905
   6800000     13.569067      3.763602
   6820000     13.713754      3.731354
   6840000     13.734848      3.761353
   6860000     13.754786      3.795180
   6880000     13.756941      3.818810
   6900000     13.748431      3.861839
   6920000     13.767161      3.888112
   6940000     13.788130      3.912108
   6960000     13.738937      3.963788
   6980000     13.781516      3.964315
   7000000     13.739713      4.022313
   7020000     13.725749      4.052544
   7040000     13.651224      4.100107
   7060000     13.445520      4.171170
   7080000     13.508488      4.202151
   7100000     13.526775      4.229180
   7120000     13.453949      4.254534
   7140000     13.460306      4.285742
   7160000     13.469933      4.326567
   7180000     13.439355      4.364938
   7200000     13.434392      4.396352
   7220000     13.196523      4.361888
   7240000     13.277120      4.434554
   7260000     13.170033      4.424614
   7280000     13.120980      4.414669
   7300000     13.114342      4.441424
   7320000     13.164253      4.526177
   7340000     13.112435      4.529256
   7360000     13.118738      4.577026
   7380000     13.055451      4.560416
   7400000     13.106922      4.645012
   7420000     13.062250      4.657979
   7440000     13.048747      4.692846
   7460000     13.073475      4.744893
   7480000     13.065441      4.782271
   7500000     12.992371      4.760806
   7520000     13.006686      4.778201
   7540000     12.796265      4.667104
   7560000     12.837526      4.759496
   7580000     12.909761      4.826613
   7600000     12.901895      4.862832
   7620000     12.874459      4.901775
   7640000     12.845071      4.927887
   7660000     12.857330      4.945852
   7680000     12.743638      4.931846
   7700000     12.688335      4.922171
   7720000     12.702731      4.979901
   7740000     12.717913      5.029577
   7760000     12.794863      5.113439
   7780000     12.782902      5.137219
   7800000     12.702036      5.148136
   7820000     12.705377      5.205650
   7840000     12.699232      5.231032
   7860000     12.678341      5.255959
   7880000     12.645557      5.266736
   7900000     12.590794      5.274853
   7920000     12.575229      5.300110
   7940000     12.629279      5.371151
   7960000     12.614073      5.384126
   7980000     12.676694      5.442177
   8000000     12.638362      5.464645
   8020000     12.667680      5.478932
   8040000     12.696470      5.507561
   8060000     12.601861      5.535560
   8080000     12.598918      5.574901
   8100000     12.577030      5.607087
   8120000     12.577466      5.651220
   8140000     12.566436      5.685411
   8160000     12.493657      5.694138
   8180000     12.436315      5.710243
   8200000     12.453928      5.743403
   8220000     12.340452      5.731628
   8240000     12.357527      5.794795
   8260000     12.316265      5.767133
   8280000     12.303655      5.800997
   8300000     12.382928      5.902540
   8320000     12.369275      5.933965
   8340000     12.303151      5.929349
   8360000     12.331821      5.988228
   8380000     12.312408      6.006148
   8400000     12.318163      6.059639
   8420000     12.451984      6.137610
   8440000     12.484617      6.158071
   8460000     12.456316      6.185210
   8480000     12.452891      6.216098
   8500000     12.477009      6.239602
   8520000     12.520168      6.255317
   8540000     12.408030      6.303249
   8560000     12.447029      6.325335
   8580000     12.390572      6.351806
   8600000     12.476209      6.396064
   8620000     12.256762      6.384711
   8640000     12.175845      6.341844
   8660000     12.168823      6.433875
   8680000     12.142423      6.455508
   8700000     12.268908      6.528550
   8720000     12.096584      6.502596
   8740000     12.040350      6.506266
   8760000     12.064176      6.561969
   8780000     12.007430      6.567289
   8800000     12.093910      6.651617
   8820000     12.065936      6.669452
   8840000     11.985838      6.666081
   8860000     12.080111      6.745653
   8880000     12.084618      6.771144
   8900000     12.038409      6.791289
   8920000     12.100866      6.856291
   8940000     12.088804      6.881769
   8960000     12.163282      6.920984
   8980000     12.192057      6.952278
   9000000     12.191666      6.987168
   9020000     12.236700      7.012992
   9040000     12.192288      7.045328
   9060000     12.176135      7.080025
   9080000     12.188922      7.122482
   9100000     12.179969      7.146180
   9120000     12.176814      7.177849
   9140000     12.180829      7.197807
   9160000     12.160088      7.231562
   9180000     11.826093      7.139498
   9200000     12.131211      7.240988
   9220000     12.162618      7.313793
   9240000     12.014965      7.320162
   9260000     12.008974      7.342804
   9280000     11.927562      7.362294
   9300000     11.858351      7.365364
   9320000     11.831798      7.386630
   9340000     11.880718      7.443445
   9360000     11.930180      7.477702
   9380000     11.838255      7.483625
   9400000     11.731901      7.461487
   9420000     11.732099      7.478070
   9440000     11.707184      7.487823
   9460000     11.998350      7.683404
   9480000     11.904445      7.692788
   9500000     11.785486      7.656426
   9520000     11.716585      7.673636
   9540000     11.727500      7.710395
   9560000     11.745814      7.761108
   9580000     11.752359      7.801918
   9600000     11.618307      7.735845
   9620000     11.618166      7.782506
   9640000     11.692941      7.873866
   9660000     11.682044      7.896105
   9680000     11.782434      7.999165
   9700000     11.776005      8.025583
   9720000     11.746084      8.042308
   9740000     11.728935      8.072640
   9760000     11.725175      8.106483
   9780000     11.705924      8.110754
   9800000     11.719690      8.148648
   9820000     11.706373      8.186955
   9840000     11.646035      8.207247
   9860000     11.653710      8.242800
   9880000     11.653928      8.259442
   9900000     11.876963      8.372019
   9920000     11.790615      8.390454
   9940000     11.775649      8.415092
   9960000     11.948793      8.456270
   9980000     11.759184      8.497784
  10000000     11.798995      8.529999
