         0      4.000000      0.000000
     20000      4.012826     -0.010149
     40000      4.022751     -0.032650
     60000      4.034080     -0.025670
     80000      4.040694     -0.008713
    100000      4.050062     -0.005326
    120000      4.061646     -0.006158
    140000      4.070647     -0.015382
    160000      4.080184     -0.022933
    180000      4.086967      0.011591
    200000      4.105332      0.001456
    220000      4.113553     -0.007008
    240000      4.121074     -0.027758
    260000      4.128620     -0.035264
    280000      4.140767     -0.036841
    300000      4.151262     -0.020184
    320000      4.160970     -0.046273
    340000      4.169205     -0.030060
    360000      4.175191     -0.043975
    380000      4.185187     -0.048939
    400000      4.198068     -0.048135
    420000      4.207428     -0.064140
    440000      4.215989     -0.065579
    460000      4.225102     -0.057445
    480000      4.228581     -0.064737
    500000      4.235539     -0.105118
    520000      4.243113     -0.109910
    540000      4.243919     -0.134452
    560000      4.251543     -0.134824
    580000      4.260891     -0.142927
    600000      4.269884     -0.146260
    620000      4.280279     -0.157684
    640000      4.278958     -0.181539
    660000      4.279252     -0.196129
    680000      4.290667     -0.200020
    700000      4.287480     -0.211811
    720000      4.288875     -0.207265
    740000      4.295883     -0.213642
    760000      4.301355     -0.219290
    780000      4.306120     -0.225590
    800000      4.319417     -0.234364
    820000      4.331155     -0.228656
    840000      4.329091     -0.243444
    860000      4.336557     -0.247696
    880000      4.328125     -0.261216
    900000      4.335895     -0.277637
    920000      4.350747     -0.274804
    940000      4.369247     -0.279258
    960000      4.364365     -0.296397
    980000      4.380402     -0.296298
   1000000      4.403628     -0.297267
   1020000      4.422208     -0.298229
   1040000      4.412485     -0.324553
   1060000      4.412424     -0.337131
   1080000      4.423598     -0.333368
   1100000      4.432936     -0.341332
   1120000      4.449222     -0.341723
   1140000      4.463889     -0.342703
   1160000      4.470524     -0.349234
   1180000      4.482105     -0.355720
   1200000      4.500451     -0.350650
   1220000      4.508837     -0.353809
   1240000      4.528128     -0.342041
   1260000      4.538689     -0.347737
   1280000      4.537802     -0.363266
   1300000      4.549084     -0.372604
   1320000      4.548928     -0.386200
   1340000      4.554747     -0.386603
   1360000      4.576503     -0.374718
   1380000      4.572828     -0.392044
   1400000      4.572223     -0.412952
   1420000      4.573357     -0.429043
   1440000      4.579558     -0.442098
   1460000      4.608968     -0.418774
   1480000      4.635965     -0.377596
   1500000      4.651232     -0.386691
   1520000      4.659023     -0.397461
   1540000      4.666164     -0.405220
   1560000      4.677137     -0.404871
   1580000      4.683681     -0.402596
   1600000      4.695824     -0.417688
   1620000      4.693240     -0.441202
   1640000      4.701596     -0.463449
   1660000      4.709903     -0.457493
   1680000      4.705761     -0.476281
   1700000      4.704129     -0.507847
   1720000      4.721366     -0.507002
   1740000      4.739329     -0.504984
   1760000      4.735512     -0.525445
   1780000      4.743461     -0.531517
   1800000      4.755594     -0.530598
   1820000      4.765300     -0.521827
   1840000      4.779890     -0.512134
   1860000      4.789226     -0.513833
   1880000      4.803373     -0.517648
   1900000      4.813926     -0.523744
   1920000      4.824094     -0.526886
   1940000      4.841715     -0.519219
   1960000      4.840487     -0.535022
   1980000      4.850239     -0.538012
   2000000      4.863870     -0.540737
   2020000      4.870514     -0.545712
   2040000      4.862459     -0.593338
   2060000      4.862746     -0.614365
   2080000      4.881852     -0.615724
   2100000      4.886489     -0.623590
   2120000      4.883537     -0.653578
   2140000      4.880043     -0.665032
   2160000      4.885696     -0.673098
   2180000      4.890268     -0.682269
   2200000      4.897565     -0.690108
   2220000      4.906631     -0.699028
   2240000      4.919773     -0.698315
   2260000      4.863305     -0.761308
   2280000      4.881501     -0.764891
   2300000      4.862034     -0.782973
   2320000      4.854758     -0.794719
   2340000      4.855528     -0.798118
   2360000      4.863005     -0.801524
   2380000      4.924392     -0.793278
   2400000      4.957715     -0.781427
   2420000      4.963307     -0.788192
   2440000      4.972109     -0.792853
   2460000      4.966375     -0.808306
   2480000      4.968824     -0.824922
   2500000      4.977535     -0.833346
   2520000      4.984642     -0.843234
   2540000      4.976225     -0.856182
   2560000      4.981300     -0.865810
   2580000      4.998896     -0.870937
   2600000      4.992406     -0.876525
   2620000      4.989498     -0.889606
   2640000      4.994047     -0.900435
   2660000      4.997240     -0.906064
   2680000      5.007126     -0.913263
   2700000      5.004238     -0.922248
   2720000      5.009474     -0.935157
   2740000      5.052272     -0.923524
   2760000      5.061763     -0.930261
   2780000      5.082541     -0.929856
   2800000      5.091202     -0.934509
   2820000      5.097050     -0.944786
   2840000      5.116338     -0.939086
   2860000      5.138792     -0.939084
   2880000      5.164218     -0.924314
   2900000      5.170860     -0.934037
   2920000      5.182469     -0.937071
   2940000      5.189747     -0.936618
   2960000      5.192690     -0.932915
   2980000      5.204804     -0.938084
   3000000      5.210827     -0.954753
   3020000      5.216192     -0.951921
   3040000      5.228269     -0.954016
   3060000      5.238351     -0.953355
   3080000      5.246736     -0.964203
   3100000      5.257504     -0.966635
   3120000      5.260783     -0.978266
   3140000      5.280572     -0.962356
   3160000      5.283579     -0.972587
   3180000      5.297038     -0.969397
   3200000      5.305828     -0.981521
   3220000      5.313156     -0.997768
   3240000      5.320943     -1.002084
   3260000      5.336007     -0.988931
   3280000      5.352060     -0.982451
   3300000      5.363464     -0.975959
   3320000      5.365740     -1.020429
   3340000      5.378360     -1.017852
   3360000      5.389738     -1.027091
   3380000      5.395398     -1.033846
   3400000      5.409524     -1.027808
   3420000      5.423195     -1.026992
   3440000      5.425691     -1.042636
   3460000      5.429775     -1.056417
   3480000      5.434975     -1.057063
   3500000      5.441439     -1.059780
   3520000      5.446106     -1.068208
   3540000      5.453135     -1.080035
   3560000      5.449164     -1.104812
   3580000      5.465254     -1.096905
   3600000      5.477493     -1.097538
   3620000      5.493918     -1.092754
   3640000      5.504493     -1.102419
   3660000      5.511959     -1.119763
   3680000      5.516265     -1.125198
   3700000      5.526731     -1.130833
   3720000      5.532327     -1.137728
   3740000      5.532206     -1.147449
   3760000      5.538096     -1.159433
   3780000      5.557648     -1.152545
   3800000      5.563046     -1.158109
   3820000      5.572606     -1.163377
   3840000      5.594778     -1.154916
   3860000      5.605405     -1.163833
   3880000      5.616768     -1.167447
   3900000      5.626965     -1.173425
   3920000      5.635709     -1.172663
   3940000      5.641664     -1.185391
   3960000      5.654886     -1.178415
   3980000      5.665225     -1.176451
   4000000      5.671805     -1.183448
   4020000      5.684285     -1.189922
   4040000      5.693255     -1.187434
   4060000      5.705418     -1.183854
   4080000      5.712141     -1.188612
   4100000      5.727846     -1.197173
   4120000      5.738127     -1.196549
   4140000      5.750707     -1.199533
   4160000      5.760109     -1.210824
   4180000      5.771060     -1.217283
   4200000      5.781401     -1.208807
   4220000      5.793422     -1.211604
   4240000      5.806534     -1.208004
   4260000      5.813421     -1.199292
   4280000      5.823319     -1.215297
   4300000      5.832618     -1.222528
   4320000      5.843815     -1.225902
   4340000      5.854145     -1.231762
   4360000      5.862787     -1.231018
   4380000      5.870950     -1.233275
   4400000      5.883591     -1.230021
   4420000      5.895091     -1.235323
   4440000      5.902500     -1.245742
   4460000      5.916385     -1.241367
   4480000      5.925639     -1.233142
   4500000      5.938027     -1.233227
   4520000      5.944843     -1.258260
   4540000      5.954581     -1.254085
   4560000      5.965216     -1.253402
   4580000      5.970866     -1.260657
   4600000      5.978364     -1.269701
   4620000      5.989515     -1.264557
   4640000      6.002220     -1.275102
   4660000      5.999506     -1.311797
   4680000      6.032460     -1.246791
   4700000      6.039555     -1.247145
   4720000      6.052746     -1.234875
   4740000      6.059716     -1.273377
   4760000      6.068781     -1.292058
   4780000      6.087459     -1.251883
   4800000      6.094991     -1.285128
   4820000      6.106067     -1.269577
   4840000      6.114050     -1.276695
   4860000      6.122093     -1.279092
   4880000      6.132312     -1.278586
   4900000      6.143843     -1.280014
   4920000      6.153825     -1.288280
   4940000      6.160014     -1.306803
   4960000      6.165974     -1.333045
   4980000      6.180541     -1.310847
   5000000      6.191464     -1.305077
   5020000      6.200604     -1.306219
   5040000      6.214579     -1.294038
   5060000      6.224340     -1.301933
   5080000      6.234180     -1.295975
   5100000      6.242124     -1.307787
   5120000      6.261934     -1.321553
   5140000      6.274917     -1.311571
   5160000      6.288969     -1.318746
   5180000      6.297045     -1.342925
   5200000      6.311395     -1.330295
   5220000      6.319971     -1.319581
   5240000      6.334507     -1.315806
   5260000      6.347641     -1.316169
   5280000      6.358325     -1.298647
   5300000      6.370101     -1.302490
   5320000      6.377801     -1.298836
   5340000      6.390981     -1.313483
   5360000      6.400377     -1.332971
   5380000      6.407610     -1.340294
   5400000      6.421761     -1.299074
   5420000      6.427817     -1.348533
   5440000      6.440830     -1.314370
   5460000      6.447550     -1.306869
   5480000      6.460150     -1.293563
   5500000      6.471665     -1.297682
   5520000      6.480471     -1.289512
   5540000      6.491654     -1.295129
   5560000      6.501687     -1.287020
   5580000      6.511855     -1.302203
   5600000      6.515380     -1.284827
   5620000      6.524939     -1.281759
   5640000      6.537497     -1.280749
   5660000      6.544022     -1.258067
   5680000      6.551838     -1.252186
   5700000      6.555777     -1.241236
   5720000      6.569548     -1.236797
   5740000      6.582438     -1.233370
   5760000      6.593110     -1.222504
   5780000      6.598444     -1.215528
   5800000      6.610697     -1.203077
   5820000      6.622355     -1.221279
   5840000      6.630305     -1.208904
   5860000      6.639324     -1.206430
   5880000      6.649311     -1.190742
   5900000      6.657966     -1.187775
   5920000      6.661799     -1.176695
   5940000      6.667010     -1.171225
   5960000      6.680824     -1.166831
   5980000      6.699747     -1.176498
   6000000      6.701990     -1.167693
   6020000      6.701621     -1.152822
   6040000      6.717875     -1.156609
   6060000      6.723992     -1.141049
   6080000      6.755237     -1.165957
   6100000      6.762417     -1.153984
   6120000      6.768724     -1.142626
   6140000      6.776487     -1.129451
   6160000      6.782408     -1.111284
   6180000      6.782087     -1.109222
   6200000      6.790055     -1.105714
   6220000      6.788722     -1.091711
   6240000      6.808222     -1.096261
   6260000      6.814426     -1.087769
   6280000      6.819897     -1.081021
   6300000      6.843329     -1.094454
   6320000      6.848039     -1.082366
   6340000      6.857051     -1.081938
   6360000      6.856297     -1.066366
   6380000      6.874895     -1.076875
   6400000      6.892541     -1.098018
   6420000      6.884238     -1.049177
   6440000      6.890962     -1.043093
   6460000      6.894085     -1.028814
   6480000      6.878953     -0.994479
   6500000      6.876581     -0.979872
   6520000      6.886258     -0.966725
   6540000      6.888621     -0.962661
   6560000      6.897320     -0.957549
   6580000      6.894513     -0.937738
   6600000      6.878050     -0.916856
   6620000      6.875608     -0.896601
   6640000      6.867678     -0.888062
   6660000      6.864328     -0.871798
   6680000      6.875017     -0.868302
   6700000      6.866205     -0.842316
   6720000      6.868006     -0.838752
   6740000      6.895316     -0.837522
   6760000      6.890666     -0.814243
   6780000      6.873185     -0.804943
   6800000      6.888099     -0.794583
   6820000      6.870501     -0.782490
   6840000      6.877519     -0.767101
   6860000      6.894366     -0.762438
   6880000      6.879850     -0.747859
   6900000      6.882114     -0.737868
   6920000      6.875698     -0.725990
   6940000      6.870666     -0.718548
   6960000      6.869160     -0.705868
   6980000      6.851849     -0.687512
   7000000      6.863014     -0.680527
   7020000      6.865025     -0.662146
   7040000      6.866798     -0.651559
   7060000      6.895017     -0.642363
   7080000      6.899084     -0.630354
   7100000      6.905083     -0.626616
   7120000      6.885189     -0.612609
   7140000      6.857851     -0.607111
   7160000      6.863310     -0.596690
   7180000      6.847543     -0.593949
   7200000      6.836216     -0.579162
   7220000      6.829171     -0.565231
   7240000      6.829744     -0.560816
   7260000      6.819832     -0.543864
   7280000      6.814047     -0.533595
   7300000      6.808914     -0.526769
   7320000      6.815670     -0.510556
   7340000      6.818706     -0.498388
   7360000      6.815315     -0.494021
   7380000      6.802570     -0.486324
   7400000      6.812307     -0.480691
   7420000      6.811452     -0.467179
   7440000      6.804996     -0.464912
   7460000      6.817500     -0.453643
   7480000      6.799136     -0.444952
   7500000      6.791080     -0.437085
   7520000      6.794834     -0.425033
   7540000      6.786415     -0.418439
   7560000      6.789723     -0.409473
   7580000      6.774615     -0.402151
   7600000      6.779409     -0.392644
   7620000      6.781642     -0.383566
   7640000      6.763169     -0.377228
   7660000      6.754890     -0.371124
   7680000      6.764441     -0.363470
   7700000      6.772465     -0.351602
   7720000      6.760887     -0.348790
   7740000      6.770873     -0.332275
   7760000      6.777566     -0.319620
   7780000      6.772122     -0.314351
   7800000      6.756445     -0.304169
   7820000      6.771804     -0.290495
   7840000      6.784733     -0.289939
   7860000      6.778744     -0.282490
   7880000      6.772030     -0.277304
   7900000      6.778829     -0.267187
   7920000      6.772167     -0.265499
   7940000      6.542646     -0.376403
   7960000      6.537842     -0.360732
   7980000      6.536224     -0.349597
   8000000      6.523025     -0.353958
   8020000      6.519805     -0.343239
   8040000      6.512245     -0.344013
   8060000      6.511613     -0.334505
   8080000      6.495537     -0.344799
   8100000      6.488624     -0.340318
   8120000      6.472525     -0.343757
   8140000      6.462090     -0.347320
   8160000      6.460423     -0.328771
   8180000      6.443462     -0.322964
   8200000      6.429744     -0.311730
   8220000      6.417484     -0.309727
   8240000      6.412235     -0.304291
   8260000      6.395329     -0.310218
   8280000      6.385081     -0.308563
   8300000      6.385649     -0.289851
   8320000      6.370830     -0.288852
   8340000      6.382960     -0.255112
   8360000      6.380636     -0.250755
   8380000      6.376994     -0.243384
   8400000      6.352785     -0.262055
   8420000      6.325780     -0.273523
   8440000      6.313690     -0.280041
   8460000      6.302671     -0.278277
   8480000      6.290472     -0.286275
   8500000      6.283072     -0.272687
   8520000      6.273483     -0.268829
   8540000      6.264508     -0.270126
   8560000      6.248759     -0.264276
   8580000      6.246793     -0.262185
   8600000      6.237237     -0.267463
   8620000      6.237757     -0.266590
   8640000      6.228384     -0.264296
   8660000      6.215867     -0.256335
   8680000      6.204502     -0.239918
   8700000      6.188937     -0.224525
   8720000      6.176190     -0.236946
   8740000      6.165152     -0.243495
   8760000      6.159318     -0.236108
   8780000      6.151904     -0.244644
   8800000      6.138446     -0.251881
   8820000      6.132284     -0.230739
   8840000      6.120857     -0.226447
   8860000      6.115192     -0.210305
   8880000      6.115845     -0.181676
   8900000      6.114346     -0.159243
   8920000      6.105233     -0.161161
   8940000      6.092041     -0.160325
   8960000      6.095231     -0.147901
   8980000      6.062455     -0.193137
   9000000      6.054815     -0.183572
   9020000      6.043938     -0.182363
   9040000      6.033585     -0.174373
   9060000      6.029511     -0.172577
   9080000      6.029605     -0.150025
   9100000      6.016408     -0.161474
   9120000      6.005595     -0.163166
   9140000      6.000681     -0.154669
   9160000      5.991618     -0.143374
   9180000      5.981601     -0.151795
   9200000      5.967394     -0.147083
   9220000      5.954885     -0.150935
   9240000      5.940975     -0.146775
   9260000      5.934640     -0.135181
   9280000      5.935687     -0.099298
   9300000      5.924160     -0.099892
   9320000      5.913235     -0.108160
   9340000      5.891983     -0.135536
   9360000      5.883570     -0.143218
   9380000      5.863288     -0.169933
   9400000      5.859906     -0.123561
   9420000      5.851723     -0.126859
   9440000      5.846741     -0.106236
   9460000      5.834095     -0.107897
   9480000      5.829708     -0.093469
   9500000      5.821660     -0.092728
   9520000      5.819336     -0.075594
   9540000      5.810174     -0.055684
   9560000      5.803387     -0.064947
   9580000      5.798243     -0.052394
   9600000      5.786769     -0.062150
   9620000      5.778689     -0.068616
   9640000      5.767532     -0.084783
   9660000      5.762278     -0.132112
   9680000      5.742582     -0.074749
   9700000      5.731357     -0.066333
   9720000      5.723851     -0.061035
   9740000      5.718024     -0.071502
   9760000      5.706386     -0.077269
   9780000      5.700581     -0.079503
   9800000      5.693077     -0.086889
   9820000      5.681279     -0.100014
   9840000      5.678275     -0.089837
   9860000      5.663763     -0.084716
   9880000      5.653245     -0.067206
   9900000      5.636337     -0.068845
   9920000      5.625692     -0.062558
   9940000      5.610203     -0.066747
   9960000      5.602174     -0.056160
   9980000      5.590102     -0.054297
  10000000      5.581431     -0.034142
