         0      4.000000      0.000000
     20000      4.046312      0.009503
     40000      4.109192     -0.001567
     60000      4.178754     -0.003429
     80000      4.229948     -0.060872
    100000      4.274398     -0.091275
    120000      4.308010     -0.086020
    140000      4.353295     -0.381719
    160000      4.476618     -0.020813
    180000      4.572870     -0.000773
    200000      4.643362     -0.136690
    220000      4.667598     -0.425070
    240000      4.414679     -0.880078
    260000      4.669785     -0.725444
    280000      4.708915     -0.777439
    300000      4.665200     -0.885937
    320000      4.719426     -0.948330
    340000      4.762763     -0.982432
    360000      4.880505     -0.940104
    380000      4.960438     -0.900870
    400000      5.158319     -0.762491
    420000      5.203761     -0.821502
    440000      5.312179     -0.522637
    460000      5.412951     -0.626264
    480000      5.462235     -0.714471
    500000      5.500438     -0.739375
    520000      5.571329     -0.875276
    540000      5.595537     -0.971611
    560000      5.622792     -1.076240
    580000      5.748815     -0.953052
    600000      5.787634     -1.038129
    620000      5.818655     -1.175943
    640000      5.851212     -1.259428
    660000      5.825533     -1.420423
    680000      5.968102     -1.335194
    700000      5.998950     -1.421347
    720000      6.116378     -1.301329
    740000      6.180409     -1.342521
    760000      6.207189     -1.478891
    780000      6.155625     -1.730295
    800000      6.300063     -1.624498
    820000      6.323004     -1.703688
    840000      6.401617     -1.680329
    860000      6.264441     -1.960489
    880000      6.304665     -2.009434
    900000      6.464836     -1.928604
    920000      6.423523     -2.049985
    940000      6.379529     -2.188579
    960000      6.368831     -2.259438
    980000      6.525722     -2.226604
   1000000      6.628462     -2.253633
   1020000      6.513679     -2.413147
   1040000      6.583359     -2.470283
   1060000      6.687411     -2.483161
   1080000      6.679890     -2.551997
   1100000      6.621223     -2.640074
   1120000      6.550404     -2.747327
   1140000      6.472761     -2.807128
   1160000      6.433634     -2.873136
   1180000      6.443197     -2.940374
   1200000      6.444607     -2.988011
   1220000      6.269511     -3.008968
   1240000      6.658529     -3.097048
   1260000      6.672708     -3.177813
   1280000      6.717612     -3.236890
   1300000      6.740960     -3.284996
   1320000      6.803412     -3.326191
   1340000      6.739762     -3.416277
   1360000      6.668756     -3.499915
   1380000      6.550416     -3.550539
   1400000      6.643870     -3.603885
   1420000      6.616603     -3.651946
   1440000      6.699714     -3.733085
   1460000      6.632696     -3.793510
   1480000      6.709444     -3.847895
   1500000      6.802869     -3.890766
   1520000      6.833999     -3.942110
   1540000      6.738560     -4.035600
   1560000      6.823744     -4.083000
   1580000      7.039083     -3.979574
   1600000      7.019808     -4.088396
   1620000      7.014748     -4.184598
   1640000      7.143342     -4.184246
   1660000      7.195404     -4.236467
   1680000      7.208861     -4.285960
   1700000      7.238601     -4.339303
   1720000      7.359082     -4.285455
   1740000      7.056488     -4.601012
   1760000      7.207692     -4.602645
   1780000      7.182805     -4.696012
   1800000      7.233280     -4.744174
   1820000      7.266111     -4.802059
   1840000      7.376312     -4.825771
   1860000      7.270434     -4.967596
   1880000      7.250244     -5.045376
   1900000      7.356476     -5.065441
   1920000      7.472992     -5.089631
   1940000      7.623442     -5.062642
   1960000      7.679338     -5.105262
   1980000      7.822784     -5.068157
   2000000      7.958687     -4.990605
   2020000      8.046113     -4.860562
   2040000      7.919387     -5.262663
   2060000      7.970569     -5.286754
   2080000      7.838267     -5.472403
   2100000      7.880535     -5.543542
   2120000      7.868336     -5.621312
   2140000      8.008862     -5.616066
   2160000      8.079393     -5.654468
   2180000      8.035246     -5.756595
   2200000      8.249614     -5.664654
   2220000      8.209763     -5.738294
   2240000      8.240849     -5.815359
   2260000      8.239446     -5.861787
   2280000      8.479637     -5.799319
   2300000      8.590810     -5.760023
   2320000      8.448724     -6.014632
   2340000      8.445963     -6.091542
   2360000      8.371742     -6.183041
   2380000      8.323803     -6.245070
   2400000      8.342355     -6.314623
   2420000      8.462446     -6.347274
   2440000      8.523435     -6.375061
   2460000      8.587519     -6.436802
   2480000      8.553761     -6.530997
   2500000      8.596291     -6.596219
   2520000      8.527138     -6.695994
   2540000      8.577597     -6.759139
   2560000      8.403962     -6.849035
   2580000      8.422458     -6.930124
   2600000      8.402649     -6.982677
   2620000      8.858321     -6.896046
   2640000      8.725884     -7.038528
   2660000      8.643707     -7.119424
   2680000      8.675078     -7.188145
   2700000      8.822702     -7.192964
   2720000      9.061289     -7.119710
   2740000      9.154761     -7.053446
   2760000      9.152250     -7.198065
   2780000      9.206570     -7.244349
   2800000      9.244938     -7.314922
   2820000      9.331080     -7.330480
   2840000      9.230250     -7.472769
   2860000      9.324564     -7.497512
   2880000      9.417629     -7.495236
   2900000      9.577855     -7.405806
   2920000      9.524218     -7.587314
   2940000      9.425100     -7.720625
   2960000      9.567704     -7.755197
   2980000      9.851116     -7.437538
   3000000      9.851824     -7.600696
   3020000      9.712467     -7.887992
   3040000      9.696363     -7.971803
   3060000      9.932376     -7.851702
   3080000      9.980339     -7.881618
   3100000     10.051028     -7.868848
   3120000     10.088590     -7.923132
   3140000     10.113643     -7.965053
   3160000     10.203717     -7.907810
   3180000     10.276838     -7.869962
   3200000     10.355491     -7.856548
   3220000     10.375504     -8.002792
   3240000     10.440369     -8.025473
   3260000     10.497519     -8.015019
   3280000     10.546712     -8.129532
   3300000     10.561143     -8.294524
   3320000     10.576960     -8.384656
   3340000     10.700215     -8.246225
   3360000     10.644173     -8.458677
   3380000     10.722935     -8.476040
   3400000     10.804768     -8.459192
   3420000     10.845460     -8.542397
   3440000     10.981624     -8.325034
   3460000     11.047044     -8.270168
   3480000     11.098844     -8.231744
   3500000     11.173810     -8.218402
   3520000     11.294898     -8.264005
   3540000     11.376206     -8.423539
   3560000     11.444478     -8.432488
   3580000     11.429768     -8.692446
   3600000     11.517762     -8.697950
   3620000     11.466571     -8.828930
   3640000     11.602275     -8.724111
   3660000     11.718405     -8.733934
   3680000     11.753760     -8.795347
   3700000     11.800943     -8.842565
   3720000     12.011223     -8.498139
   3740000     12.051112     -8.494608
   3760000     12.098307     -8.511530
   3780000     12.214919     -8.488115
   3800000     12.282175     -8.420767
   3820000     12.264188     -8.676216
   3840000     12.359340     -8.667037
   3860000     12.462592     -8.601032
   3880000     12.501676     -8.690514
   3900000     12.599134     -8.641226
   3920000     12.693067     -8.478076
   3940000     12.771697     -8.507513
   3960000     12.822471     -8.682957
   3980000     12.925440     -8.643202
   4000000     13.025688     -8.471229
   4020000     13.088228     -8.438464
   4040000     13.095028     -8.617407
   4060000     13.078587     -8.984883
   4080000     13.094202     -9.084438
   4100000     13.110021     -9.195908
   4120000     13.183061     -9.188968
   4140000     13.182234     -9.280675
   4160000     13.298432     -9.237723
   4180000     13.479822     -9.120079
   4200000     13.521796     -9.161503
   4220000     13.589798     -9.203139
   4240000     13.607258     -9.236491
   4260000     13.799073     -9.024889
   4280000     13.875657     -9.056293
   4300000     13.922182     -9.049741
   4320000     14.031456     -8.947331
   4340000     14.071336     -8.891901
   4360000     14.161961     -8.895254
   4380000     14.223822     -8.780744
   4400000     14.278035     -8.985352
   4420000     14.297313     -9.135524
   4440000     14.312395     -9.278318
   4460000     14.314354     -9.405903
   4480000     14.436238     -9.328798
   4500000     14.452908     -9.441550
   4520000     14.462943     -9.503641
   4540000     14.682262     -9.347166
   4560000     14.753550     -9.341183
   4580000     14.790776     -9.454829
   4600000     14.799271     -9.506609
   4620000     14.914107     -9.520593
   4640000     15.020688     -9.465100
   4660000     15.049428     -9.507144
   4680000     15.132070     -9.469147
   4700000     15.147464     -9.601334
   4720000     15.222630     -9.610587
   4740000     15.332895     -9.395665
   4760000     15.397690     -9.501280
   4780000     15.470891     -9.453382
   4800000     15.525161     -9.346713
   4820000     15.598596     -9.299148
   4840000     15.643548     -9.312901
   4860000     15.695817     -9.194003
   4880000     15.795652     -9.500245
   4900000     15.846561     -9.472163
   4920000     15.860693     -9.682012
   4940000     15.923976     -9.669079
   4960000     16.045747     -9.670718
   4980000     16.002694     -9.429696
   5000000     16.067622    -10.046476
   5020000     16.196333     -9.769036
   5040000     16.255128     -9.953738
   5060000     16.312338     -9.965632
   5080000     16.362144    -10.053189
   5100000     16.433596    -10.028652
   5120000     16.520158     -9.894455
   5140000     16.584243     -9.829925
   5160000     16.617470     -9.845160
   5180000     16.582218    -10.431573
   5200000     16.658581    -10.425236
   5220000     16.592062    -10.666780
   5240000     16.693710    -10.634074
   5260000     16.734454    -10.680084
   5280000     16.777339    -10.711324
   5300000     16.905495    -10.684696
   5320000     17.030194    -10.589358
   5340000     17.133958    -10.551870
   5360000     17.206478    -10.546979
   5380000     17.206713    -10.696603
   5400000     17.245954    -10.727380
   5420000     17.196181    -10.893603
   5440000     17.203564    -10.973017
   5460000     17.448306    -10.810818
   5480000     17.484571    -10.850860
   5500000     17.448558    -10.987498
   5520000     17.414401    -11.078586
   5540000     17.479010    -11.108020
   5560000     17.418664    -11.195480
   5580000     17.532041    -11.213966
   5600000     17.527912    -11.298551
   5620000     17.593757    -11.204487
   5640000     17.969118    -10.958817
   5660000     18.136282    -10.671661
   5680000     18.230917    -10.791779
   5700000     18.272127    -10.850529
   5720000     18.360037    -10.725716
   5740000     18.434232    -10.574391
   5760000     18.486558    -10.597792
   5780000     18.572993    -10.662652
   5800000     18.647349    -10.529253
   5820000     18.723123    -10.599388
   5840000     18.772968    -10.714570
   5860000     18.814978    -10.771782
   5880000     18.883623    -10.480457
   5900000     18.981194    -10.546717
   5920000     19.020773    -10.424337
   5940000     19.073145    -10.529408
   5960000     19.130137    -10.433580
   5980000     19.209907    -10.472140
   6000000     19.288645    -10.487398
