         0      4.000000      0.000000
     20000      4.023421      0.041150
     40000      4.042187      0.036010
     60000      4.059070      0.025573
     80000      4.069494     -0.008172
    100000      4.079974     -0.024494
    120000      4.087688     -0.037108
    140000      4.087795     -0.054084
    160000      4.096827     -0.052990
    180000      4.109389     -0.079571
    200000      4.118613     -0.084347
    220000      4.150483     -0.069289
    240000      4.153078     -0.079708
    260000      4.156303     -0.102164
    280000      4.205014     -0.035127
    300000      4.237323      0.106559
    320000      4.258049      0.114556
    340000      4.269598      0.121731
    360000      4.296559      0.123749
    380000      4.307870      0.150080
    400000      4.337431      0.138213
    420000      4.352920      0.126112
    440000      4.364825      0.134841
    460000      4.374774      0.158553
    480000      4.382608      0.173705
    500000      4.384076      0.186848
    520000      4.407022      0.177049
    540000      4.416769      0.182842
    560000      4.433157      0.181436
    580000      4.416712      0.222620
    600000      4.435432      0.234135
    620000      4.451476      0.264660
    640000      4.438250      0.307988
    660000      4.473858      0.316389
    680000      4.481773      0.330783
    700000      4.501477      0.321610
    720000      4.521697      0.330475
    740000      4.545763      0.316556
    760000      4.565058      0.306472
    780000      4.580332      0.281744
    800000      4.596365      0.281277
    820000      4.624278      0.282610
    840000      4.640398      0.294537
    860000      4.661137      0.286747
    880000      4.678435      0.274337
    900000      4.688560      0.290502
    920000      4.704029      0.292469
    940000      4.718304      0.282956
    960000      4.734613      0.268689
    980000      4.749882      0.267499
   1000000      4.779318      0.287802
   1020000      4.803371      0.297957
   1040000      4.818328      0.295031
   1060000      4.835089      0.279541
   1080000      4.858098      0.271397
   1100000      4.870647      0.274077
   1120000      4.885227      0.287857
   1140000      4.902392      0.323737
   1160000      4.925819      0.292606
   1180000      4.935137      0.313826
   1200000      4.963288      0.294414
   1220000      4.975641      0.290497
   1240000      4.998531      0.291277
   1260000      5.017460      0.282474
   1280000      5.036425      0.276340
   1300000      5.056162      0.292631
   1320000      5.077236      0.274170
   1340000      5.083239      0.261705
   1360000      5.105579      0.283375
   1380000      5.123169      0.267619
   1400000      5.144174      0.264677
   1420000      5.158113      0.262438
   1440000      5.176569      0.274719
   1460000      5.201631      0.284174
   1480000      5.221798      0.299318
   1500000      5.242680      0.280678
   1520000      5.264967      0.266073
   1540000      5.280085      0.256358
   1560000      5.282908      0.227719
   1580000      5.298065      0.219686
   1600000      5.320870      0.222933
   1620000      5.329557      0.213943
   1640000      5.341096      0.207618
   1660000      5.354623      0.199769
   1680000      5.374474      0.196836
   1700000      5.398734      0.225236
   1720000      5.411822      0.219982
   1740000      5.431160      0.208588
   1760000      5.448679      0.207582
   1780000      5.466149      0.206564
   1800000      5.486081      0.203312
   1820000      5.500969      0.193223
   1840000      5.495623      0.156624
   1860000      5.514707      0.141026
   1880000      5.520035      0.123227
   1900000      5.558231      0.144330
   1920000      5.575373      0.142489
   1940000      5.583838      0.126848
   1960000      5.593316      0.112118
   1980000      5.617504      0.123364
   2000000      5.632183      0.112216
   2020000      5.657009      0.123654
   2040000      5.665722      0.096005
   2060000      5.678437      0.087442
   2080000      5.683726      0.071210
   2100000      5.711692      0.083607
   2120000      5.734184      0.085923
   2140000      5.743237      0.078317
   2160000      5.753028      0.057619
   2180000      5.759100      0.040610
   2200000      5.760620      0.017110
   2220000      5.771052     -0.016283
   2240000      5.783606     -0.023439
   2260000      5.813280     -0.021070
   2280000      5.860058      0.009422
   2300000      5.872147     -0.012203
   2320000      5.881002     -0.027077
   2340000      5.909254     -0.013990
   2360000      5.917400     -0.029147
   2380000      5.922536     -0.055464
   2400000      5.929157     -0.070707
   2420000      5.953885     -0.079678
   2440000      6.004879     -0.045653
   2460000      6.032259     -0.034784
   2480000      6.047650     -0.029397
   2500000      6.070520     -0.024003
   2520000      6.086120     -0.029913
   2540000      6.102481     -0.040978
   2560000      6.123207     -0.036632
   2580000      6.140519     -0.067231
   2600000      6.159706     -0.057919
   2620000      6.172374     -0.063584
   2640000      6.184885     -0.064147
   2660000      6.198261     -0.092334
   2680000      6.204097     -0.111113
   2700000      6.223207     -0.130357
   2720000      6.241147     -0.133268
   2740000      6.258025     -0.140475
   2760000      6.274830     -0.147601
   2780000      6.296029     -0.137628
   2800000      6.312558     -0.138089
   2820000      6.324331     -0.137040
   2840000      6.343847     -0.138824
   2860000      6.363262     -0.139364
   2880000      6.378508     -0.158322
   2900000      6.391186     -0.172981
   2920000      6.400044     -0.202511
   2940000      6.422762     -0.197867
   2960000      6.442563     -0.195388
   2980000      6.458836     -0.210632
   3000000      6.475104     -0.218475
   3020000      6.487218     -0.231662
   3040000      6.499032     -0.235380
   3060000      6.518315     -0.245938
   3080000      6.532350     -0.246799
   3100000      6.566537     -0.226033
   3120000      6.596564     -0.194542
   3140000      6.615720     -0.195886
   3160000      6.631899     -0.200086
   3180000      6.650481     -0.204840
   3200000      6.665118     -0.226120
   3220000      6.682656     -0.222895
   3240000      6.687082     -0.240221
   3260000      6.705438     -0.260109
   3280000      6.710717     -0.292800
   3300000      6.712994     -0.327622
   3320000      6.709701     -0.349400
   3340000      6.739940     -0.340516
   3360000      6.739508     -0.374589
   3380000      6.748701     -0.390030
   3400000      6.769224     -0.393687
   3420000      6.784901     -0.404468
   3440000      6.793422     -0.414115
   3460000      6.821097     -0.407785
   3480000      6.825846     -0.425213
   3500000      6.823207     -0.442396
   3520000      6.827367     -0.447755
   3540000      6.866932     -0.444366
   3560000      6.883513     -0.451915
   3580000      6.885389     -0.465620
   3600000      6.893614     -0.480402
   3620000      6.898363     -0.492509
   3640000      6.888140     -0.515386
   3660000      6.924570     -0.530149
   3680000      6.950310     -0.538093
   3700000      6.952172     -0.559444
   3720000      6.955248     -0.569844
   3740000      6.960285     -0.583369
   3760000      6.953191     -0.605357
   3780000      6.953727     -0.619357
   3800000      6.973565     -0.634193
   3820000      7.013491     -0.648902
   3840000      7.022307     -0.669414
   3860000      7.019045     -0.688007
   3880000      7.027806     -0.704229
   3900000      7.031712     -0.721244
   3920000      7.029552     -0.739158
   3940000      7.016341     -0.761041
   3960000      7.037059     -0.771815
   3980000      7.046951     -0.791941
   4000000      7.069926     -0.797990
   4020000      7.070606     -0.816161
   4040000      7.067881     -0.840043
   4060000      7.089188     -0.854972
   4080000      7.097972     -0.860723
   4100000      7.110408     -0.872016
   4120000      7.131992     -0.885324
   4140000      7.138296     -0.901156
   4160000      7.138389     -0.921622
   4180000      7.128823     -0.945924
   4200000      7.138709     -0.958368
   4220000      7.142371     -0.976586
   4240000      7.161166     -0.988938
   4260000      7.171285     -1.005373
   4280000      7.151651     -1.019754
   4300000      7.138216     -1.040015
   4320000      7.134747     -1.054189
   4340000      7.156961     -1.069166
   4360000      7.183837     -1.087220
   4380000      7.231480     -1.091177
   4400000      7.228394     -1.110279
   4420000      7.250387     -1.120338
   4440000      7.270433     -1.127673
   4460000      7.247830     -1.165645
   4480000      7.255134     -1.181573
   4500000      7.280207     -1.190829
   4520000      7.282687     -1.205904
   4540000      7.304014     -1.212257
   4560000      7.310428     -1.232408
   4580000      7.316380     -1.252515
   4600000      7.310296     -1.269070
   4620000      7.324172     -1.277678
   4640000      7.359705     -1.276474
   4660000      7.364006     -1.294958
   4680000      7.381809     -1.309884
   4700000      7.389442     -1.319535
   4720000      7.436365     -1.307978
   4740000      7.458391     -1.304300
   4760000      7.477743     -1.323635
   4780000      7.495111     -1.324016
   4800000      7.496686     -1.340667
   4820000      7.510042     -1.344679
   4840000      7.520267     -1.339092
   4860000      7.536218     -1.336342
   4880000      7.530966     -1.395123
   4900000      7.558573     -1.406091
   4920000      7.574553     -1.399782
   4940000      7.579090     -1.422307
   4960000      7.594019     -1.412937
   4980000      7.606807     -1.418634
   5000000      7.621682     -1.459511
   5020000      7.650200     -1.453230
   5040000      7.653421     -1.476872
   5060000      7.665646     -1.498967
   5080000      7.685661     -1.499355
   5100000      7.712891     -1.504776
   5120000      7.723944     -1.530128
   5140000      7.751445     -1.517650
   5160000      7.764127     -1.534250
   5180000      7.773711     -1.547367
   5200000      7.774669     -1.588984
   5220000      7.797510     -1.584150
   5240000      7.840497     -1.539456
   5260000      7.862799     -1.532867
   5280000      7.872800     -1.568070
   5300000      7.888727     -1.565568
   5320000      7.904717     -1.569863
   5340000      7.911566     -1.608990
   5360000      7.920926     -1.620262
   5380000      7.938074     -1.609352
   5400000      7.958594     -1.586242
   5420000      7.972892     -1.569235
   5440000      7.988670     -1.569496
   5460000      8.010573     -1.576695
   5480000      8.025965     -1.575486
   5500000      8.040670     -1.572739
   5520000      8.063065     -1.532118
   5540000      8.079943     -1.521129
   5560000      8.092045     -1.508148
   5580000      8.108115     -1.520458
   5600000      8.124338     -1.523921
   5620000      8.144002     -1.514319
   5640000      8.157941     -1.512357
   5660000      8.154180     -1.471527
   5680000      8.170030     -1.447819
   5700000      8.183427     -1.431888
   5720000      8.185603     -1.428384
   5740000      8.198688     -1.418776
   5760000      8.224093     -1.430958
   5780000      8.233787     -1.427407
   5800000      8.245163     -1.425411
   5820000      8.262840     -1.419499
   5840000      8.294950     -1.437110
   5860000      8.290831     -1.412460
   5880000      8.332828     -1.448661
   5900000      8.350266     -1.447955
   5920000      8.367182     -1.455887
   5940000      8.383693     -1.447708
   5960000      8.398698     -1.435541
   5980000      8.409239     -1.405078
   6000000      8.413814     -1.375716
   6020000      8.441171     -1.396835
   6040000      8.472864     -1.432692
   6060000      8.486848     -1.443630
   6080000      8.503899     -1.405889
   6100000      8.488036     -1.335794
   6120000      8.508050     -1.337416
   6140000      8.522203     -1.334314
   6160000      8.535404     -1.327078
   6180000      8.544120     -1.315761
   6200000      8.559988     -1.299423
   6220000      8.580612     -1.313193
   6240000      8.605830     -1.325916
   6260000      8.616257     -1.286557
   6280000      8.630158     -1.280917
   6300000      8.649884     -1.283289
   6320000      8.656090     -1.246429
   6340000      8.676357     -1.243648
   6360000      8.686709     -1.241074
   6380000      8.706431     -1.236892
   6400000      8.718461     -1.232820
   6420000      8.736290     -1.236773
   6440000      8.752105     -1.238443
   6460000      8.764172     -1.215956
   6480000      8.773367     -1.202641
   6500000      8.777782     -1.173131
   6520000      8.797504     -1.170860
   6540000      8.802901     -1.149619
   6560000      8.810519     -1.132353
   6580000      8.837384     -1.139987
   6600000      8.852741     -1.121355
   6620000      8.848031     -1.083501
   6640000      8.857265     -1.072838
   6660000      8.871630     -1.069201
   6680000      8.880488     -1.051378
   6700000      8.884533     -1.033026
   6720000      8.889725     -1.020305
   6740000      8.902479     -0.995861
   6760000      8.942869     -1.014542
   6780000      8.959792     -1.006376
   6800000      8.978846     -1.014084
   6820000      8.994674     -1.006607
   6840000      9.006356     -0.999358
   6860000      9.015335     -0.993696
   6880000      9.027946     -0.984592
   6900000      9.038108     -0.968242
   6920000      9.056697     -0.959611
   6940000      9.021472     -0.914208
   6960000      9.030474     -0.898766
   6980000      9.028121     -0.882239
   7000000      9.052228     -0.868108
   7020000      9.085444     -0.867040
   7040000      9.097922     -0.864919
   7060000      9.135557     -0.877402
   7080000      9.139256     -0.858448
   7100000      9.148724     -0.848442
   7120000      9.150350     -0.831738
   7140000      9.180390     -0.842021
   7160000      9.189152     -0.821174
   7180000      9.196622     -0.811996
   7200000      9.190942     -0.783320
   7220000      9.197463     -0.758762
   7240000      9.184794     -0.731719
   7260000      9.180662     -0.703435
   7280000      9.172568     -0.680734
   7300000      9.152919     -0.643695
   7320000      9.147156     -0.612529
   7340000      9.149294     -0.599687
   7360000      9.193164     -0.603881
   7380000      9.187123     -0.586596
   7400000      9.175623     -0.564452
   7420000      9.205545     -0.558575
   7440000      9.209802     -0.538843
   7460000      9.208281     -0.524944
   7480000      9.220697     -0.503940
   7500000      9.254437     -0.503531
   7520000      9.236009     -0.479328
   7540000      9.200462     -0.450918
   7560000      9.195595     -0.432530
   7580000      9.194737     -0.425688
   7600000      9.189208     -0.398008
   7620000      9.189717     -0.386581
   7640000      9.186067     -0.372026
   7660000      9.187101     -0.359886
   7680000      9.211291     -0.345506
   7700000      9.192907     -0.321428
   7720000      9.173802     -0.303313
   7740000      9.178804     -0.285275
   7760000      9.173927     -0.271901
   7780000      9.169501     -0.253056
   7800000      9.179029     -0.233265
   7820000      9.161614     -0.220902
   7840000      9.158459     -0.207280
   7860000      9.164676     -0.195135
   7880000      9.213321     -0.180568
   7900000      9.155265     -0.168595
   7920000      9.163420     -0.147684
   7940000      9.188600     -0.126043
   7960000      9.181257     -0.106197
   7980000      9.180995     -0.094613
   8000000      9.190767     -0.070468
   8020000      9.182345     -0.059084
   8040000      9.167880     -0.046499
   8060000      9.153826     -0.027506
   8080000      9.157370     -0.017036
   8100000      9.152095     -0.000462
   8120000      9.179574      0.028037
   8140000      9.170410      0.034767
   8160000      9.193200      0.050507
   8180000      9.257207      0.059917
   8200000      9.258055      0.085997
   8220000      9.228553      0.106969
   8240000      9.216580      0.124026
   8260000      9.240609      0.138257
   8280000      9.251152      0.153603
   8300000      9.236254      0.171749
   8320000      9.234046      0.181067
   8340000      9.242051      0.189603
   8360000      9.239688      0.201919
   8380000      9.239849      0.221240
   8400000      9.229817      0.235794
   8420000      9.230708      0.247714
   8440000      9.227412      0.268363
   8460000      9.230077      0.284774
   8480000      9.225992      0.307748
   8500000      9.238000      0.325297
   8520000      9.252034      0.341758
   8540000      9.260965      0.355570
   8560000      9.243305      0.372284
   8580000      9.245311      0.388067
   8600000      9.256358      0.403847
   8620000      9.247198      0.426874
   8640000      9.252683      0.448792
   8660000      9.226792      0.461845
   8680000      9.223954      0.480011
   8700000      9.190534      0.490825
   8720000      9.181349      0.504147
   8740000      9.119203      0.494982
   8760000      9.087727      0.499305
   8780000      9.082166      0.510884
   8800000      9.085438      0.533914
   8820000      8.981697      0.463946
   8840000      8.970941      0.500204
   8860000      8.920173      0.475486
   8880000      8.921057      0.500424
   8900000      8.900742      0.508861
   8920000      8.896735      0.533613
   8940000      8.897122      0.552438
   8960000      8.893821      0.581544
   8980000      8.880897      0.594009
   9000000      8.886084      0.613581
   9020000      8.877876      0.638220
   9040000      8.860940      0.636881
   9060000      8.845849      0.643538
   9080000      8.824644      0.645893
   9100000      8.796436      0.631840
   9120000      8.772010      0.624768
   9140000      8.744454      0.609336
   9160000      8.746783      0.639275
   9180000      8.732430      0.651188
   9200000      8.742800      0.684954
   9220000      8.741275      0.699705
   9240000      8.729804      0.712659
   9260000      8.722375      0.738076
   9280000      8.648475      0.701383
   9300000      8.629855      0.695624
   9320000      8.621705      0.713400
   9340000      8.612540      0.729712
   9360000      8.601094      0.737652
   9380000      8.557186      0.711977
   9400000      8.538598      0.700107
   9420000      8.528066      0.717574
   9440000      8.522738      0.717359
   9460000      8.518418      0.750041
   9480000      8.506434      0.752458
   9500000      8.496381      0.767764
   9520000      8.466390      0.773715
   9540000      8.446084      0.775325
   9560000      8.427038      0.772280
   9580000      8.412413      0.785522
   9600000      8.400224      0.791743
   9620000      8.373427      0.769662
   9640000      8.357707      0.802556
   9660000      8.343622      0.818284
   9680000      8.327139      0.814530
   9700000      8.313014      0.826203
   9720000      8.292502      0.819528
   9740000      8.278079      0.828286
   9760000      8.265811      0.833407
   9780000      8.256202      0.840387
   9800000      8.239579      0.846950
   9820000      8.218614      0.833636
   9840000      8.195212      0.815875
   9860000      8.177863      0.782192
   9880000      8.159385      0.794940
   9900000      8.142433      0.795617
   9920000      8.133254      0.851302
   9940000      8.105964      0.863967
   9960000      8.100680      0.879405
   9980000      8.070673      0.840578
  10000000      8.064273      0.826098
