         0      4.000000      0.000000
     20000      4.011863     -0.010725
     40000      4.029089     -0.012274
     60000      4.059620      0.001407
     80000      4.097568      0.005539
    100000      4.119672     -0.005761
    120000      4.154854     -0.009352
    140000      4.182791     -0.014641
    160000      4.204022      0.157218
    180000      4.249646      0.134097
    200000      4.285553      0.130448
    220000      4.326961      0.099585
    240000      4.341533      0.161470
    260000      4.381771      0.142524
    280000      4.422200      0.089960
    300000      4.464558      0.063818
    320000      4.493017      0.054043
    340000      4.520575      0.020534
    360000      4.560434      0.047581
    380000      4.585893      0.039765
    400000      4.607028      0.001755
    420000      4.652495      0.039051
    440000      4.683649      0.035357
    460000      4.693353     -0.069044
    480000      4.759047      0.026971
    500000      4.793288     -0.006319
    520000      4.831797      0.034622
    540000      4.860584      0.021704
    560000      4.892805      0.015451
    580000      4.917233      0.012809
    600000      4.947554      0.010880
    620000      4.977093      0.020003
    640000      5.006500      0.032165
    660000      5.039082      0.027352
    680000      5.076586      0.031467
    700000      5.108254      0.084488
    720000      5.148434     -0.020506
    740000      5.183741      0.027822
    760000      5.215874     -0.008325
    780000      5.243297     -0.006660
    800000      5.253627     -0.049558
    820000      5.282646     -0.084199
    840000      5.332917     -0.032865
    860000      5.369265      0.205831
    880000      5.401598      0.182942
    900000      5.437216      0.183886
    920000      5.470108      0.171450
    940000      5.486766      0.175132
    960000      5.492131      0.216139
    980000      5.554383      0.027750
   1000000      5.585777      0.052899
   1020000      5.618939      0.018229
   1040000      5.647622     -0.033288
   1060000      5.669666     -0.038915
   1080000      5.693566     -0.081525
   1100000      5.741997     -0.031732
   1120000      5.772777     -0.008835
   1140000      5.801339     -0.023197
   1160000      5.836213     -0.045907
   1180000      5.840470     -0.129475
   1200000      5.864816     -0.135635
   1220000      5.863809     -0.214466
   1240000      5.865690     -0.245607
   1260000      5.844635     -0.296029
   1280000      5.882693     -0.306390
   1300000      5.712769     -0.398785
   1320000      5.709589     -0.435140
   1340000      5.750329     -0.445466
   1360000      5.776069     -0.470399
   1380000      5.705215     -0.521710
   1400000      5.718018     -0.544040
   1420000      5.634710     -0.574298
   1440000      5.589275     -0.604253
   1460000      5.527817     -0.610016
   1480000      5.483601     -0.625163
   1500000      5.442837     -0.638599
   1520000      5.464002     -0.688853
   1540000      5.397673     -0.668139
   1560000      5.589131     -0.806208
   1580000      5.533972     -0.831387
   1600000      5.385004     -0.807884
   1620000      5.338991     -0.825276
   1640000      5.279845     -0.820153
   1660000      5.279817     -0.860094
   1680000      5.230553     -0.845370
   1700000      5.308395     -0.945631
   1720000      5.281871     -0.987488
   1740000      5.222213     -0.993649
   1760000      5.400536     -1.091921
   1780000      5.379602     -1.143863
   1800000      5.410472     -1.191380
   1820000      5.419014     -1.223266
   1840000      5.350711     -1.230559
   1860000      5.378552     -1.282778
   1880000      5.367059     -1.314036
   1900000      5.375948     -1.350633
   1920000      5.326045     -1.368818
   1940000      5.383346     -1.418463
   1960000      5.264568     -1.407223
   1980000      5.260115     -1.432850
   2000000      5.238372     -1.451110
   2020000      5.267448     -1.496304
   2040000      5.275377     -1.516618
   2060000      5.141822     -1.453410
   2080000      5.149866     -1.521767
   2100000      5.209142     -1.579286
   2120000      5.167334     -1.590222
   2140000      5.171992     -1.634429
   2160000      5.126550     -1.634319
   2180000      5.052002     -1.620391
   2200000      5.010409     -1.624990
   2220000      5.002863     -1.661164
   2240000      4.973427     -1.678610
   2260000      4.954722     -1.704656
   2280000      4.936147     -1.745984
   2300000      4.925844     -1.780282
   2320000      4.878939     -1.788237
   2340000      4.850474     -1.814029
   2360000      4.819615     -1.834975
   2380000      4.803656     -1.875777
   2400000      4.784744     -1.901397
   2420000      4.721583     -1.867971
   2440000      4.748868     -1.949946
   2460000      4.694226     -1.949996
   2480000      4.662800     -1.965117
   2500000      4.643886     -1.983619
   2520000      4.597292     -1.979051
   2540000      4.559098     -1.941299
   2560000      4.514760     -1.943590
   2580000      4.485272     -1.988129
   2600000      4.451618     -2.004747
   2620000      4.494920     -2.107920
   2640000      4.491801     -2.133796
   2660000      4.478422     -2.192031
   2680000      4.491623     -2.230736
   2700000      4.418500     -2.210269
   2720000      4.449978     -2.268147
   2740000      4.438539     -2.300965
   2760000      4.406427     -2.312667
   2780000      4.395100     -2.344131
   2800000      4.373389     -2.357239
   2820000      4.329437     -2.376496
   2840000      4.425154     -2.456627
   2860000      4.267194     -2.427199
   2880000      4.079300     -2.280174
   2900000      4.081585     -2.348196
   2920000      4.061335     -2.369707
   2940000      4.066890     -2.421302
   2960000      4.056604     -2.452704
   2980000      4.036245     -2.469965
   3000000      4.007944     -2.504574
   3020000      3.944897     -2.440865
   3040000      3.938274     -2.520223
   3060000      3.872452     -2.489459
   3080000      3.824268     -2.465943
   3100000      3.804038     -2.486778
   3120000      3.781478     -2.515155
   3140000      3.720014     -2.481252
   3160000      3.691916     -2.475896
   3180000      3.725092     -2.590618
   3200000      3.635520     -2.476689
   3220000      3.609720     -2.504236
   3240000      3.557154     -2.467912
   3260000      3.518810     -2.406449
   3280000      3.550519     -2.641087
   3300000      3.522142     -2.643154
   3320000      3.489162     -2.637884
   3340000      3.466783     -2.661246
   3360000      3.431471     -2.658853
   3380000      3.404706     -2.614796
   3400000      3.359102     -2.607463
   3420000      3.323734     -2.668107
   3440000      3.301459     -2.707926
   3460000      3.275245     -2.735045
   3480000      3.245600     -2.759654
   3500000      3.215822     -2.805995
   3520000      3.234267     -2.868346
   3540000      3.208470     -2.901677
   3560000      3.117407     -2.785288
   3580000      3.078809     -2.745460
   3600000      3.042834     -2.768802
   3620000      3.006796     -2.708137
   3640000      2.986619     -2.690186
   3660000      2.953056     -2.670995
   3680000      2.922434     -2.690516
   3700000      2.891198     -2.795040
   3720000      2.868074     -2.829851
   3740000      2.844018     -2.834021
   3760000      2.819848     -2.837344
   3780000      2.795430     -2.860824
   3800000      2.760774     -2.874065
   3820000      2.757731     -2.952319
   3840000      2.756806     -2.993805
   3860000      2.760576     -3.047914
   3880000      2.769059     -3.094082
   3900000      2.646955     -3.001677
   3920000      2.599525     -3.001370
   3940000      2.545487     -2.965137
   3960000      2.522522     -2.994820
   3980000      2.487746     -2.986126
   4000000      2.438104     -2.945467
   4020000      2.432414     -3.044012
   4040000      2.387698     -3.028957
   4060000      2.364932     -3.080996
   4080000      2.298417     -2.970851
   4100000      2.272248     -3.000713
   4120000      2.257638     -2.932780
   4140000      2.260981     -2.890924
   4160000      2.271667     -2.810856
   4180000      2.173707     -2.857272
   4200000      2.186218     -2.777477
   4220000      2.122090     -2.803576
   4240000      2.087069     -2.823305
   4260000      2.055727     -2.796349
   4280000      1.969233     -2.854402
   4300000      1.985200     -2.753069
   4320000      1.973735     -2.677767
   4340000      1.973467     -2.644488
   4360000      1.935604     -2.637304
   4380000      1.891159     -2.638492
   4400000      1.877700     -2.607937
   4420000      1.860442     -2.600795
   4440000      1.827810     -2.596219
   4460000      1.786140     -2.592527
   4480000      1.771529     -2.557417
   4500000      1.830554     -2.460685
   4520000      1.807485     -2.437281
   4540000      1.866013     -2.388214
   4560000      1.888008     -2.344407
   4580000      1.620350     -2.496260
   4600000      1.613548     -2.453927
   4620000      1.595198     -2.432361
   4640000      1.593574     -2.407354
   4660000      1.555534     -2.391816
   4680000      1.619018     -2.326108
   4700000      1.535439     -2.344147
   4720000      1.586440     -2.259584
   4740000      1.523659     -2.240165
   4760000      1.485948     -2.228216
   4780000      1.480231     -2.194237
   4800000      1.435665     -2.172963
   4820000      1.453317     -2.143280
   4840000      1.400592     -2.142486
   4860000      1.366766     -2.116767
   4880000      1.332480     -2.114443
   4900000      1.328892     -2.078872
   4920000      1.297019     -2.057098
   4940000      1.328721     -2.003238
   4960000      1.363862     -1.966610
   4980000      1.315198     -1.937728
   5000000      1.202866     -1.973584
   5020000      1.143990     -1.993193
   5040000      1.122615     -1.994216
   5060000      1.096913     -1.978016
   5080000      1.059431     -1.988513
   5100000      1.032437     -1.933784
   5120000      1.010860     -1.908906
   5140000      1.015056     -1.869145
   5160000      0.962260     -1.867016
   5180000      0.916133     -1.871281
   5200000      0.874222     -1.868049
   5220000      0.854365     -1.833512
   5240000      0.818313     -1.835280
   5260000      0.779216     -1.839476
   5280000      0.750059     -1.818084
   5300000      0.746599     -1.778803
   5320000      0.742255     -1.718401
   5340000      0.739012     -1.677466
   5360000      0.729609     -1.643262
   5380000      0.617368     -1.727648
   5400000      0.582966     -1.727252
   5420000      0.576776     -1.662640
   5440000      0.540701     -1.663628
   5460000      0.490840     -1.692548
   5480000      0.460424     -1.675732
   5500000      0.417402     -1.668064
   5520000      0.393458     -1.641529
   5540000      0.376451     -1.627501
   5560000      0.334597     -1.627574
   5580000      0.338246     -1.588958
   5600000      0.286810     -1.586324
   5620000      0.266114     -1.567192
   5640000      0.237064     -1.551938
   5660000      0.197112     -1.558048
   5680000      0.253728     -1.426673
   5700000      0.138912     -1.539253
   5720000      0.090728     -1.529588
   5740000      0.058753     -1.529993
   5760000      0.006906     -1.615309
   5780000     -0.032439     -1.646251
   5800000     -0.035785     -1.458817
   5820000     -0.114763     -1.595652
   5840000     -0.140642     -1.570510
   5860000     -0.166543     -1.516107
   5880000     -0.114986     -1.433377
   5900000     -0.155921     -1.411301
   5920000     -0.284751     -1.602925
   5940000     -0.314224     -1.649535
   5960000     -0.339678     -1.558840
   5980000     -0.380537     -1.580067
   6000000     -0.410794     -1.565475
   6020000     -0.427326     -1.488917
   6040000     -0.429864     -1.448561
   6060000     -0.480129     -1.488858
   6080000     -0.513784     -1.469294
   6100000     -0.588864     -1.707190
   6120000     -0.621460     -1.594275
   6140000     -0.655957     -1.596367
   6160000     -0.685127     -1.701761
   6180000     -0.720868     -1.677776
   6200000     -0.747904     -1.747893
   6220000     -0.773635     -1.750143
   6240000     -0.799184     -1.583177
   6260000     -0.827381     -1.588500
   6280000     -0.836539     -1.540351
   6300000     -0.836149     -1.478682
   6320000     -0.831967     -1.450009
   6340000     -0.971620     -1.646337
   6360000     -0.996483     -1.605905
   6380000     -1.035923     -1.739042
   6400000     -1.056079     -1.771230
   6420000     -1.106657     -1.644666
   6440000     -1.132794     -1.557133
   6460000     -1.188822     -1.729731
   6480000     -1.206111     -1.785075
   6500000     -1.237328     -1.805038
   6520000     -1.265040     -1.766725
   6540000     -1.305308     -1.747446
   6560000     -1.341265     -1.737529
   6580000     -1.387541     -1.666203
   6600000     -1.425419     -1.673477
   6620000     -1.450383     -1.672143
   6640000     -1.481743     -1.659614
   6660000     -1.507726     -1.716244
   6680000     -1.549303     -1.699170
   6700000     -1.562599     -1.785620
   6720000     -1.582346     -1.787692
   6740000     -1.631630     -1.746920
   6760000     -1.675037     -1.719863
   6780000     -1.713153     -1.743813
   6800000     -1.741781     -1.742774
   6820000     -1.781678     -1.740843
   6840000     -1.808475     -1.719043
   6860000     -1.832285     -1.798992
   6880000     -1.879827     -1.710741
   6900000     -1.885936     -1.820588
   6920000     -1.921278     -1.825297
   6940000     -1.956636     -1.755639
   6960000     -2.019098     -1.763050
   6980000     -2.040336     -1.818280
   7000000     -2.063658     -1.854655
   7020000     -2.106349     -1.830309
   7040000     -2.145410     -1.877360
   7060000     -2.184450     -1.832800
   7080000     -2.161783     -2.003140
   7100000     -2.169510     -2.032122
   7120000     -2.177399     -2.091476
   7140000     -2.197689     -2.102507
   7160000     -2.208089     -2.138384
   7180000     -2.257522     -2.115241
   7200000     -2.220072     -2.200968
   7220000     -2.247472     -2.215692
   7240000     -2.230590     -2.264988
   7260000     -2.301386     -2.259350
   7280000     -2.218206     -2.337326
   7300000     -2.250589     -2.370165
   7320000     -2.304401     -2.384151
   7340000     -2.293636     -2.416354
   7360000     -2.486946     -2.349360
   7380000     -2.506335     -2.372876
   7400000     -2.513169     -2.425106
   7420000     -2.571037     -2.404857
   7440000     -2.512530     -2.498187
   7460000     -2.557522     -2.497838
   7480000     -2.526834     -2.558883
   7500000     -2.594196     -2.566342
   7520000     -2.617462     -2.583854
   7540000     -2.683690     -2.564880
   7560000     -2.655186     -2.625063
   7580000     -2.696792     -2.630847
   7600000     -2.707556     -2.658412
   7620000     -2.692250     -2.701010
   7640000     -2.839792     -2.618245
   7660000     -2.859540     -2.662050
   7680000     -2.850600     -2.708209
   7700000     -2.798696     -2.773661
   7720000     -2.812651     -2.816747
   7740000     -2.848142     -2.827812
   7760000     -2.839156     -2.862702
   7780000     -2.844238     -2.896299
   7800000     -2.892563     -2.895811
   7820000     -2.936991     -2.923458
   7840000     -2.948534     -2.938370
   7860000     -2.906916     -2.991766
   7880000     -2.901080     -3.023348
   7900000     -2.923362     -3.043850
   7920000     -2.908692     -3.076047
   7940000     -2.898191     -3.100720
   7960000     -2.899248     -3.119184
   7980000     -2.780912     -3.171321
   8000000     -2.838275     -3.189574
   8020000     -2.649482     -3.199704
   8040000     -2.607707     -3.200395
   8060000     -2.665937     -3.260688
   8080000     -2.673173     -3.300583
   8100000     -2.618675     -3.307285
   8120000     -2.696272     -3.360974
   8140000     -2.656381     -3.367538
   8160000     -2.594001     -3.374963
   8180000     -2.650698     -3.425128
   8200000     -2.550856     -3.419295
   8220000     -2.538165     -3.439260
   8240000     -2.511596     -3.451201
   8260000     -2.720098     -3.573452
   8280000     -2.834192     -3.619117
   8300000     -2.832052     -3.641162
   8320000     -2.839741     -3.682523
   8340000     -2.969256     -3.704003
   8360000     -2.933184     -3.750663
   8380000     -2.933476     -3.767168
   8400000     -2.921528     -3.788193
   8420000     -2.943192     -3.822977
   8440000     -2.967304     -3.844525
   8460000     -2.874979     -3.913982
   8480000     -2.886862     -3.944452
   8500000     -2.764442     -3.968051
   8520000     -2.704515     -3.981544
   8540000     -2.710824     -4.011145
   8560000     -2.715353     -4.048681
   8580000     -2.666451     -4.059136
   8600000     -2.646918     -4.088618
   8620000     -2.626656     -4.102698
   8640000     -2.585578     -4.117386
   8660000     -2.545461     -4.124245
   8680000     -2.518364     -4.142612
   8700000     -2.583923     -4.245290
   8720000     -2.563886     -4.253212
   8740000     -2.582458     -4.308462
   8760000     -2.581741     -4.353471
   8780000     -2.633751     -4.409670
   8800000     -2.580021     -4.397368
   8820000     -2.587613     -4.437647
   8840000     -2.567071     -4.463457
   8860000     -2.539008     -4.482439
   8880000     -2.656925     -4.570331
   8900000     -2.751040     -4.643063
   8920000     -2.725653     -4.674458
   8940000     -2.684522     -4.697022
   8960000     -2.662723     -4.716214
   8980000     -2.623177     -4.732532
   9000000     -2.546340     -4.741529
   9020000     -2.598781     -4.799447
   9040000     -2.544260     -4.823851
   9060000     -2.528215     -4.843075
   9080000     -2.526122     -4.881306
   9100000     -2.494864     -4.898940
   9120000     -2.498674     -4.929391
   9140000     -2.477275     -4.951476
   9160000     -2.492306     -4.990205
   9180000     -2.510575     -5.017159
   9200000     -2.495034     -5.040776
   9220000     -2.300052     -5.004157
   9240000     -2.195419     -4.959849
   9260000     -2.130653     -4.901488
   9280000     -2.110943     -4.972646
   9300000     -2.232804     -5.108869
   9320000     -2.147970     -5.093131
   9340000     -2.229917     -5.183054
   9360000     -2.165646     -5.182943
   9380000     -2.112163     -5.186778
   9400000     -2.229639     -5.278273
   9420000     -2.245883     -5.318550
   9440000     -2.262765     -5.347055
   9460000     -2.322516     -5.364020
   9480000     -2.113489     -5.377872
   9500000     -2.140099     -5.424629
   9520000     -2.145802     -5.467251
   9540000     -2.143073     -5.488305
   9560000     -2.111624     -5.517930
   9580000     -2.143132     -5.563502
   9600000     -2.108567     -5.591558
   9620000     -2.119820     -5.622057
   9640000     -2.189660     -5.674620
   9660000     -2.181561     -5.695276
   9680000     -2.022377     -5.671378
   9700000     -2.306001     -5.751972
   9720000     -2.298906     -5.779241
   9740000     -2.362208     -5.801700
   9760000     -2.361529     -5.823394
   9780000     -2.385533     -5.852168
   9800000     -2.379558     -5.882086
   9820000     -2.442072     -5.891819
   9840000     -2.436359     -5.926102
   9860000     -2.445908     -5.955325
   9880000     -2.436095     -5.988758
   9900000     -2.548337     -5.963722
   9920000     -2.562600     -5.988408
   9940000     -2.534268     -6.021542
   9960000     -2.570457     -6.049250
   9980000     -2.579877     -6.066485
  10000000     -2.533469     -6.130956
