         0      4.000000      0.000000
     20000      3.999151     -0.011199
     40000      4.004044     -0.029454
     60000      4.006893     -0.012862
     80000      4.008040      0.005403
    100000      4.009427      0.005005
    120000      4.006757      0.018315
    140000      4.009267      0.005910
    160000      4.007650     -0.004598
    180000      4.007514     -0.018219
    200000      4.008474     -0.014071
    220000      4.005425     -0.028412
    240000      4.006033     -0.025712
    260000      4.006803      0.004000
    280000      4.004478     -0.020140
    300000      4.008964     -0.027369
    320000      4.006580     -0.028170
    340000      4.008538     -0.008967
    360000      4.006464      0.010442
    380000      4.004098      0.006137
    400000      4.004989      0.013352
    420000      4.006474      0.009722
    440000      4.003601      0.011569
    460000      4.002746     -0.015033
    480000      4.006099     -0.011216
    500000      4.004533      0.003779
    520000      4.007843     -0.008073
    540000      4.005559     -0.005126
    560000      4.006004     -0.030322
    580000      4.009160     -0.028565
    600000      4.008047     -0.019014
    620000      4.006697     -0.033659
    640000      4.007656     -0.026535
    660000      4.008006     -0.008633
    680000      4.007830     -0.012422
    700000      4.007132     -0.018529
    720000      4.008330     -0.010554
    740000      4.008748     -0.004814
    760000      4.007669     -0.017960
    780000      4.005268     -0.020840
    800000      4.008050     -0.026596
    820000      4.009433     -0.021821
    840000      4.009973     -0.019719
    860000      4.009440      0.004017
    880000      4.007689      0.008448
    900000      4.008979      0.002434
    920000      4.009904      0.002436
    940000      4.013401      0.002350
    960000      4.012299      0.011558
    980000      4.012227      0.010566
   1000000      4.009137     -0.013288
   1020000      4.007709     -0.009405
   1040000      4.010685     -0.016299
   1060000      4.010518     -0.015364
   1080000      4.009706     -0.017072
   1100000      4.005856     -0.026978
   1120000      4.007315     -0.015878
   1140000      4.009246     -0.021549
   1160000      4.007854     -0.017529
   1180000      4.009545     -0.015686
   1200000      4.010270     -0.013569
   1220000      4.005115     -0.037231
   1240000      4.008030     -0.023399
   1260000      4.007690     -0.034947
   1280000      4.013413     -0.020972
   1300000      4.007441      0.002010
   1320000      4.007165      0.008622
   1340000      4.011342      0.009044
   1360000      4.012436     -0.002670
   1380000      4.012494     -0.002004
   1400000      4.013338      0.023331
   1420000      4.010062      0.027267
   1440000      4.009556     -0.011200
   1460000      4.005858      0.015433
   1480000      4.007497      0.006510
   1500000      4.007474     -0.015156
   1520000      4.011357     -0.028797
   1540000      4.007615     -0.025991
   1560000      4.008450     -0.008101
   1580000      4.009663      0.009530
   1600000      4.008306      0.013774
   1620000      4.006285      0.013271
   1640000      4.007889      0.006376
   1660000      4.004792      0.018405
   1680000      4.008890     -0.009049
   1700000      4.005041      0.003238
   1720000      4.008914     -0.003199
   1740000      4.013721     -0.012407
   1760000      4.012375     -0.003887
   1780000      4.010804      0.002887
   1800000      4.007218      0.016673
   1820000      4.005483      0.021502
   1840000      4.008330     -0.008729
   1860000      4.009826     -0.000937
   1880000      4.009914      0.023127
   1900000      4.007707      0.013065
   1920000      4.007093      0.010436
   1940000      4.011014      0.008890
   1960000      4.014488      0.003352
   1980000      4.009074     -0.017882
   2000000      4.007808     -0.013650
   2020000      4.014229      0.002746
   2040000      4.012516      0.016526
   2060000      4.002502      0.016454
   2080000      4.003602      0.015982
   2100000      4.009210      0.001605
   2120000      4.009018     -0.010299
   2140000      4.009637     -0.014425
   2160000      4.007930      0.014030
   2180000      4.009438      0.013827
   2200000      4.012138      0.012788
   2220000      4.014502     -0.002389
   2240000      4.014586     -0.017633
   2260000      4.007885      0.016276
   2280000      4.013157     -0.004940
   2300000      4.006794      0.016937
   2320000      4.013828      0.023976
   2340000      4.014990      0.019230
   2360000      4.010447     -0.016409
   2380000      4.013894     -0.010343
   2400000      4.012367     -0.015104
   2420000      4.011814     -0.027143
   2440000      4.010933     -0.029892
   2460000      4.006898     -0.039107
   2480000      4.007953     -0.034295
   2500000      4.008654     -0.021961
   2520000      4.011346     -0.016222
   2540000      4.013082     -0.019732
   2560000      4.010432     -0.018456
   2580000      4.012594     -0.016860
   2600000      4.013386      0.001629
   2620000      4.009223     -0.039534
   2640000      4.008820     -0.005201
   2660000      4.011087     -0.008037
   2680000      4.007662      0.012844
   2700000      4.001249      0.028501
   2720000      4.006762      0.017578
   2740000      4.006761      0.019304
   2760000      4.006457     -0.029433
   2780000      4.002475     -0.030540
   2800000      4.010073     -0.013400
   2820000      4.005892     -0.023300
   2840000      4.010558     -0.015090
   2860000      4.006988     -0.020157
   2880000      4.010067      0.014580
   2900000      4.010330     -0.002504
   2920000      4.012865     -0.016504
   2940000      4.010537     -0.002160
   2960000      4.003030     -0.011073
   2980000      4.007921      0.002041
   3000000      4.008481      0.007114
   3020000      4.009825      0.008679
   3040000      4.005547      0.007811
   3060000      4.006793     -0.026571
   3080000      4.007488     -0.012446
   3100000      4.010647     -0.004413
   3120000      4.005963     -0.042532
   3140000      4.005017     -0.037631
   3160000      4.005393     -0.039840
   3180000      4.014717     -0.013970
   3200000      4.011062     -0.006423
   3220000      4.010907      0.014972
   3240000      4.009550      0.007284
   3260000      4.013209      0.014483
   3280000      4.012641      0.016270
   3300000      4.018081      0.026454
   3320000      4.011322      0.021707
   3340000      4.013864      0.030493
   3360000      4.008963      0.009120
   3380000      4.004376     -0.036307
   3400000      4.004881     -0.053393
   3420000      4.005945     -0.044940
   3440000      4.008824     -0.047336
   3460000      4.009299     -0.048751
   3480000      4.005903     -0.072111
   3500000      3.998823     -0.100967
   3520000      3.999787     -0.109872
   3540000      4.012118     -0.061836
   3560000      4.009344     -0.062515
   3580000      4.011084     -0.042436
   3600000      4.009889     -0.060356
   3620000      4.014559     -0.036287
   3640000      4.004920     -0.047867
   3660000      4.007988     -0.017778
   3680000      4.012971     -0.011786
   3700000      4.009256      0.021468
   3720000      4.007946      0.025082
   3740000      4.002277     -0.057425
   3760000      4.007615     -0.019331
   3780000      3.999708     -0.084732
   3800000      4.004427      0.015063
   3820000      4.007295      0.022255
   3840000      4.008603      0.030979
   3860000      4.016807     -0.004585
   3880000      4.001660      0.055606
   3900000      4.006820     -0.054181
   3920000      4.004490     -0.042430
   3940000      4.011113     -0.043621
   3960000      4.012804     -0.042929
   3980000      4.006034     -0.061792
   4000000      4.008167     -0.043958
   4020000      4.011897     -0.038174
   4040000      4.002597     -0.092714
   4060000      4.005673     -0.113447
   4080000      3.998002     -0.115898
   4100000      4.001306     -0.119670
   4120000      4.005160     -0.108930
   4140000      4.006908     -0.094402
   4160000      4.010638     -0.136939
   4180000      4.034061     -0.109522
   4200000      4.019838     -0.178887
   4220000      4.041012     -0.170651
   4240000      4.093891     -0.095006
   4260000      4.123238     -0.087413
   4280000      4.146710     -0.002437
   4300000      4.158387      0.060902
   4320000      4.159582     -0.155308
   4340000      4.198837     -0.135612
   4360000      4.213463     -0.152751
   4380000      4.215392     -0.159422
   4400000      4.231502     -0.154883
   4420000      4.216865     -0.214051
   4440000      4.245152     -0.194249
   4460000      4.323305      0.274996
   4480000      4.340208      0.312863
   4500000      4.362727      0.258952
   4520000      4.384310      0.237878
   4540000      4.393714      0.325878
   4560000      4.421690      0.207392
   4580000      4.433416      0.247925
   4600000      4.445070      0.216278
   4620000      4.462611      0.271970
   4640000      4.478527      0.278100
   4660000      4.482077      0.278954
   4680000      4.365008      0.470675
   4700000      4.282231      0.778209
   4720000      4.238793      0.883120
   4740000      4.281740      0.849293
   4760000      4.288704      0.874469
   4780000      4.286444      0.891945
   4800000      4.306482      0.896538
   4820000      4.300277      0.906576
   4840000      4.390635      0.808145
   4860000      4.453260      0.774888
   4880000      4.468139      0.779002
   4900000      4.487222      0.781235
   4920000      4.449510      0.856320
   4940000      4.413179      0.936952
   4960000      4.391623      0.986349
   4980000      4.378159      1.012282
   5000000      4.403307      1.007735
   5020000      4.408360      1.023328
   5040000      4.391965      1.047863
   5060000      4.369402      1.071633
   5080000      4.427541      1.052942
   5100000      4.435442      1.066935
   5120000      4.417293      1.091318
   5140000      4.416412      1.095671
   5160000      4.418062      1.103786
   5180000      4.433644      1.136651
   5200000      4.466988      1.122365
   5220000      4.453171      1.161140
   5240000      4.430890      1.177385
   5260000      4.467408      1.190111
   5280000      4.612897      1.096169
   5300000      4.593149      1.153366
   5320000      4.594633      1.169470
   5340000      4.615725      1.172449
   5360000      4.640710      1.170246
   5380000      4.639496      1.192703
   5400000      4.658549      1.195608
   5420000      4.663829      1.211782
   5440000      4.754877      1.157607
   5460000      4.665815      1.257358
   5480000      4.648534      1.288306
   5500000      4.655601      1.295130
   5520000      4.678246      1.284893
   5540000      4.663790      1.305769
   5560000      4.712340      1.319836
   5580000      4.720555      1.342128
   5600000      4.709700      1.362822
   5620000      4.712833      1.380442
   5640000      4.706758      1.393580
   5660000      4.704718      1.409075
   5680000      4.709633      1.432149
   5700000      4.737785      1.437403
   5720000      4.711468      1.462166
   5740000      4.716524      1.476729
   5760000      4.810032      1.445032
   5780000      4.783032      1.490498
   5800000      4.783311      1.501765
   5820000      4.786281      1.509029
   5840000      4.802541      1.518297
   5860000      4.821950      1.526762
   5880000      4.842686      1.537118
   5900000      4.841333      1.548519
   5920000      4.735579      1.613474
   5940000      4.805545      1.596604
   5960000      4.917074      1.552843
   5980000      4.877552      1.601613
   6000000      4.880087      1.609470
   6020000      4.955466      1.544234
   6040000      4.952369      1.609854
   6060000      4.830761      1.707243
   6080000      4.808168      1.724982
   6100000      4.846980      1.735745
   6120000      4.948333      1.709157
   6140000      4.967215      1.711700
   6160000      5.001862      1.697526
   6180000      4.850707      1.809214
   6200000      4.868185      1.826801
   6220000      4.909940      1.834395
   6240000      4.927190      1.840465
   6260000      4.495798      1.901427
   6280000      4.454530      1.914813
   6300000      4.432320      1.918608
   6320000      4.729144      1.937167
   6340000      4.393650      1.939774
   6360000      4.540726      1.977593
   6380000      4.841146      1.973004
   6400000      4.495409      2.002053
   6420000      4.632815      2.041062
   6440000      4.654047      2.059800
   6460000      4.718654      2.056335
   6480000      4.764936      2.056361
   6500000      4.624108      2.097650
   6520000      4.676733      2.112045
   6540000      4.697156      2.121221
   6560000      4.687601      2.142424
   6580000      4.685992      2.162439
   6600000      4.622628      2.177052
   6620000      4.608745      2.182998
   6640000      4.644053      2.204286
   6660000      4.719240      2.222194
   6680000      4.708131      2.231682
   6700000      4.573728      2.233269
   6720000      4.657477      2.260433
   6740000      4.658154      2.268493
   6760000      4.739177      2.291933
   6780000      4.677843      2.307084
   6800000      4.927035      2.267555
   6820000      4.877607      2.310927
   6840000      4.899831      2.312332
   6860000      4.935027      2.296540
   6880000      4.967475      2.269380
   6900000      4.789305      2.386976
   6920000      4.746432      2.412152
   6940000      4.741300      2.423955
   6960000      4.856307      2.419314
   6980000      4.846950      2.438394
   7000000      4.863548      2.449313
   7020000      4.882571      2.460233
   7040000      4.852453      2.483948
   7060000      4.883329      2.486101
   7080000      4.861708      2.504902
   7100000      4.866764      2.523723
   7120000      4.845420      2.540660
   7140000      4.894420      2.550250
   7160000      4.929002      2.557414
   7180000      4.922301      2.581149
   7200000      4.913381      2.593660
   7220000      5.098510      2.519204
   7240000      5.061293      2.571250
   7260000      5.064476      2.584174
   7280000      5.088941      2.588092
   7300000      4.950883      2.647803
   7320000      4.934180      2.662940
   7340000      4.985181      2.674184
   7360000      4.954610      2.699815
   7380000      5.011037      2.676634
   7400000      5.039064      2.670837
   7420000      5.058256      2.668624
   7440000      5.066117      2.676398
   7460000      4.917115      2.799545
   7480000      4.887205      2.823705
   7500000      4.895888      2.833109
   7520000      4.802758      2.850550
   7540000      4.827431      2.863123
   7560000      4.831631      2.881624
   7580000      4.820069      2.899092
   7600000      4.903093      2.910129
   7620000      4.917046      2.927047
   7640000      4.918748      2.945489
   7660000      4.862033      2.978103
   7680000      4.831083      2.987610
   7700000      4.814859      3.000313
   7720000      4.807647      3.014332
   7740000      4.751793      3.015105
   7760000      4.751848      3.031691
   7780000      4.816318      3.061105
   7800000      4.729706      3.059003
   7820000      4.768146      3.078980
   7840000      4.699621      3.077856
   7860000      4.825239      3.121400
   7880000      4.738843      3.120771
   7900000      4.669827      3.114356
   7920000      4.815216      3.168565
   7940000      4.845641      3.185539
   7960000      4.844412      3.201324
   7980000      4.827879      3.233007
   8000000      4.757836      3.229334
   8020000      4.826644      3.260464
   8040000      4.765816      3.262142
   8060000      4.707537      3.263331
   8080000      4.762483      3.299752
   8100000      4.730480      3.293891
   8120000      4.775833      3.321167
   8140000      4.772248      3.344360
   8160000      4.863398      3.367174
   8180000      4.961908      3.386246
   8200000      4.941937      3.397733
   8220000      4.972650      3.421288
   8240000      4.956886      3.428968
   8260000      4.961009      3.438841
   8280000      5.025309      3.448037
   8300000      5.060614      3.453549
   8320000      5.060968      3.466520
   8340000      5.442606      3.272027
   8360000      5.315107      3.396339
   8380000      5.378396      3.350467
   8400000      5.427321      3.333980
   8420000      5.362018      3.413050
   8440000      5.296159      3.490831
   8460000      5.311873      3.512211
   8480000      5.241356      3.557388
   8500000      5.283017      3.561450
   8520000      5.298567      3.570262
   8540000      5.281116      3.592951
   8560000      5.344725      3.569793
   8580000      5.367246      3.579912
   8600000      5.448901      3.508771
   8620000      5.412794      3.573948
   8640000      5.284114      3.676307
   8660000      5.279103      3.692201
   8680000      5.273520      3.702443
   8700000      5.298654      3.717803
   8720000      5.310439      3.727280
   8740000      5.402534      3.687282
   8760000      5.398527      3.713385
   8780000      5.334586      3.774433
   8800000      5.329414      3.789534
   8820000      5.351716      3.783937
   8840000      5.353984      3.793703
   8860000      5.175056      3.897248
   8880000      5.251563      3.895212
   8900000      5.119043      3.916210
   8920000      5.425933      3.818705
   8940000      5.433765      3.818480
   8960000      5.367944      3.890640
   8980000      5.316432      3.950562
   9000000      5.311858      3.963104
   9020000      5.350058      3.957537
   9040000      5.360206      3.974086
   9060000      5.377835      3.985211
   9080000      5.432003      3.957595
   9100000      5.456258      3.938848
   9120000      5.424649      3.978047
   9140000      5.234874      4.105524
   9160000      5.102582      4.168628
   9180000      5.149835      4.169566
   9200000      5.066623      4.222050
   9220000      5.060525      4.243986
   9240000      5.089140      4.249626
   9260000      5.168572      4.244061
   9280000      5.223757      4.237878
   9300000      5.190066      4.273070
   9320000      5.368379      4.196625
   9340000      5.357760      4.253103
   9360000      5.353510      4.244039
   9380000      5.315101      4.301952
   9400000      5.346237      4.310605
   9420000      5.383048      4.304324
   9440000      5.335118      4.349067
   9460000      5.282781      4.394348
   9480000      5.158469      4.421053
   9500000      5.307322      4.429623
   9520000      5.323487      4.431169
   9540000      5.305112      4.451337
   9560000      5.311474      4.467106
   9580000      5.342531      4.472774
   9600000      5.337189      4.437654
   9620000      5.362553      4.431662
   9640000      5.193663      4.559018
   9660000      4.928262      4.610555
   9680000      4.919496      4.647533
   9700000      4.562395      4.591870
   9720000      4.564144      4.602621
   9740000      4.567754      4.626113
   9760000      4.605673      4.660034
   9780000      4.547183      4.644373
   9800000      4.561026      4.654776
   9820000      4.644151      4.719694
   9840000      4.780533      4.766204
   9860000      4.904959      4.740049
   9880000      4.667343      4.786462
   9900000      4.870830      4.758834
   9920000      4.725039      4.790945
   9940000      4.622435      4.804395
   9960000      4.904137      4.846283
   9980000      4.375837      4.754781
  10000000      4.342192      4.806237
