         0      4.000000      0.000000
     20000      4.007149     -0.010624
     40000      4.011083     -0.001077
     60000      4.012166     -0.016658
     80000      4.010638     -0.039617
    100000      4.015671     -0.036601
    120000      4.032015     -0.037261
    140000      4.061453     -0.039231
    160000      4.081963     -0.010571
    180000      4.102103      0.010474
    200000      4.122324     -0.030012
    220000      4.126887     -0.061580
    240000      4.136227     -0.086708
    260000      4.213832      0.125336
    280000      4.230967      0.146169
    300000      4.261755      0.103341
    320000      4.289983      0.026778
    340000      4.288961     -0.038044
    360000      4.324088      0.097294
    380000      4.363290      0.170248
    400000      4.385712      0.133210
    420000      4.411884      0.161296
    440000      4.453404      0.099065
    460000      4.488030      0.037808
    480000      4.513281      0.049764
    500000      4.532733      0.091092
    520000      4.529596      0.130802
    540000      4.585089      0.073051
    560000      4.617288      0.075292
    580000      4.646644      0.037940
    600000      4.678470      0.021293
    620000      4.664424      0.136648
    640000      4.707899      0.115867
    660000      4.738967      0.116698
    680000      4.764345      0.135754
    700000      4.796523      0.112885
    720000      4.820089      0.127615
    740000      4.837364      0.131434
    760000      4.874999      0.160523
    780000      4.877433      0.198169
    800000      4.923390      0.155993
    820000      4.962148      0.099578
    840000      4.984260      0.101031
    860000      4.985330      0.205785
    880000      5.024467      0.125798
    900000      5.027134      0.210866
    920000      5.073784      0.136329
    940000      5.069682      0.198875
    960000      5.106949      0.181579
    980000      5.147662      0.104358
   1000000      5.188384     -0.036290
   1020000      5.198750     -0.061072
   1040000      5.231368     -0.032648
   1060000      5.254263      0.008699
   1080000      5.270267      0.079735
   1100000      5.293952      0.068621
   1120000      5.294088      0.129850
   1140000      5.336839      0.022148
   1160000      5.366966      0.051978
   1180000      5.389620      0.141081
   1200000      5.419695      0.137520
   1220000      5.442608      0.169037
   1240000      5.477356      0.121644
   1260000      5.521150      0.071922
   1280000      5.541131      0.180963
   1300000      5.564071      0.154136
   1320000      5.587458      0.157626
   1340000      5.611521      0.206305
   1360000      5.623947      0.236513
   1380000      5.632666      0.247755
   1400000      5.664826      0.243457
   1420000      5.677474      0.261581
   1440000      5.691133      0.287391
   1460000      5.715782      0.277912
   1480000      5.750578      0.272179
   1500000      5.806379      0.159224
   1520000      5.804327      0.289020
   1540000      5.846997      0.219639
   1560000      5.873553      0.229348
   1580000      5.899958      0.220992
   1600000      5.939856      0.131433
   1620000      5.972105      0.275587
   1640000      5.962329      0.381573
   1660000      5.986084      0.395937
   1680000      5.988491      0.417170
   1700000      6.063820      0.327005
   1720000      6.080067      0.445985
   1740000      6.081291      0.499042
   1760000      6.159727      0.272948
   1780000      6.104815      0.536018
   1800000      6.137693      0.536787
   1820000      6.125836      0.587430
   1840000      6.149706      0.596273
   1860000      6.164793      0.614078
   1880000      6.167273      0.648093
   1900000      6.225988      0.615867
   1920000      6.252379      0.619969
   1940000      6.264544      0.666225
   1960000      6.284257      0.683934
   1980000      6.314665      0.679925
   2000000      6.382110      0.567350
   2020000      6.391873      0.556504
   2040000      6.308758      0.823767
   2060000      6.295946      0.884640
   2080000      6.337805      0.884438
   2100000      6.365309      0.885685
   2120000      6.372634      0.895768
   2140000      6.378193      0.935043
   2160000      6.516709      0.826326
   2180000      6.488872      0.878708
   2200000      6.521866      0.880746
   2220000      6.472883      0.965698
   2240000      6.516566      0.960269
   2260000      6.493105      1.017918
   2280000      6.553762      0.987639
   2300000      6.546807      1.038478
   2320000      6.615698      0.976328
   2340000      6.643007      0.974179
   2360000      6.544483      1.108136
   2380000      6.611750      1.110329
   2400000      6.607178      1.149850
   2420000      6.645411      1.147451
   2440000      6.646022      1.181863
   2460000      6.642084      1.223020
   2480000      6.674946      1.211195
   2500000      6.722889      1.192329
   2520000      6.749647      1.183472
   2540000      6.762999      1.200925
   2560000      6.767393      1.232799
   2580000      6.779463      1.266239
   2600000      6.746923      1.348966
   2620000      6.809675      1.303608
   2640000      6.888983      1.193600
   2660000      6.867764      1.275692
   2680000      6.914194      1.194106
   2700000      6.928944      1.259184
   2720000      6.966200      1.229602
   2740000      6.906214      1.410339
   2760000      6.938654      1.403481
   2780000      6.909340      1.461500
   2800000      6.916321      1.489430
   2820000      6.843257      1.599520
   2840000      6.915842      1.573246
   2860000      6.871992      1.650800
   2880000      6.920972      1.639095
   2900000      6.854757      1.705416
   2920000      6.890098      1.729172
   2940000      6.739105      1.799441
   2960000      7.070998      1.659097
   2980000      7.153124      1.599403
   3000000      7.107150      1.698756
   3020000      7.079046      1.751096
   3040000      7.095784      1.762291
   3060000      7.123904      1.764950
   3080000      7.177187      1.738511
   3100000      7.205300      1.729855
   3120000      7.078406      1.902251
   3140000      7.184504      1.800574
   3160000      7.045132      1.980981
   3180000      6.969490      2.058338
   3200000      6.954707      2.079401
   3220000      6.936356      2.102263
   3240000      7.058439      2.090456
   3260000      7.054038      2.121047
   3280000      7.189146      2.072254
   3300000      7.135316      2.143736
   3320000      7.134242      2.169819
   3340000      7.165182      2.191334
   3360000      7.150692      2.223118
   3380000      7.162210      2.241565
   3400000      7.147371      2.267017
   3420000      7.103849      2.306421
   3440000      7.193821      2.307645
   3460000      7.247917      2.311158
   3480000      7.217877      2.339382
   3500000      7.225670      2.369823
   3520000      7.191091      2.405191
   3540000      7.238809      2.416220
   3560000      7.272767      2.424418
   3580000      7.237687      2.477396
   3600000      7.247055      2.503045
   3620000      7.324285      2.495993
   3640000      7.262779      2.536597
   3660000      7.295701      2.554501
   3680000      7.515178      2.452834
   3700000      7.440147      2.526612
   3720000      7.378457      2.588614
   3740000      7.380445      2.602110
   3760000      7.321492      2.638715
   3780000      7.357856      2.653102
   3800000      7.393235      2.669201
   3820000      7.376869      2.711633
   3840000      7.371535      2.731504
   3860000      7.378415      2.751594
   3880000      7.390748      2.772220
   3900000      7.452179      2.788332
   3920000      7.729934      2.684449
   3940000      7.981237      2.515117
   3960000      7.995384      2.539856
   3980000      8.042342      2.525729
   4000000      8.036303      2.563361
   4020000      7.987349      2.618479
   4040000      8.022853      2.626179
   4060000      8.034533      2.643819
   4080000      7.844475      2.754307
   4100000      7.828933      2.773457
   4120000      8.020096      2.755001
   4140000      7.931108      2.813266
   4160000      7.937857      2.842674
   4180000      7.924086      2.873075
   4200000      7.844260      2.915226
   4220000      7.863931      2.932048
   4240000      7.835993      2.952744
   4260000      7.754490      2.975902
   4280000      7.747087      2.986266
   4300000      7.773817      3.018607
   4320000      7.800672      3.044136
   4340000      7.839975      3.065724
   4360000      7.861237      3.090558
   4380000      7.858512      3.116667
   4400000      7.915396      3.125482
   4420000      7.944114      3.138941
   4440000      7.970043      3.138748
   4460000      7.999709      3.130916
   4480000      8.230104      3.072719
   4500000      8.303595      3.073152
   4520000      8.187206      3.121670
   4540000      8.215291      3.148201
   4560000      8.232921      3.154490
   4580000      8.231512      3.180250
   4600000      8.213591      3.204520
   4620000      8.246247      3.211011
   4640000      7.947782      3.227364
   4660000      8.103081      3.263547
   4680000      8.066812      3.292860
   4700000      8.052432      3.317855
   4720000      8.041600      3.336075
   4740000      8.047459      3.353225
   4760000      8.202333      3.381130
   4780000      8.206840      3.406645
   4800000      8.145700      3.441751
   4820000      8.161109      3.468572
   4840000      8.131670      3.499455
   4860000      8.124463      3.514718
   4880000      8.015497      3.531428
   4900000      8.102639      3.568516
   4920000      8.063410      3.595658
   4940000      7.981622      3.603483
   4960000      7.999333      3.630815
   4980000      8.103225      3.667435
   5000000      8.120168      3.698506
   5020000      8.020639      3.736311
   5040000      7.959625      3.741331
   5060000      7.956178      3.761091
   5080000      8.075210      3.804542
   5100000      8.051286      3.821497
   5120000      8.098068      3.841445
   5140000      8.117268      3.871587
   5160000      8.076989      3.897245
   5180000      8.075210      3.913352
   5200000      8.076250      3.932208
   5220000      8.108774      3.971952
   5240000      8.120405      3.992752
   5260000      8.251681      3.982646
   5280000      8.219258      4.017135
   5300000      8.269425      4.021609
   5320000      8.306908      4.030980
   5340000      8.304495      4.045827
   5360000      8.331627      4.060238
   5380000      8.342374      4.064324
   5400000      7.948634      4.185170
   5420000      8.164405      4.222864
   5440000      8.168097      4.240537
   5460000      8.144169      4.264755
   5480000      8.182357      4.284318
   5500000      8.171793      4.304358
   5520000      8.116211      4.327797
   5540000      8.059703      4.321734
   5560000      8.084834      4.368679
   5580000      8.091511      4.394898
   5600000      8.153985      4.415682
   5620000      8.288136      4.422320
   5640000      8.317074      4.436773
   5660000      8.338437      4.448391
   5680000      8.304415      4.480262
   5700000      8.427569      4.419332
   5720000      8.431996      4.453416
   5740000      8.441146      4.465246
   5760000      8.449791      4.486745
   5780000      8.460504      4.506913
   5800000      8.479203      4.534677
   5820000      8.365106      4.640584
   5840000      8.396011      4.647897
   5860000      8.448056      4.632309
   5880000      8.458778      4.634476
   5900000      8.432910      4.692046
   5920000      8.313365      4.776268
   5940000      8.354620      4.789623
   5960000      8.380757      4.813164
   5980000      8.388784      4.838008
   6000000      8.412797      4.843162
   6020000      8.430579      4.862799
   6040000      8.378676      4.918834
   6060000      8.385575      4.941966
   6080000      8.361286      4.959584
   6100000      8.412430      4.976821
   6120000      8.368685      4.998388
   6140000      8.337670      5.035836
   6160000      8.316979      5.051631
   6180000      8.367010      5.080895
   6200000      8.302628      5.094078
   6220000      8.435029      5.110625
   6240000      8.494666      5.133309
   6260000      8.465426      5.173399
   6280000      8.558211      5.163969
   6300000      8.676220      5.111735
   6320000      8.597352      5.188530
   6340000      8.611740      5.214081
   6360000      8.588406      5.237950
   6380000      8.642066      5.247315
   6400000      8.795765      5.132748
   6420000      8.689031      5.266841
   6440000      8.700924      5.292316
   6460000      8.753453      5.305345
   6480000      8.806421      5.277381
   6500000      8.566714      5.468441
   6520000      8.576076      5.506246
   6540000      8.521570      5.541748
   6560000      8.515171      5.562759
   6580000      8.746530      5.508657
   6600000      8.725841      5.552162
   6620000      8.739760      5.562691
   6640000      8.771024      5.573000
   6660000      8.811377      5.581840
   6680000      8.815868      5.609751
   6700000      8.842799      5.610835
   6720000      8.882004      5.618975
   6740000      8.760965      5.721059
   6760000      8.735648      5.759904
   6780000      8.677381      5.769766
   6800000      8.632254      5.826656
   6820000      8.684469      5.827578
   6840000      8.684521      5.850452
   6860000      8.559474      5.883807
   6880000      8.671707      5.896702
   6900000      8.755008      5.895800
   6920000      8.731912      5.930041
   6940000      8.667801      5.967050
   6960000      8.745946      5.976270
   6980000      8.636806      5.994590
   7000000      8.832258      5.999631
   7020000      8.845126      6.013074
   7040000      8.849153      6.045597
   7060000      8.835456      6.067334
   7080000      8.821379      6.082971
   7100000      8.990316      6.062064
   7120000      8.952351      6.101121
   7140000      8.914866      6.123770
   7160000      8.878625      6.137307
   7180000      8.888677      6.160284
   7200000      8.948221      6.175808
   7220000      8.884556      6.200809
   7240000      9.094661      6.183652
   7260000      9.281352      6.021832
   7280000      9.144535      6.228461
   7300000      9.102542      6.272699
   7320000      9.134462      6.294507
   7340000      9.129949      6.311130
   7360000      9.153495      6.328740
   7380000      9.188485      6.339349
   7400000      9.143140      6.388180
   7420000      9.177238      6.401251
   7440000      9.182841      6.427798
   7460000      9.176509      6.447993
   7480000      9.232360      6.454564
   7500000      9.264167      6.460123
   7520000      9.194083      6.520476
   7540000      9.230021      6.546821
   7560000      9.260681      6.565136
   7580000      9.306074      6.556980
   7600000      9.314002      6.574446
   7620000      9.358168      6.586060
   7640000      9.333977      6.630154
   7660000      9.370203      6.633327
   7680000      9.372825      6.658714
   7700000      9.371010      6.686525
   7720000      9.374168      6.702868
   7740000      9.549405      6.602335
   7760000      9.646599      6.526228
   7780000      9.647693      6.560636
   7800000      9.705825      6.495429
   7820000      9.593177      6.691977
   7840000      9.669777      6.616995
   7860000      9.360278      6.875526
   7880000      9.417061      6.893226
   7900000      9.298962      6.939161
   7920000      9.275262      6.981437
   7940000      9.229271      6.990293
   7960000      9.309223      7.033493
   7980000      9.361864      7.056457
   8000000      9.524842      6.989716
   8020000      9.439538      7.069252
   8040000      9.443206      7.096733
   8060000      9.432447      7.119538
   8080000      9.410975      7.148116
   8100000      9.446259      7.166724
   8120000      9.462911      7.206487
   8140000      9.464325      7.228098
   8160000      9.365365      7.276013
   8180000      9.144624      7.301712
   8200000      9.164479      7.343254
   8220000      9.118300      7.341357
   8240000      9.078049      7.336701
   8260000      9.091399      7.369780
   8280000      9.060109      7.403427
   8300000      9.145971      7.446978
   8320000      9.046309      7.439258
   8340000      9.122923      7.504312
   8360000      9.161549      7.531883
   8380000      9.113597      7.540808
   8400000      9.051463      7.556727
   8420000      8.993609      7.547683
   8440000      9.034068      7.590269
   8460000      9.040514      7.615285
   8480000      8.994531      7.621938
   8500000      8.956588      7.616517
   8520000      8.941267      7.637930
   8540000      8.983000      7.701832
   8560000      8.987703      7.742079
   8580000      8.970570      7.742851
   8600000      8.955432      7.763376
   8620000      8.934457      7.797311
   8640000      9.007601      7.853300
   8660000      9.009918      7.863073
   8680000      9.054809      7.904904
   8700000      8.990997      7.894953
   8720000      9.043416      7.936296
   8740000      9.061020      7.971847
   8760000      9.115294      7.999003
   8780000      9.113936      8.038470
   8800000      8.967306      8.033819
   8820000      8.875501      8.016713
   8840000      8.942407      8.062740
   8860000      8.967475      8.108729
   8880000      8.904042      8.118576
   8900000      8.878127      8.130349
   8920000      8.903632      8.162301
   8940000      8.978393      8.212666
   8960000      8.990801      8.238852
   8980000      9.250148      8.237248
   9000000      8.846706      8.268500
   9020000      8.901260      8.306722
   9040000      8.918436      8.332344
   9060000      8.891436      8.367748
   9080000      8.896693      8.391234
   9100000      8.806616      8.394420
   9120000      8.827600      8.436242
   9140000      8.873990      8.469035
   9160000      8.875988      8.487961
   9180000      8.903673      8.523669
   9200000      8.853953      8.552042
   9220000      8.846049      8.567917
   9240000      8.814050      8.575487
   9260000      8.819158      8.603221
   9280000      8.864579      8.628505
   9300000      8.865392      8.652303
   9320000      8.826922      8.675135
   9340000      8.853842      8.696077
   9360000      8.836060      8.732551
   9380000      8.819403      8.755160
   9400000      8.729450      8.733984
   9420000      8.789650      8.789830
   9440000      8.778342      8.811809
   9460000      8.830085      8.852110
   9480000      8.830795      8.876719
   9500000      8.672978      8.842576
   9520000      8.737388      8.884791
   9540000      8.689337      8.882663
   9560000      8.548409      8.811976
   9580000      8.551800      8.880879
   9600000      8.519626      8.882372
   9620000      8.511209      8.909314
   9640000      8.497442      8.921885
   9660000      8.413114      8.886492
   9680000      8.354442      8.861086
   9700000      8.442864      8.994457
   9720000      8.244879      8.797724
   9740000      8.230995      8.834925
   9760000      8.413987      9.079488
   9780000      8.529279      9.180333
   9800000      8.407402      9.149067
   9820000      8.392819      9.172236
   9840000      8.440715      9.227485
   9860000      8.340416      9.201464
   9880000      8.407165      9.272559
   9900000      8.344783      9.279356
   9920000      8.345570      9.297477
   9940000      8.238572      9.268715
   9960000      8.210319      9.281467
   9980000      8.204769      9.308836
  10000000      8.188354      9.319751
