         0      4.000000      0.000000
     20000      4.002033      0.008818
     40000      4.001148      0.003548
     60000      4.001798     -0.000674
     80000      4.002637      0.008745
    100000      4.002268      0.000921
    120000      4.001996      0.009924
    140000      4.002734      0.008465
    160000      4.002958     -0.002182
    180000      4.003490     -0.000934
    200000      4.003366      0.002018
    220000      4.004786      0.002031
    240000      4.001597     -0.000287
    260000      4.002277      0.000962
    280000      4.002642     -0.000529
    300000      4.004878     -0.002673
    320000      4.004317      0.002130
    340000      4.003812     -0.001142
    360000      4.001904      0.006959
    380000      4.001309      0.005560
    400000      4.002120     -0.004216
    420000      4.004580      0.006085
    440000      4.002276      0.007112
    460000      4.001224      0.005533
    480000      4.002664      0.003937
    500000      4.002640      0.002088
    520000      4.002330      0.000968
    540000      4.003564      0.002077
    560000      4.004776      0.001310
    580000      4.002605     -0.000233
    600000      4.004040      0.000371
    620000      4.003685     -0.000665
    640000      3.998936     -0.002693
    660000      4.002063      0.006217
    680000      4.002397     -0.002342
    700000      4.003243     -0.007150
    720000      4.002703     -0.001230
    740000      4.002090      0.005666
    760000      4.000353     -0.003501
    780000      4.000962     -0.003583
    800000      4.000019      0.000805
    820000      4.001589      0.006992
    840000      4.001932     -0.004847
    860000      4.001728     -0.005948
    880000      4.002876      0.000655
    900000      4.005477      0.003033
    920000      4.002970     -0.001890
    940000      4.002718     -0.000109
    960000      4.003426     -0.001864
    980000      4.001232     -0.003684
   1000000      4.000003     -0.002622
   1020000      4.001057      0.004395
   1040000      4.001518      0.002543
   1060000      4.003124      0.003068
   1080000      4.002170      0.003396
   1100000      4.000727      0.008912
   1120000      4.003543     -0.002577
   1140000      4.004232      0.002636
   1160000      4.004969      0.001584
   1180000      4.001376      0.002515
   1200000      4.002040     -0.001706
   1220000      4.003460     -0.010134
   1240000      4.003468      0.001566
   1260000      4.003684      0.005313
   1280000      4.003293     -0.001957
   1300000      4.003091     -0.005582
   1320000      4.004370      0.003341
   1340000      4.003121      0.001228
   1360000      4.005439     -0.000855
   1380000      4.001823      0.003143
   1400000      4.002719      0.004696
   1420000      4.003299      0.002257
   1440000      4.003230      0.002187
   1460000      4.003469      0.001963
   1480000      4.004121     -0.001247
   1500000      4.003076      0.003579
   1520000      4.004384      0.008387
   1540000      3.999870      0.002762
   1560000      4.004504      0.002948
   1580000      4.003167      0.011157
   1600000      4.002555      0.002541
   1620000      4.003475      0.000359
   1640000      4.002831      0.004138
   1660000      4.004372     -0.008109
   1680000      4.003191     -0.001356
   1700000      4.003205     -0.005606
   1720000      4.002755      0.000888
   1740000      4.004607     -0.006059
   1760000      4.003706     -0.003646
   1780000      4.004929     -0.003431
   1800000      4.002572      0.006892
   1820000      4.003614      0.013672
   1840000      4.003300      0.011031
   1860000      4.004648     -0.002120
   1880000      4.001511      0.002168
   1900000      4.004106      0.006893
   1920000      4.003639      0.000623
   1940000      4.002404     -0.000782
   1960000      4.001786      0.003098
   1980000      4.003154     -0.005275
   2000000      4.004229     -0.001173
   2020000      4.004890     -0.004072
   2040000      4.004310      0.001789
   2060000      4.002780      0.007037
   2080000      4.004003      0.003468
   2100000      4.003787      0.000943
   2120000      4.002565     -0.004383
   2140000      4.004812      0.001112
   2160000      4.006462     -0.001848
   2180000      4.005199     -0.002876
   2200000      4.003209      0.002185
   2220000      4.001626      0.001047
   2240000      4.002848     -0.000479
   2260000      4.002345     -0.004998
   2280000      4.003801     -0.005553
   2300000      4.003300     -0.004805
   2320000      4.003470      0.008391
   2340000      4.003095      0.015211
   2360000      4.002369      0.008239
   2380000      4.002701     -0.005260
   2400000      4.003030     -0.001841
   2420000      4.005229     -0.002637
   2440000      4.004327     -0.000276
   2460000      4.002871      0.001114
   2480000      4.003340      0.010163
   2500000      4.005156      0.004991
   2520000      4.004278      0.006915
   2540000      4.004043      0.002614
   2560000      4.002552      0.008449
   2580000      4.001716      0.000292
   2600000      4.001120      0.002380
   2620000      4.002466      0.002875
   2640000      4.004915      0.006716
   2660000      4.003304      0.009906
   2680000      4.003539      0.003266
   2700000      4.002250     -0.005004
   2720000      4.002649     -0.004146
   2740000      4.002332      0.000655
   2760000      4.004462     -0.002036
   2780000      4.005424      0.006364
   2800000      4.006422      0.003000
   2820000      4.003973      0.007191
   2840000      4.004292      0.003154
   2860000      4.001494      0.009045
   2880000      4.003722     -0.004652
   2900000      4.002204     -0.006373
   2920000      4.001389     -0.007168
   2940000      4.002240      0.000566
   2960000      4.003958      0.000038
   2980000      4.004502      0.003677
   3000000      4.005488      0.006626
   3020000      4.004468      0.010450
   3040000      4.002827      0.012793
   3060000      4.002810      0.012256
   3080000      4.004004      0.001960
   3100000      4.001668      0.003932
   3120000      4.001982      0.002429
   3140000      4.002250     -0.000959
   3160000      4.003481      0.004884
   3180000      4.003396      0.003607
   3200000      4.003164      0.006210
   3220000      4.006148     -0.002413
   3240000      4.003950      0.003014
   3260000      4.005838     -0.000547
   3280000      4.004407      0.003569
   3300000      4.004355      0.007026
   3320000      4.005637      0.001357
   3340000      4.004378      0.004231
   3360000      4.003899      0.007828
   3380000      4.002402      0.001422
   3400000      4.003792      0.004257
   3420000      4.002226      0.010204
   3440000      4.004201      0.000247
   3460000      4.003634      0.002236
   3480000      4.004828      0.007739
   3500000      4.002601     -0.003034
   3520000      4.005464      0.010659
   3540000      4.005324      0.005525
   3560000      4.004495      0.002933
   3580000      4.005389     -0.001493
   3600000      4.003450     -0.000518
   3620000      4.004689     -0.009034
   3640000      4.004790      0.000272
   3660000      4.002784      0.008624
   3680000      4.003583      0.007174
   3700000      4.004118      0.005664
   3720000      4.004802      0.010047
   3740000      4.002009      0.012351
   3760000      4.000801      0.007539
   3780000      4.002377      0.007352
   3800000      4.002886     -0.000015
   3820000      4.003142     -0.001214
   3840000      4.004674      0.000561
   3860000      4.004287     -0.002435
   3880000      4.003413      0.004612
   3900000      4.003615      0.003266
   3920000      4.003297      0.004042
   3940000      4.002634      0.001078
   3960000      4.002672      0.007826
   3980000      4.004021      0.000724
   4000000      4.001227      0.011464
   4020000      4.002160      0.008649
   4040000      4.004259      0.010939
   4060000      4.004504      0.001193
   4080000      4.003324      0.008108
   4100000      4.005772      0.008823
   4120000      4.004298      0.004443
   4140000      4.004572      0.003581
   4160000      4.004498     -0.000512
   4180000      4.004114     -0.009539
   4200000      4.003433      0.002208
   4220000      4.003455      0.004684
   4240000      4.003546      0.001414
   4260000      4.002738      0.002733
   4280000      4.005154     -0.001687
   4300000      4.003373     -0.008561
   4320000      4.002867      0.004978
   4340000      4.004829      0.001643
   4360000      4.004714      0.000250
   4380000      4.003452      0.001846
   4400000      4.004446     -0.001054
   4420000      4.001916     -0.005037
   4440000      4.002644     -0.004050
   4460000      4.002979     -0.002731
   4480000      4.001280      0.006165
   4500000      4.002801     -0.002074
   4520000      4.002517      0.006443
   4540000      4.003211      0.006099
   4560000      4.003784      0.008822
   4580000      4.004064      0.004802
   4600000      4.002674      0.002519
   4620000      4.002312     -0.006014
   4640000      4.002927      0.001301
   4660000      4.004068      0.001879
   4680000      4.002556      0.007916
   4700000      4.003979     -0.002218
   4720000      4.003167     -0.003222
   4740000      4.004006      0.005066
   4760000      4.002804      0.002618
   4780000      4.003802      0.010696
   4800000      4.003610      0.013191
   4820000      4.004574      0.009409
   4840000      4.002672      0.007250
   4860000      4.002763     -0.005699
   4880000      4.006418     -0.009494
   4900000      4.003497      0.005910
   4920000      4.004288     -0.005848
   4940000      4.002407      0.005081
   4960000      4.003309     -0.002224
   4980000      4.002011     -0.002763
   5000000      4.005587      0.001254
   5020000      4.002713      0.002196
   5040000      4.001638      0.006090
   5060000      4.001505     -0.001177
   5080000      4.002139      0.004527
   5100000      4.003484      0.004113
   5120000      4.002977      0.006040
   5140000      4.004438      0.007285
   5160000      4.005267      0.003039
   5180000      4.003682     -0.002289
   5200000      4.003734     -0.002563
   5220000      4.003021     -0.007544
   5240000      4.002869     -0.005885
   5260000      4.005227      0.002521
   5280000      4.005541      0.001020
   5300000      4.003285     -0.000259
   5320000      4.003627      0.003745
   5340000      4.004508      0.005282
   5360000      4.003988      0.008771
   5380000      4.004113      0.003716
   5400000      4.003644     -0.001469
   5420000      4.004992      0.007726
   5440000      4.005352      0.009872
   5460000      4.005406      0.004323
   5480000      4.004790      0.002122
   5500000      4.004788      0.009124
   5520000      4.006013      0.008001
   5540000      4.003904      0.001865
   5560000      4.005134      0.000447
   5580000      4.003796     -0.001928
   5600000      4.005055     -0.002216
   5620000      4.004437     -0.008965
   5640000      4.003612     -0.008613
   5660000      4.003424      0.009149
   5680000      4.005699      0.007425
   5700000      4.002744      0.014141
   5720000      4.004325      0.007171
   5740000      4.007332     -0.000504
   5760000      4.007051     -0.002967
   5780000      4.005569     -0.001258
   5800000      4.004041     -0.008473
   5820000      4.004645      0.002139
   5840000      4.003390      0.002868
   5860000      4.004085      0.001691
   5880000      4.003267      0.006800
   5900000      4.007034     -0.001121
   5920000      4.005486      0.001495
   5940000      4.003416     -0.003929
   5960000      4.005653     -0.005778
   5980000      4.005824     -0.002011
   6000000      4.004503      0.002303
   6020000      4.002744      0.006372
   6040000      4.005837      0.004782
   6060000      4.004208      0.007765
   6080000      4.004579      0.009130
   6100000      4.004400      0.012926
   6120000      4.004121      0.010376
   6140000      4.003714      0.007003
   6160000      4.003775      0.007358
   6180000      4.004623      0.005502
   6200000      4.003988      0.005199
   6220000      4.002862      0.000469
   6240000      4.003511     -0.005665
   6260000      4.002317      0.003725
   6280000      4.002125     -0.001807
   6300000      4.004289     -0.004109
   6320000      4.003837      0.004996
   6340000      4.004720     -0.001731
   6360000      4.006101      0.000216
   6380000      4.003875      0.009936
   6400000      4.002417      0.007500
   6420000      4.002734      0.007315
   6440000      4.003893      0.009187
   6460000      4.005724     -0.000114
   6480000      4.004647      0.006006
   6500000      4.005552      0.002835
   6520000      4.004994     -0.001808
   6540000      4.005589     -0.001608
   6560000      4.003412      0.003946
   6580000      4.003389      0.000616
   6600000      4.003881      0.004478
   6620000      4.004594      0.003002
   6640000      4.005763      0.004350
   6660000      4.005645      0.002253
   6680000      4.003886     -0.006919
   6700000      4.004326      0.000943
   6720000      4.003842     -0.003116
   6740000      4.004053      0.007054
   6760000      4.001596      0.003152
   6780000      4.002816     -0.004724
   6800000      4.005406      0.004801
   6820000      4.004260     -0.001836
   6840000      4.004564      0.007151
   6860000      4.004000      0.008866
   6880000      4.003418      0.002704
   6900000      4.000800      0.006992
   6920000      4.006208     -0.001230
   6940000      4.006612     -0.001120
   6960000      4.006323      0.009589
   6980000      4.003425      0.007331
   7000000      4.007301     -0.009056
   7020000      4.005284     -0.009091
   7040000      4.007091     -0.000385
   7060000      4.004845      0.005735
   7080000      4.003741      0.007353
   7100000      4.006578      0.005333
   7120000      4.004913      0.006792
   7140000      4.006429      0.000250
   7160000      4.001445      0.007652
   7180000      4.004621     -0.006706
   7200000      4.000360      0.010458
   7220000      4.002897      0.003749
   7240000      4.003157      0.001123
   7260000      4.003787      0.001667
   7280000      4.004710      0.000656
   7300000      4.003411     -0.000824
   7320000      4.003707      0.004004
   7340000      4.003708      0.002888
   7360000      4.001862     -0.002762
   7380000      4.001768      0.002712
   7400000      4.003161      0.000630
   7420000      4.004446     -0.002948
   7440000      4.005621     -0.006362
   7460000      4.003132      0.005875
   7480000      4.000081      0.002074
   7500000      4.002333      0.011532
   7520000      4.003586     -0.000942
   7540000      4.002658      0.001531
   7560000      4.001537     -0.004231
   7580000      4.003828     -0.001701
   7600000      4.002480      0.008161
   7620000      4.004355      0.009952
   7640000      4.003694      0.011568
   7660000      4.003979      0.010387
   7680000      4.003052      0.006704
   7700000      4.001579      0.021035
   7720000      4.004863      0.001721
   7740000      4.004855      0.001977
   7760000      4.003806      0.004855
   7780000      4.002433      0.004498
   7800000      4.005789      0.000196
   7820000      4.004602      0.005520
   7840000      4.004018      0.001826
   7860000      4.007169      0.005630
   7880000      4.004516      0.013181
   7900000      4.005247      0.001696
   7920000      4.005106     -0.005261
   7940000      4.005927      0.014762
   7960000      4.007337      0.002506
   7980000      4.005110      0.002723
   8000000      4.006579      0.006725
   8020000      4.005528      0.002118
   8040000      4.005209      0.002893
   8060000      4.004395      0.001950
   8080000      4.006020      0.003775
   8100000      4.004635      0.001262
   8120000      4.004317      0.000746
   8140000      4.002022      0.003005
   8160000      4.002820      0.006898
   8180000      4.001919      0.012121
   8200000      4.001823     -0.002601
   8220000      4.004981     -0.000810
   8240000      4.006444     -0.001098
   8260000      4.005184      0.004654
   8280000      4.006387      0.010077
   8300000      4.004827      0.009447
   8320000      4.004402      0.009292
   8340000      4.002964      0.011929
   8360000      4.001561      0.010741
   8380000      4.004372      0.005790
   8400000      4.002271     -0.001193
   8420000      4.002723     -0.001406
   8440000      4.006337     -0.003870
   8460000      4.003403     -0.002819
   8480000      4.003572     -0.007677
   8500000      4.003342     -0.001544
   8520000      4.001915     -0.004168
   8540000      4.004031      0.007366
   8560000      4.002729     -0.000436
   8580000      4.001764      0.002868
   8600000      4.000610      0.003285
   8620000      4.005365      0.011734
   8640000      4.005399      0.015663
   8660000      4.004680      0.007716
   8680000      4.003971      0.007534
   8700000      4.003868      0.006482
   8720000      4.004301      0.004865
   8740000      4.003991     -0.000795
   8760000      4.001998      0.000089
   8780000      4.003704      0.001786
   8800000      4.005896     -0.005013
   8820000      4.004894      0.007943
   8840000      4.004492     -0.007723
   8860000      4.004405      0.003795
   8880000      4.006843      0.000077
   8900000      4.004849     -0.004080
   8920000      4.005089      0.000538
   8940000      4.004354      0.001704
   8960000      4.004219      0.000904
   8980000      4.004369      0.000858
   9000000      4.006023      0.006887
   9020000      4.006386      0.005151
   9040000      4.006513      0.008664
   9060000      4.006018      0.005196
   9080000      4.000927      0.009450
   9100000      4.002751      0.005425
   9120000      4.002496     -0.000134
   9140000      4.003842      0.012578
   9160000      4.004056      0.001500
   9180000      4.004555      0.008761
   9200000      4.005006      0.003101
   9220000      4.004233      0.005518
   9240000      4.002188     -0.006081
   9260000      4.003236     -0.005760
   9280000      4.003000      0.002575
   9300000      4.005578     -0.001681
   9320000      4.002772     -0.006640
   9340000      4.006281      0.002620
   9360000      4.006105     -0.003933
   9380000      4.005431     -0.009752
   9400000      4.003428     -0.005335
   9420000      4.000322     -0.001267
   9440000      4.002679     -0.002429
   9460000      4.005375     -0.000825
   9480000      4.004023      0.005304
   9500000      4.003420      0.003338
   9520000      4.003909      0.011851
   9540000      4.005489      0.006575
   9560000      4.003796      0.007202
   9580000      4.005504      0.016495
   9600000      4.003389      0.005266
   9620000      4.003454      0.003950
   9640000      4.003580      0.005128
   9660000      4.005822      0.003893
   9680000      4.003355      0.010047
   9700000      4.003909      0.006956
   9720000      4.006233     -0.000406
   9740000      4.003164      0.002571
   9760000      4.003532      0.006476
   9780000      4.004877      0.000827
   9800000      4.003435      0.011332
   9820000      4.002934     -0.000229
   9840000      4.004058      0.002239
   9860000      4.001451     -0.001522
   9880000      4.004082      0.008676
   9900000      4.004356      0.008712
   9920000      4.006070      0.007500
   9940000      4.005900      0.006099
   9960000      4.005952      0.011241
   9980000      4.006111      0.006998
  10000000      4.006183      0.003676
