         0      4.000000      0.000000
     20000      3.994291     -0.100808
     40000      4.006219     -0.149472
     60000      4.008999     -0.176578
     80000      4.036587     -0.179600
    100000      4.042963     -0.191073
    120000      4.153446     -0.035126
    140000      4.180066     -0.035575
    160000      4.220310     -0.036650
    180000      4.242762     -0.086845
    200000      4.261703     -0.107065
    220000      4.301855     -0.036670
    240000      4.304853     -0.106252
    260000      4.324971     -0.130251
    280000      4.349689     -0.130076
    300000      4.371523     -0.145481
    320000      4.400546     -0.154125
    340000      4.430041     -0.173726
    360000      4.465468     -0.180214
    380000      4.475424     -0.198992
    400000      4.492914     -0.223803
    420000      4.515663     -0.245641
    440000      4.531021     -0.282310
    460000      4.553753     -0.313244
    480000      4.612801     -0.238819
    500000      4.628453     -0.269647
    520000      4.661391     -0.271579
    540000      4.678656     -0.293388
    560000      4.693444     -0.318388
    580000      4.727023     -0.302190
    600000      4.752898     -0.322196
    620000      4.765542     -0.347556
    640000      4.795106     -0.358788
    660000      4.818378     -0.360688
    680000      4.852000     -0.347030
    700000      4.878581     -0.367768
    720000      4.909543     -0.356594
    740000      4.923003     -0.331000
    760000      4.869508     -0.557868
    780000      4.919543     -0.541834
    800000      4.945384     -0.547867
    820000      4.952593     -0.582505
    840000      4.972732     -0.589877
    860000      4.997736     -0.595797
    880000      4.955965     -0.689383
    900000      4.954514     -0.725185
    920000      4.971988     -0.746890
    940000      4.941444     -0.803342
    960000      4.924075     -0.834333
    980000      4.922608     -0.857565
   1000000      4.921531     -0.879630
   1020000      4.991465     -0.892579
   1040000      5.206119     -0.711307
   1060000      5.221820     -0.732320
   1080000      5.206111     -0.792765
   1100000      5.203306     -0.820679
   1120000      5.246272     -0.812272
   1140000      5.286011     -0.798682
   1160000      5.316449     -0.816032
   1180000      5.340238     -0.788318
   1200000      5.367833     -0.780279
   1220000      5.387173     -0.811661
   1240000      5.414202     -0.812769
   1260000      5.445403     -0.805079
   1280000      5.471692     -0.784960
   1300000      5.499243     -0.825968
   1320000      5.531970     -0.806448
   1340000      5.549907     -0.797136
   1360000      5.575543     -0.820264
   1380000      5.592768     -0.814675
   1400000      5.618082     -0.858215
   1420000      5.653482     -0.820747
   1440000      5.676215     -0.801802
   1460000      5.709809     -0.799270
   1480000      5.732661     -0.823881
   1500000      5.767460     -0.834773
   1520000      5.790401     -0.852580
   1540000      5.823732     -0.839910
   1560000      5.848206     -0.862856
   1580000      5.858341     -0.915731
   1600000      5.879556     -0.945070
   1620000      5.877890     -0.997755
   1640000      5.879032     -1.019027
   1660000      5.871280     -1.053589
   1680000      5.859244     -1.105112
   1700000      5.879395     -1.145006
   1720000      5.932483     -1.122987
   1740000      5.950526     -1.137648
   1760000      5.847432     -1.263813
   1780000      5.865952     -1.288483
   1800000      5.901794     -1.285253
   1820000      5.826868     -1.361216
   1840000      5.924063     -1.367412
   1860000      5.950514     -1.389865
   1880000      5.927395     -1.443895
   1900000      5.907104     -1.485371
   1920000      5.926231     -1.504557
   1940000      5.946575     -1.510799
   1960000      5.949521     -1.534301
   1980000      5.967857     -1.566873
   2000000      5.967292     -1.600035
   2020000      6.023499     -1.605359
   2040000      6.045601     -1.612576
   2060000      6.051547     -1.656842
   2080000      6.081840     -1.672711
   2100000      5.971444     -1.744807
   2120000      6.038635     -1.753581
   2140000      6.097800     -1.769310
   2160000      6.102287     -1.792164
   2180000      6.173689     -1.783530
   2200000      6.197957     -1.803556
   2220000      6.206459     -1.834999
   2240000      6.236563     -1.840903
   2260000      6.291362     -1.803215
   2280000      6.307860     -1.815194
   2300000      6.341493     -1.791390
   2320000      6.368276     -1.827250
   2340000      6.391118     -1.838790
   2360000      6.403607     -1.879724
   2380000      6.418903     -1.893302
   2400000      6.437430     -1.906991
   2420000      6.449431     -1.944659
   2440000      6.490600     -1.940486
   2460000      6.471840     -1.977930
   2480000      6.560805     -1.910506
   2500000      6.585634     -1.916340
   2520000      6.615297     -1.898769
   2540000      6.618980     -1.945594
   2560000      6.631842     -1.971125
   2580000      6.669780     -1.958777
   2600000      6.711992     -1.949984
   2620000      6.757277     -1.929112
   2640000      6.774282     -1.951495
   2660000      6.810910     -1.928250
   2680000      6.845496     -1.926733
   2700000      6.877950     -1.924369
   2720000      6.906038     -1.915391
   2740000      6.937720     -1.911234
   2760000      6.973242     -1.860818
   2780000      7.000371     -1.861629
   2800000      7.033352     -1.855928
   2820000      7.058868     -1.901498
   2840000      7.076278     -1.912660
   2860000      7.111737     -1.867705
   2880000      7.129050     -1.916539
   2900000      7.150784     -1.960039
   2920000      7.214217     -1.869283
   2940000      7.233567     -1.761590
   2960000      7.267163     -1.840904
   2980000      7.289080     -1.799904
   3000000      7.304858     -1.789262
   3020000      7.340060     -1.828594
   3040000      7.362411     -1.830463
   3060000      7.388747     -1.840822
   3080000      7.414940     -1.817917
   3100000      7.431217     -1.820897
   3120000      7.435758     -1.793665
   3140000      7.461857     -1.782784
   3160000      7.495168     -1.785474
   3180000      7.544437     -1.832808
   3200000      7.566137     -1.799715
   3220000      7.573577     -1.769171
   3240000      7.590349     -1.738356
   3260000      7.634174     -1.773762
   3280000      7.667172     -1.798801
   3300000      7.685914     -1.794925
   3320000      7.710902     -1.787002
   3340000      7.723707     -1.766216
   3360000      7.728053     -1.724301
   3380000      7.737413     -1.678072
   3400000      7.788922     -1.737708
   3420000      7.809437     -1.700604
   3440000      7.829666     -1.696148
   3460000      7.861815     -1.691004
   3480000      7.914442     -1.777147
   3500000      7.943114     -1.829194
   3520000      7.971078     -1.811018
   3540000      7.995096     -1.821731
   3560000      8.016615     -1.801403
   3580000      8.042307     -1.788323
   3600000      8.068346     -1.832535
   3620000      8.093596     -1.843900
   3640000      8.120772     -1.860203
   3660000      8.135523     -1.836328
   3680000      8.159844     -1.827832
   3700000      8.178149     -1.842963
   3720000      8.206695     -1.879606
   3740000      8.230534     -1.930673
   3760000      8.251600     -1.934372
   3780000      8.270957     -1.969243
   3800000      8.294237     -1.957590
   3820000      8.316176     -1.973334
   3840000      8.341600     -1.948469
   3860000      8.364702     -1.932124
   3880000      8.398171     -1.922494
   3900000      8.430800     -1.965597
   3920000      8.452497     -1.983833
   3940000      8.477583     -1.972056
   3960000      8.508235     -2.009588
   3980000      8.517096     -2.053232
   4000000      8.544519     -2.035459
   4020000      8.560178     -2.040163
   4040000      8.573657     -2.063155
   4060000      8.601202     -2.082003
   4080000      8.634754     -2.091457
   4100000      8.589530     -2.194068
   4120000      8.646034     -2.172407
   4140000      8.684585     -2.176077
   4160000      8.676053     -2.208355
   4180000      8.670612     -2.245138
   4200000      8.709873     -2.249577
   4220000      8.730563     -2.268082
   4240000      8.760475     -2.265218
   4260000      8.768208     -2.283377
   4280000      8.841834     -2.226727
   4300000      8.855247     -2.247236
   4320000      8.859397     -2.282969
   4340000      8.881469     -2.278486
   4360000      8.884399     -2.342283
   4380000      8.913049     -2.359104
   4400000      8.958525     -2.339916
   4420000      8.964366     -2.370814
   4440000      8.972954     -2.409514
   4460000      8.894396     -2.525149
   4480000      8.896407     -2.559351
   4500000      8.890230     -2.591577
   4520000      8.901546     -2.604009
   4540000      8.899758     -2.638587
   4560000      8.945642     -2.651084
   4580000      8.961263     -2.665708
   4600000      8.977769     -2.682167
   4620000      8.992608     -2.693542
   4640000      8.998442     -2.725666
   4660000      9.004927     -2.746751
   4680000      9.025150     -2.760961
   4700000      8.993149     -2.811046
   4720000      9.031127     -2.822459
   4740000      9.058257     -2.831731
   4760000      9.071881     -2.860405
   4780000      9.129575     -2.853726
   4800000      9.127152     -2.889320
   4820000      9.154701     -2.913295
   4840000      9.076278     -2.974389
   4860000      9.091960     -2.991290
   4880000      9.119352     -2.989330
   4900000      8.970274     -3.062351
   4920000      9.020013     -3.080794
   4940000      9.037803     -3.090323
   4960000      9.039384     -3.114449
   4980000      9.009958     -3.152395
   5000000      8.989046     -3.187563
   5020000      8.955873     -3.217177
   5040000      8.970585     -3.234951
   5060000      9.005210     -3.250346
   5080000      9.004064     -3.284473
   5100000      9.005244     -3.303502
   5120000      9.005565     -3.328521
   5140000      8.903966     -3.370146
   5160000      8.872977     -3.390488
   5180000      8.772393     -3.366867
   5200000      8.841136     -3.422495
   5220000      8.752941     -3.422762
   5240000      8.741659     -3.450380
   5260000      8.763682     -3.493817
   5280000      8.767803     -3.522704
   5300000      8.795846     -3.559033
   5320000      8.772754     -3.577076
   5340000      8.751170     -3.596728
   5360000      8.740095     -3.614964
   5380000      8.745457     -3.649436
   5400000      8.796922     -3.676771
   5420000      8.736590     -3.708097
   5440000      8.750583     -3.737104
   5460000      8.727385     -3.762569
   5480000      8.718058     -3.779271
   5500000      8.731195     -3.819054
   5520000      8.702424     -3.825389
   5540000      8.693651     -3.847406
   5560000      8.692757     -3.881032
   5580000      8.690852     -3.900534
   5600000      8.669945     -3.913087
   5620000      8.678712     -3.938934
   5640000      8.686007     -3.972293
   5660000      8.730761     -4.002233
   5680000      8.746733     -4.030309
   5700000      8.684072     -4.055958
   5720000      8.663899     -4.076630
   5740000      8.649431     -4.090732
   5760000      8.636926     -4.121219
   5780000      8.551511     -4.110311
   5800000      8.521086     -4.125690
   5820000      8.488329     -4.131895
   5840000      8.426118     -4.085651
   5860000      8.460535     -4.174110
   5880000      8.458530     -4.206800
   5900000      8.468916     -4.232531
   5920000      8.430998     -4.239140
   5940000      8.410642     -4.250751
   5960000      8.323007     -4.198123
   5980000      8.299796     -4.193785
   6000000      8.270917     -4.197856
   6020000      8.263157     -4.188997
   6040000      8.245118     -4.200580
   6060000      8.395651     -4.409749
   6080000      8.415790     -4.442794
   6100000      8.388711     -4.465070
   6120000      8.396989     -4.483816
   6140000      8.374813     -4.510292
   6160000      8.372715     -4.533158
   6180000      8.362346     -4.557725
   6200000      8.322880     -4.570004
   6220000      8.293774     -4.572337
   6240000      8.358986     -4.621248
   6260000      8.338648     -4.633717
   6280000      8.344387     -4.651712
   6300000      8.313066     -4.671755
   6320000      8.377880     -4.689127
   6340000      8.380985     -4.710125
   6360000      8.391728     -4.735850
   6380000      8.269397     -4.766315
   6400000      8.270442     -4.791354
   6420000      8.271948     -4.817532
   6440000      8.268456     -4.836283
   6460000      8.251993     -4.857975
   6480000      8.243955     -4.885465
   6500000      8.256562     -4.918283
   6520000      8.242114     -4.937023
   6540000      8.264978     -4.958038
   6560000      8.287326     -4.982509
   6580000      8.277710     -5.007027
   6600000      8.330978     -5.018311
   6620000      8.340254     -5.039496
   6640000      8.288130     -5.074087
   6660000      8.253142     -5.101040
   6680000      8.295254     -5.124342
   6700000      8.325440     -5.131741
   6720000      8.310513     -5.165937
   6740000      8.339528     -5.181574
   6760000      8.376799     -5.196497
   6780000      8.429305     -5.197424
   6800000      8.425217     -5.221723
   6820000      8.445640     -5.234397
   6840000      8.471768     -5.248183
   6860000      8.536711     -5.217496
   6880000      8.562559     -5.231243
   6900000      8.599450     -5.187281
   6920000      8.607984     -5.262626
   6940000      8.532989     -5.396013
   6960000      8.556368     -5.411062
   6980000      8.572291     -5.428017
   7000000      8.592979     -5.440115
   7020000      8.583108     -5.479568
   7040000      8.580317     -5.516983
   7060000      8.487489     -5.584104
   7080000      8.518809     -5.609151
   7100000      8.536129     -5.619911
   7120000      8.523894     -5.654934
   7140000      8.503663     -5.678778
   7160000      8.556512     -5.695170
   7180000      8.558417     -5.721018
   7200000      8.575614     -5.737870
   7220000      8.573207     -5.775499
   7240000      8.514289     -5.815819
   7260000      8.415937     -5.836521
   7280000      8.438279     -5.858061
   7300000      8.360658     -5.877461
   7320000      8.399471     -5.900214
   7340000      8.429562     -5.928963
   7360000      8.411741     -5.960105
   7380000      8.376295     -5.981905
   7400000      8.348683     -6.009988
   7420000      8.337010     -6.030775
   7440000      8.317912     -6.041490
   7460000      8.314290     -6.069778
   7480000      8.310453     -6.084765
   7500000      8.277445     -6.103046
   7520000      8.280196     -6.136058
   7540000      8.335449     -6.184332
   7560000      8.338403     -6.210923
   7580000      8.437442     -6.252947
   7600000      8.512218     -6.259979
   7620000      8.485154     -6.290476
   7640000      8.531032     -6.309732
   7660000      8.575323     -6.338528
   7680000      8.597901     -6.354335
   7700000      8.601870     -6.386512
   7720000      8.612072     -6.417384
   7740000      8.616168     -6.444553
   7760000      8.586653     -6.488465
   7780000      8.612090     -6.509209
   7800000      8.661943     -6.516273
   7820000      8.661098     -6.544685
   7840000      8.709721     -6.541314
   7860000      8.720762     -6.555796
   7880000      8.732971     -6.570603
   7900000      8.747757     -6.592406
   7920000      8.766681     -6.602030
   7940000      8.783974     -6.614509
   7960000      8.771392     -6.656510
   7980000      8.796145     -6.666198
   8000000      8.812111     -6.677688
   8020000      8.842883     -6.686446
   8040000      8.838250     -6.725144
   8060000      8.868032     -6.728651
   8080000      8.892450     -6.736378
   8100000      8.881708     -6.779117
   8120000      8.880125     -6.807809
   8140000      8.934482     -6.799467
   8160000      8.937951     -6.827266
   8180000      8.974190     -6.828504
   8200000      8.970687     -6.865329
   8220000      9.015620     -6.856158
   8240000      9.068785     -6.848950
   8260000      9.119912     -6.803617
   8280000      9.141226     -6.818828
   8300000      9.183410     -6.800531
   8320000      9.180448     -6.849408
   8340000      9.183731     -6.891373
   8360000      9.199484     -6.911821
   8380000      9.192371     -6.943498
   8400000      9.202625     -6.957419
   8420000      9.182776     -7.003856
   8440000      9.196695     -7.021329
   8460000      9.194133     -7.036482
   8480000      9.338422     -6.953670
   8500000      9.350373     -6.980619
   8520000      9.375041     -6.987073
   8540000      9.388847     -7.002889
   8560000      9.428032     -6.984367
   8580000      9.435948     -7.021138
   8600000      9.430270     -7.045480
   8620000      9.458832     -7.058896
   8640000      9.476064     -7.066789
   8660000      9.486252     -7.102051
   8680000      9.534083     -7.081030
   8700000      9.561732     -7.091821
   8720000      9.543684     -7.153992
   8740000      9.563859     -7.180926
   8760000      9.560007     -7.202073
   8780000      9.596184     -7.207268
   8800000      9.592382     -7.238867
   8820000      9.622539     -7.245777
   8840000      9.593614     -7.306106
   8860000      9.648459     -7.297373
   8880000      9.698486     -7.283130
   8900000      9.721614     -7.288641
   8920000      9.736808     -7.308588
   8940000      9.773203     -7.283921
   8960000      9.786228     -7.319299
   8980000      9.799550     -7.346983
   9000000      9.792811     -7.393926
   9020000      9.828826     -7.387429
   9040000      9.843887     -7.408606
   9060000      9.853900     -7.434221
   9080000      9.885930     -7.419098
   9100000      9.898327     -7.441731
   9120000      9.923526     -7.437053
   9140000      9.951164     -7.440379
   9160000      9.822086     -7.596835
   9180000      9.886232     -7.606942
   9200000      9.938654     -7.603303
   9220000      9.971771     -7.593652
   9240000      9.997261     -7.610764
   9260000     10.001717     -7.633682
   9280000     10.026273     -7.646152
   9300000      9.999497     -7.722058
   9320000      9.990134     -7.760304
   9340000      9.974669     -7.795944
   9360000      9.956711     -7.831357
   9380000      9.950752     -7.852559
   9400000      9.946701     -7.874981
   9420000      9.954189     -7.896202
   9440000      9.980497     -7.914155
   9460000      9.999747     -7.940079
   9480000      9.985034     -7.974137
   9500000      9.998512     -7.987272
   9520000     10.003187     -8.007070
   9540000     10.013420     -8.025134
   9560000     10.014303     -8.046667
   9580000     10.006167     -8.075028
   9600000     10.171052     -8.065554
   9620000     10.194060     -8.067540
   9640000     10.209969     -8.074748
   9660000     10.222924     -8.111972
   9680000     10.250282     -8.111579
   9700000     10.271474     -8.130386
   9720000     10.275358     -8.176063
   9740000     10.290308     -8.206056
   9760000     10.297746     -8.235902
   9780000     10.315857     -8.260092
   9800000     10.318414     -8.277057
   9820000     10.300237     -8.300701
   9840000     10.394576     -8.290962
   9860000     10.456932     -8.272810
   9880000     10.470732     -8.288174
   9900000     10.489390     -8.318555
   9920000     10.501349     -8.334388
   9940000     10.526351     -8.342417
   9960000     10.434668     -8.436400
   9980000     10.453530     -8.453355
  10000000     10.426102     -8.492308
