         0      4.000000      0.000000
     20000      4.043452      0.067099
     40000      4.047385      0.317640
     60000      4.091666      0.318363
     80000      4.152023      0.511993
    100000      4.286813      0.367941
    120000      4.395505      0.154341
    140000      4.182962     -0.086655
    160000      4.095839     -0.382144
    180000      4.204557     -0.380169
    200000      4.319602     -0.405639
    220000      4.334381     -0.427478
    240000      4.338635     -0.522450
    260000      4.317019     -0.459564
    280000      4.230415     -0.439227
    300000      4.291003     -0.567992
    320000      4.066446     -1.007063
    340000      3.976822     -0.984121
    360000      3.970978     -0.714575
    380000      4.023578     -0.868068
    400000      3.788324     -1.012211
    420000      3.802936     -1.330491
    440000      3.568398     -1.501200
    460000      3.636801     -1.414963
    480000      3.648644     -1.469517
    500000      4.051822     -1.132859
    520000      3.890421     -1.450853
    540000      4.017444     -1.138597
    560000      4.123850     -0.934500
    580000      4.150150     -0.716388
    600000      4.188635     -0.632052
    620000      4.014114     -0.265520
    640000      4.020738     -0.689293
    660000      4.133707     -0.772482
    680000      4.178401     -0.772214
    700000      3.995112     -0.661672
    720000      3.952318     -0.627694
    740000      4.046173     -0.763595
    760000      3.965798     -0.782557
    780000      4.242192     -1.160160
    800000      4.242123     -1.285560
    820000      4.228955     -1.382861
    840000      4.069118     -0.980877
    860000      4.094990     -0.866888
    880000      4.201551     -0.859368
    900000      4.257161     -1.268085
    920000      4.107695     -1.455522
    940000      3.953210     -1.605220
    960000      4.061908     -1.355476
    980000      4.096863     -1.457966
   1000000      3.911730     -1.432918
   1020000      3.810830     -1.844589
   1040000      3.700166     -1.972012
   1060000      3.430468     -2.305875
   1080000      3.561791     -2.208306
   1100000      3.843689     -2.115069
   1120000      4.055769     -1.830572
   1140000      4.167518     -2.010183
   1160000      4.003646     -1.945074
   1180000      4.149406     -1.925463
   1200000      4.078363     -2.312947
   1220000      4.170499     -2.027109
   1240000      4.255747     -2.074383
   1260000      4.283015     -2.077336
   1280000      4.369872     -1.971058
   1300000      4.256930     -2.366479
   1320000      4.303140     -2.145933
   1340000      4.525671     -1.939050
   1360000      4.368457     -1.859265
   1380000      4.199785     -1.836168
   1400000      4.157024     -1.523574
   1420000      3.847241     -1.844589
   1440000      3.931185     -1.674120
   1460000      4.135874     -1.661951
   1480000      4.380986     -1.246913
   1500000      4.563148     -0.980955
   1520000      4.815564     -0.981406
   1540000      4.833123     -1.066363
   1560000      4.751668     -0.920290
   1580000      4.728992     -0.941220
   1600000      4.680889     -1.057156
   1620000      4.687480     -0.866191
   1640000      4.636605     -0.621592
   1660000      4.622660     -0.577348
   1680000      4.489089     -0.557080
   1700000      4.597805     -0.978511
   1720000      4.788954     -0.585249
   1740000      4.649482     -0.583464
   1760000      4.504770     -0.649690
   1780000      4.706627     -0.904826
   1800000      4.569511     -1.261778
   1820000      4.638618     -1.105987
   1840000      4.538257     -1.328960
   1860000      4.494097     -1.463749
   1880000      4.318453     -1.212939
   1900000      4.172349     -0.996851
   1920000      4.339601     -1.056887
   1940000      4.270460     -1.334508
   1960000      4.342346     -1.741551
   1980000      4.202484     -1.829112
   2000000      4.293509     -1.617968
   2020000      4.155158     -1.776433
   2040000      4.258979     -1.649118
   2060000      4.038345     -1.880291
   2080000      3.942644     -1.703276
   2100000      4.116808     -1.417798
   2120000      4.075434     -1.497569
   2140000      4.105957     -1.404190
   2160000      4.023971     -1.462497
   2180000      3.922993     -1.474692
   2200000      3.839237     -1.875758
   2220000      3.782582     -1.978669
   2240000      3.582432     -2.310247
   2260000      3.588328     -2.290065
   2280000      3.467691     -2.415451
   2300000      3.113742     -2.641897
   2320000      3.227726     -2.710747
   2340000      3.322956     -2.636881
   2360000      3.210895     -2.789035
   2380000      3.142013     -2.684161
   2400000      3.193703     -2.597948
   2420000      3.308707     -2.376168
   2440000      3.528199     -2.517042
   2460000      3.246194     -2.831189
   2480000      2.937282     -2.970812
   2500000      2.937932     -2.983492
   2520000      2.836037     -3.008502
   2540000      2.912148     -2.967573
   2560000      2.438878     -3.266100
   2580000      2.735827     -3.058549
   2600000      2.675153     -3.023972
   2620000      2.831629     -2.747172
   2640000      2.891050     -2.759082
   2660000      2.798812     -2.919501
   2680000      2.830795     -2.813874
   2700000      2.662573     -3.008779
   2720000      2.497416     -3.154403
   2740000      2.600601     -3.061486
   2760000      2.631487     -3.209478
   2780000      2.514019     -3.300810
   2800000      2.477471     -3.358900
   2820000      2.348817     -3.398560
   2840000      2.496478     -3.313216
   2860000      2.591684     -3.159358
   2880000      2.617372     -3.121366
   2900000      2.640497     -2.967723
   2920000      2.515708     -2.863217
   2940000      2.620387     -3.142449
   2960000      2.707098     -3.120325
   2980000      2.483475     -3.294055
   3000000      2.245873     -3.191066
   3020000      1.995630     -3.321419
   3040000      1.906412     -3.481465
   3060000      2.010164     -3.229193
   3080000      1.872792     -3.476574
   3100000      1.864821     -3.313598
   3120000      2.122818     -3.494375
   3140000      2.421673     -3.573608
   3160000      2.171829     -3.621968
   3180000      2.384992     -3.367194
   3200000      2.443169     -3.298137
   3220000      2.653675     -3.106204
   3240000      2.812078     -2.826614
   3260000      2.677037     -2.836369
   3280000      2.844492     -2.776862
   3300000      3.250948     -2.536806
   3320000      3.217302     -2.550066
   3340000      3.312694     -2.629426
   3360000      3.149232     -2.726663
   3380000      2.932420     -2.503100
   3400000      2.547240     -2.717292
   3420000      2.294609     -3.054293
   3440000      2.337226     -2.983662
   3460000      2.473098     -2.945499
   3480000      2.538495     -2.867232
   3500000      2.740371     -2.748118
   3520000      2.685518     -3.010112
   3540000      2.899204     -2.971923
   3560000      2.503660     -3.177514
   3580000      2.488479     -3.212419
   3600000      2.173124     -3.098511
   3620000      2.021246     -3.266861
   3640000      1.900006     -3.253071
   3660000      2.096476     -3.266518
   3680000      2.097312     -3.265971
   3700000      2.055085     -3.477653
   3720000      1.842828     -3.347993
   3740000      1.819128     -3.387049
   3760000      2.063568     -3.144803
   3780000      2.085966     -3.177182
   3800000      1.985951     -3.328060
   3820000      1.882990     -3.527279
   3840000      1.887344     -3.522858
   3860000      1.698131     -3.605622
   3880000      1.774489     -3.782545
   3900000      1.837984     -3.817170
   3920000      2.231544     -3.777838
   3940000      1.740331     -3.851082
   3960000      1.967559     -3.736230
   3980000      1.949607     -3.702988
   4000000      1.665196     -3.864871
   4020000      1.757208     -4.040761
   4040000      1.874857     -4.036666
   4060000      1.364795     -4.136163
   4080000      1.320130     -4.147495
   4100000      1.017464     -3.984348
   4120000      1.448827     -3.797283
   4140000      1.047081     -3.980498
   4160000      0.741415     -4.066369
   4180000      0.976824     -4.164029
   4200000      0.924024     -4.245916
   4220000      0.967454     -4.312132
   4240000      0.826646     -4.332335
   4260000      0.909921     -4.433115
   4280000      1.036204     -4.514811
   4300000      0.981365     -4.575111
   4320000      0.846336     -4.613058
   4340000      0.821600     -4.659332
   4360000      0.898939     -4.749780
   4380000      1.082128     -4.831980
   4400000      1.081804     -4.886608
   4420000      1.203936     -4.972836
   4440000      1.462944     -5.007350
   4460000      1.699989     -4.980644
   4480000      1.836904     -4.966946
   4500000      1.902853     -5.001267
   4520000      1.922676     -5.045786
   4540000      1.995390     -5.060791
   4560000      1.933099     -5.177698
   4580000      1.938635     -5.268882
   4600000      1.772979     -5.427443
   4620000      1.729331     -5.468816
   4640000      1.865722     -5.497691
   4660000      1.923467     -5.550626
   4680000      2.118983     -5.525334
   4700000      2.054157     -5.640979
   4720000      2.034246     -5.694637
   4740000      2.167053     -5.706970
   4760000      2.088798     -5.851276
   4780000      2.121052     -5.893692
   4800000      2.111275     -6.007456
   4820000      2.238088     -5.980012
   4840000      2.087224     -6.165925
   4860000      2.306563     -6.198462
   4880000      2.327125     -6.219973
   4900000      2.333305     -6.321117
   4920000      2.305696     -6.385250
   4940000      2.404878     -6.415446
   4960000      2.358991     -6.498640
   4980000      2.392922     -6.546432
   5000000      2.415401     -6.582428
   5020000      2.348048     -6.654349
   5040000      2.525975     -6.676954
   5060000      2.596782     -6.712443
   5080000      2.437132     -6.795319
   5100000      2.389211     -6.875260
   5120000      2.033454     -6.912456
   5140000      2.283332     -6.893177
   5160000      2.236375     -6.964636
   5180000      2.400777     -6.870215
   5200000      2.159708     -6.913174
   5220000      2.065337     -7.252294
   5240000      1.947124     -6.926018
   5260000      2.131328     -7.259912
   5280000      1.994322     -7.280610
   5300000      1.881465     -7.230416
   5320000      2.034064     -7.057669
   5340000      1.633290     -7.149970
   5360000      1.879430     -7.118612
   5380000      1.590881     -7.295920
   5400000      1.707641     -7.586824
   5420000      1.232617     -7.508677
   5440000      1.083163     -7.414863
   5460000      0.833133     -7.419079
   5480000      0.792960     -7.115967
   5500000      0.844192     -6.987049
   5520000      0.870947     -7.019458
   5540000      0.975722     -7.089260
   5560000      0.749945     -6.910798
   5580000      0.743882     -6.805486
   5600000      0.667770     -6.874261
   5620000      0.706438     -6.861614
   5640000      0.612925     -6.647937
   5660000      0.699735     -6.889797
   5680000      0.514059     -6.882512
   5700000      0.617894     -7.039327
   5720000      0.576318     -7.110958
   5740000      0.554807     -7.172030
   5760000      0.504838     -7.208886
   5780000      0.247592     -7.083071
   5800000      0.002082     -6.794593
   5820000     -0.055813     -6.802087
   5840000     -0.127852     -6.705070
   5860000     -0.229693     -6.566388
   5880000     -0.283266     -6.653843
   5900000     -0.356537     -6.732291
   5920000     -0.397661     -6.636365
   5940000     -0.436646     -6.916934
   5960000     -0.282895     -7.244905
   5980000     -0.308620     -7.211422
   6000000     -0.479562     -7.112481
