         0      4.000000      0.000000
     20000      4.025757     -0.016216
     40000      4.046471     -0.051941
     60000      4.073107     -0.050013
     80000      4.095169     -0.066522
    100000      4.119234     -0.067164
    120000      4.151737     -0.067537
    140000      4.157202     -0.167248
    160000      4.168827     -0.196258
    180000      4.197549     -0.186465
    200000      4.236812     -0.163536
    220000      4.261877     -0.158008
    240000      4.280572     -0.187377
    260000      4.298208     -0.194161
    280000      4.329084     -0.185766
    300000      4.346844     -0.210674
    320000      4.378367     -0.182469
    340000      4.414032     -0.151740
    360000      4.435361     -0.161670
    380000      4.456111     -0.182612
    400000      4.485159     -0.170156
    420000      4.506029     -0.178082
    440000      4.535437     -0.172307
    460000      4.568440     -0.138331
    480000      4.584134     -0.190628
    500000      4.594861     -0.212559
    520000      4.638204     -0.187156
    540000      4.654648     -0.205862
    560000      4.681876     -0.194708
    580000      4.704738     -0.169980
    600000      4.710011     -0.299164
    620000      4.739056     -0.303472
    640000      4.745987     -0.348653
    660000      4.748554     -0.378838
    680000      4.786569     -0.376204
    700000      4.810449     -0.381964
    720000      4.834816     -0.379031
    740000      4.865528     -0.377835
    760000      4.898409     -0.383589
    780000      4.920541     -0.402643
    800000      4.948910     -0.408185
    820000      4.943254     -0.486807
    840000      4.957739     -0.514941
    860000      4.965031     -0.546681
    880000      5.002509     -0.539594
    900000      5.017943     -0.563536
    920000      5.027449     -0.597712
    940000      5.001334     -0.657563
    960000      5.039206     -0.669941
    980000      5.148272     -0.594602
   1000000      5.156743     -0.619580
   1020000      5.188606     -0.624208
   1040000      5.208631     -0.635739
   1060000      5.215797     -0.657009
   1080000      5.264799     -0.644600
   1100000      5.275152     -0.655178
   1120000      5.265150     -0.696664
   1140000      5.282334     -0.719198
   1160000      5.329867     -0.715900
   1180000      5.372335     -0.687369
   1200000      5.392488     -0.722742
   1220000      5.411485     -0.771879
   1240000      5.437371     -0.795871
   1260000      5.435134     -0.845481
   1280000      5.453037     -0.857544
   1300000      5.492400     -0.838692
   1320000      5.511287     -0.849330
   1340000      5.516277     -0.900961
   1360000      5.549639     -0.911566
   1380000      5.563341     -0.932845
   1400000      5.584797     -0.937654
   1420000      5.586000     -0.979717
   1440000      5.590035     -1.022711
   1460000      5.599127     -1.056210
   1480000      5.613049     -1.080139
   1500000      5.636184     -1.086417
   1520000      5.638732     -1.110933
   1540000      5.664202     -1.120324
   1560000      5.659762     -1.152544
   1580000      5.676778     -1.172083
   1600000      5.686649     -1.193254
   1620000      5.739743     -1.186206
   1640000      5.749046     -1.204203
   1660000      5.754344     -1.234432
   1680000      5.787971     -1.247145
   1700000      5.807816     -1.255614
   1720000      5.792365     -1.316795
   1740000      5.806843     -1.332997
   1760000      5.850057     -1.335395
   1780000      5.865579     -1.331126
   1800000      5.876793     -1.379441
   1820000      5.894641     -1.412510
   1840000      5.858669     -1.468170
   1860000      5.896743     -1.482404
   1880000      5.843849     -1.541136
   1900000      5.861919     -1.567368
   1920000      5.879331     -1.585922
   1940000      5.890205     -1.611338
   1960000      5.860543     -1.651682
   1980000      5.948185     -1.651491
   2000000      5.947137     -1.687362
   2020000      5.964887     -1.705804
   2040000      5.963182     -1.727460
   2060000      5.972509     -1.748630
   2080000      5.963115     -1.781201
   2100000      5.965412     -1.813766
   2120000      5.972780     -1.838116
   2140000      5.996174     -1.862370
   2160000      6.021509     -1.879673
   2180000      6.012099     -1.906931
   2200000      6.043535     -1.925112
   2220000      5.986720     -1.970894
   2240000      6.027377     -1.988231
   2260000      6.028333     -2.017657
   2280000      5.991311     -2.050163
   2300000      5.960372     -2.076549
   2320000      5.977241     -2.093864
   2340000      5.982282     -2.113708
   2360000      5.968752     -2.141174
   2380000      5.981895     -2.173234
   2400000      5.934826     -2.211654
   2420000      5.945156     -2.233656
   2440000      5.934993     -2.256265
   2460000      5.978680     -2.284027
   2480000      5.995603     -2.302833
   2500000      5.932287     -2.346395
   2520000      5.916516     -2.368312
   2540000      5.932943     -2.385679
   2560000      5.902828     -2.414670
   2580000      5.895277     -2.435414
   2600000      5.856568     -2.473065
   2620000      5.857081     -2.490645
   2640000      5.873103     -2.518886
   2660000      5.900025     -2.550492
   2680000      5.856166     -2.572216
   2700000      5.851465     -2.607308
   2720000      5.831006     -2.632565
   2740000      5.768377     -2.630529
   2760000      5.760400     -2.664438
   2780000      5.740721     -2.687447
   2800000      5.746384     -2.714535
   2820000      5.646213     -2.662340
   2840000      5.768945     -2.778137
   2860000      5.759368     -2.801396
   2880000      5.757954     -2.817906
   2900000      5.717931     -2.824500
   2920000      5.706347     -2.840701
   2940000      5.837358     -2.931921
   2960000      5.862138     -2.960929
   2980000      5.897046     -2.989602
   3000000      5.878858     -3.011826
   3020000      5.847707     -3.034988
   3040000      5.823833     -3.050226
   3060000      5.832533     -3.090473
   3080000      5.949274     -3.089650
   3100000      5.939695     -3.112432
   3120000      5.963914     -3.115734
   3140000      5.985747     -3.120740
   3160000      5.975691     -3.162114
   3180000      5.984356     -3.196104
   3200000      5.968427     -3.233514
   3220000      5.977575     -3.246623
   3240000      5.969231     -3.282448
   3260000      6.014275     -3.281290
   3280000      6.016487     -3.308593
   3300000      6.005724     -3.345530
   3320000      6.022943     -3.350006
   3340000      6.048706     -3.360135
   3360000      6.071728     -3.362646
   3380000      6.108210     -3.335769
   3400000      5.968695     -3.475309
   3420000      6.008907     -3.484758
   3440000      6.015313     -3.503888
   3460000      6.020823     -3.524464
   3480000      6.053364     -3.538602
   3500000      6.058200     -3.568872
   3520000      5.987661     -3.636342
   3540000      6.058749     -3.635903
   3560000      6.038582     -3.670439
   3580000      6.070789     -3.680691
   3600000      6.098596     -3.698993
   3620000      6.082648     -3.728577
   3640000      6.116168     -3.739348
   3660000      6.139968     -3.747633
   3680000      6.177599     -3.763770
   3700000      6.132379     -3.821405
   3720000      6.116977     -3.855563
   3740000      6.092467     -3.889061
   3760000      6.167838     -3.892442
   3780000      6.160571     -3.927927
   3800000      6.160921     -3.956025
   3820000      6.150932     -3.980811
   3840000      6.099435     -4.009909
   3860000      6.119337     -4.042307
   3880000      6.117455     -4.064814
   3900000      6.104895     -4.083113
   3920000      6.130524     -4.100195
   3940000      6.124884     -4.131829
   3960000      6.120085     -4.159389
   3980000      6.109229     -4.178038
   4000000      6.077083     -4.196418
   4020000      6.040082     -4.210467
   4040000      5.997668     -4.221011
   4060000      5.972415     -4.225691
   4080000      5.951385     -4.237823
   4100000      5.931715     -4.254154
   4120000      5.916938     -4.274829
   4140000      5.918062     -4.301530
   4160000      5.871328     -4.279290
   4180000      5.853876     -4.308423
   4200000      5.860164     -4.344515
   4220000      5.858381     -4.371622
   4240000      5.855834     -4.397763
   4260000      5.805253     -4.395872
   4280000      5.813628     -4.453013
   4300000      5.796031     -4.472894
   4320000      5.769292     -4.478979
   4340000      5.760037     -4.499224
   4360000      5.712022     -4.480258
   4380000      5.663943     -4.487023
   4400000      5.676385     -4.539356
   4420000      5.656676     -4.564931
   4440000      5.574254     -4.511748
   4460000      5.600587     -4.587351
   4480000      5.534473     -4.558370
   4500000      5.587141     -4.649496
   4520000      5.575250     -4.679870
   4540000      5.547611     -4.702969
   4560000      5.515883     -4.726300
   4580000      5.487557     -4.738951
   4600000      5.477742     -4.755067
   4620000      5.461378     -4.772873
   4640000      5.492227     -4.847330
   4660000      5.490443     -4.878167
   4680000      5.497157     -4.904377
   4700000      5.478180     -4.937043
   4720000      5.438554     -4.936168
   4740000      5.406370     -4.947599
   4760000      5.417506     -4.989973
   4780000      5.452811     -5.040297
   4800000      5.445080     -5.065154
   4820000      5.405176     -5.080466
   4840000      5.410649     -5.115438
   4860000      5.363419     -5.121255
   4880000      5.388353     -5.159482
   4900000      5.293479     -5.123355
   4920000      5.322693     -5.181194
   4940000      5.286812     -5.171813
   4960000      5.265614     -5.199926
   4980000      5.264521     -5.231322
   5000000      5.237975     -5.235291
   5020000      5.221067     -5.247296
   5040000      5.215164     -5.276278
   5060000      5.193367     -5.286059
   5080000      5.199034     -5.321146
   5100000      5.163348     -5.347168
   5120000      5.146840     -5.370630
   5140000      5.133347     -5.381265
   5160000      5.114473     -5.397646
   5180000      5.093913     -5.412604
   5200000      5.073577     -5.419365
   5220000      5.061103     -5.447881
   5240000      5.041930     -5.457726
   5260000      5.009131     -5.456768
   5280000      4.983261     -5.446405
   5300000      4.955878     -5.453304
   5320000      4.944869     -5.474418
   5340000      4.935416     -5.547339
   5360000      4.909770     -5.560619
   5380000      4.909010     -5.599031
   5400000      4.904906     -5.621293
   5420000      4.900304     -5.656258
   5440000      4.896076     -5.680662
   5460000      4.895863     -5.709726
   5480000      4.920688     -5.742239
   5500000      4.927502     -5.768416
   5520000      4.867915     -5.792007
   5540000      4.857720     -5.816644
   5560000      4.819639     -5.831950
   5580000      4.785264     -5.831082
   5600000      4.793935     -5.871962
   5620000      4.747028     -5.882279
   5640000      4.736845     -5.905060
   5660000      4.731307     -5.934392
   5680000      4.748061     -5.971240
   5700000      4.698165     -5.970236
   5720000      4.672629     -5.979443
   5740000      4.714244     -6.035128
   5760000      4.692484     -6.049582
   5780000      4.712540     -6.085783
   5800000      4.704363     -6.115141
   5820000      4.720346     -6.139766
   5840000      4.724521     -6.169109
   5860000      4.684217     -6.179937
   5880000      4.675682     -6.204662
   5900000      4.660784     -6.214422
   5920000      4.738787     -6.284613
   5940000      4.744123     -6.316145
   5960000      4.705115     -6.323599
   5980000      4.783064     -6.374851
   6000000      4.746789     -6.397201
   6020000      4.744273     -6.412436
   6040000      4.762493     -6.432299
   6060000      4.763938     -6.460515
   6080000      4.825230     -6.480000
   6100000      4.861769     -6.489511
   6120000      4.878953     -6.512742
   6140000      4.813422     -6.549125
   6160000      4.830605     -6.574845
   6180000      4.848671     -6.588209
   6200000      4.872199     -6.608174
   6220000      4.877091     -6.628467
   6240000      4.895766     -6.655802
   6260000      4.899701     -6.672159
   6280000      4.926257     -6.681805
   6300000      4.988634     -6.685492
   6320000      5.007201     -6.710341
   6340000      5.013702     -6.736105
   6360000      5.027546     -6.747158
   6380000      5.024668     -6.771551
   6400000      5.031121     -6.795403
   6420000      5.087217     -6.807521
   6440000      5.075729     -6.839023
   6460000      5.088787     -6.863822
   6480000      5.106812     -6.882440
   6500000      5.143569     -6.884463
   6520000      5.161870     -6.907112
   6540000      5.132213     -6.954860
   6560000      5.080203     -6.999691
   6580000      5.130598     -7.008449
   6600000      5.129899     -7.035698
   6620000      5.141128     -7.054169
   6640000      5.135954     -7.080763
   6660000      5.150217     -7.097017
   6680000      5.166542     -7.120241
   6700000      5.197986     -7.128618
   6720000      5.225658     -7.139401
   6740000      5.236009     -7.162430
   6760000      5.248154     -7.175554
   6780000      5.276834     -7.189606
   6800000      5.279710     -7.219060
   6820000      5.272637     -7.258649
   6840000      5.294416     -7.275074
   6860000      5.332559     -7.290485
   6880000      5.365559     -7.306412
   6900000      5.383359     -7.332719
   6920000      5.384433     -7.363633
   6940000      5.396867     -7.386759
   6960000      5.408381     -7.409719
   6980000      5.391853     -7.449138
   7000000      5.373847     -7.482205
   7020000      5.416615     -7.492042
   7040000      5.420817     -7.509092
   7060000      5.424008     -7.531842
   7080000      5.429263     -7.562933
   7100000      5.423437     -7.590610
   7120000      5.384314     -7.618283
   7140000      5.392643     -7.644955
   7160000      5.400413     -7.673248
   7180000      5.389204     -7.696868
   7200000      5.362835     -7.712222
   7220000      5.352234     -7.740024
   7240000      5.345151     -7.768674
   7260000      5.340812     -7.785389
   7280000      5.339927     -7.827997
   7300000      5.344085     -7.869559
   7320000      5.329112     -7.892000
   7340000      5.381853     -7.935655
   7360000      5.419614     -7.959254
   7380000      5.488724     -7.969264
   7400000      5.501155     -7.993322
   7420000      5.509968     -8.019189
   7440000      5.575088     -8.014108
   7460000      5.554040     -8.055595
   7480000      5.512514     -8.095093
   7500000      5.565828     -8.101044
   7520000      5.583592     -8.121459
   7540000      5.592306     -8.138814
   7560000      5.555922     -8.182001
   7580000      5.596630     -8.197595
   7600000      5.650724     -8.207119
   7620000      5.681089     -8.208915
   7640000      5.637407     -8.260275
   7660000      5.621365     -8.291702
   7680000      5.664487     -8.294541
   7700000      5.654581     -8.318417
   7720000      5.648659     -8.349098
   7740000      5.667939     -8.364623
   7760000      5.672388     -8.388483
   7780000      5.649917     -8.416641
   7800000      5.665108     -8.436077
   7820000      5.680930     -8.453846
   7840000      5.748258     -8.450801
   7860000      5.562544     -8.550838
   7880000      5.558278     -8.562430
   7900000      5.567608     -8.586902
   7920000      5.539013     -8.595513
   7940000      5.535209     -8.620085
   7960000      5.543426     -8.657378
   7980000      5.545327     -8.685037
   8000000      5.512472     -8.693291
   8020000      5.626181     -8.732513
   8040000      5.646642     -8.754242
   8060000      5.552488     -8.787300
   8080000      5.511354     -8.805675
   8100000      5.536156     -8.841382
   8120000      5.537236     -8.866375
   8140000      5.497995     -8.891584
   8160000      5.533662     -8.917035
   8180000      5.541245     -8.934728
   8200000      5.532063     -8.962567
   8220000      5.515307     -8.990105
   8240000      5.474767     -9.011786
   8260000      5.492931     -9.025671
   8280000      5.478407     -9.043545
   8300000      5.480456     -9.079529
   8320000      5.621154     -9.093049
   8340000      5.621317     -9.123077
   8360000      5.621948     -9.152637
   8380000      5.629619     -9.176514
   8400000      5.606396     -9.200351
   8420000      5.644622     -9.219583
   8440000      5.635898     -9.249299
   8460000      5.652244     -9.267662
   8480000      5.659608     -9.292979
   8500000      5.718970     -9.298473
   8520000      5.731956     -9.327161
   8540000      5.742350     -9.342417
   8560000      5.704626     -9.383083
   8580000      5.663012     -9.444835
   8600000      5.722706     -9.450839
   8620000      5.716838     -9.486630
   8640000      5.723716     -9.503074
   8660000      5.758813     -9.511702
   8680000      5.775685     -9.509689
   8700000      5.804971     -9.510264
   8720000      5.823368     -9.537195
   8740000      5.841854     -9.543688
   8760000      5.846117     -9.551406
   8780000      5.850045     -9.595205
   8800000      5.870646     -9.599311
   8820000      5.901431     -9.591217
   8840000      5.825474     -9.713188
   8860000      5.832267     -9.742074
   8880000      5.850007     -9.752702
   8900000      5.884037     -9.764050
   8920000      5.879813     -9.790672
   8940000      5.888292     -9.815164
   8960000      5.905246     -9.829909
   8980000      5.915123     -9.847250
   9000000      5.960981     -9.837678
   9020000      5.982850     -9.858621
   9040000      5.988506     -9.891888
   9060000      5.997005     -9.917379
   9080000      6.014248     -9.930543
   9100000      6.019796     -9.964960
   9120000      6.037380     -9.985412
   9140000      6.064090     -9.994684
   9160000      6.116386     -9.978912
   9180000      6.147250     -9.985675
   9200000      6.153003    -10.047555
   9220000      6.149879    -10.081686
   9240000      6.159418    -10.108354
   9260000      6.169275    -10.136347
   9280000      6.174340    -10.172166
   9300000      6.185067    -10.185140
   9320000      6.204062    -10.203793
   9340000      6.223729    -10.226628
   9360000      6.260537    -10.232105
   9380000      6.256556    -10.262442
   9400000      6.269677    -10.288184
   9420000      6.271949    -10.306198
   9440000      6.254737    -10.329184
   9460000      6.358637    -10.306624
   9480000      6.363669    -10.341578
   9500000      6.392531    -10.351813
   9520000      6.430027    -10.344652
   9540000      6.439317    -10.372737
   9560000      6.467393    -10.364931
   9580000      6.501832    -10.362230
   9600000      6.520075    -10.383705
   9620000      6.522039    -10.422606
   9640000      6.536545    -10.452081
   9660000      6.568831    -10.446531
   9680000      6.593956    -10.451809
   9700000      6.612318    -10.475622
   9720000      6.636003    -10.468277
   9740000      6.670096    -10.444902
   9760000      6.696543    -10.428823
   9780000      6.717108    -10.433605
   9800000      6.746556    -10.442059
   9820000      6.783520    -10.447355
   9840000      6.800965    -10.452694
   9860000      6.822064    -10.453469
   9880000      6.840162    -10.502557
   9900000      6.844814    -10.558055
   9920000      6.877832    -10.554230
   9940000      6.898420    -10.572631
   9960000      6.899541    -10.631332
   9980000      6.907926    -10.669848
  10000000      6.863702    -10.768044
