         0      4.000000      0.000000
     20000      4.051940      0.106482
     40000      4.119600      0.153972
     60000      4.174475      0.140942
     80000      4.241530      0.164079
    100000      4.006146     -0.291323
    120000      3.932924     -0.366027
    140000      3.927034     -0.636441
    160000      4.145841     -0.577412
    180000      3.918657     -0.444327
    200000      4.039621     -0.282401
    220000      4.139501     -0.046600
    240000      4.079369      0.195739
    260000      4.335664      0.148054
    280000      4.391330      0.486922
    300000      4.456648      0.665627
    320000      4.539311      0.548798
    340000      4.595864      0.435344
    360000      4.649294      0.494783
    380000      4.654019      0.081412
    400000      4.704223      0.244559
    420000      4.724632      0.152347
    440000      4.839200      0.348608
    460000      4.941145     -0.191527
    480000      5.024083     -0.103371
    500000      4.820188      0.291338
    520000      4.835573      0.056638
    540000      5.057594      0.043448
    560000      5.276018      0.284861
    580000      5.215829      0.460992
    600000      5.145158      0.680573
    620000      5.134604      0.667603
    640000      4.765057      1.296581
    660000      4.285138      1.476187
    680000      4.529174      1.301722
    700000      4.651742      1.109744
    720000      4.541164      1.326067
    740000      4.582792      1.166176
    760000      4.454506      1.209616
    780000      4.506815      1.049834
    800000      4.625787      0.962415
    820000      4.614243      0.936384
    840000      4.640639      0.901059
    860000      4.586647      1.090365
    880000      4.542224      0.853163
    900000      4.697673      1.183848
    920000      4.686966      1.221775
    940000      4.799398      1.193871
    960000      4.663991      1.574373
    980000      4.739102      1.692746
   1000000      4.714140      1.496982
   1020000      4.628234      1.495537
   1040000      4.820536      1.173697
   1060000      4.635465      0.988902
   1080000      4.443101      1.212565
   1100000      4.599385      0.951726
   1120000      4.694587      0.842004
   1140000      4.751800      0.846166
   1160000      4.764053      0.878857
   1180000      4.701278      1.030573
   1200000      4.683571      1.023428
   1220000      4.859814      1.057092
   1240000      4.834190      1.339622
   1260000      4.868904      1.159729
   1280000      4.909015      1.027251
   1300000      5.063820      0.911634
   1320000      5.041195      0.972515
   1340000      5.151560      1.209209
   1360000      5.236409      1.181697
   1380000      4.929130      1.267151
   1400000      5.052258      1.255335
   1420000      5.045503      1.103982
   1440000      4.949331      1.033279
   1460000      4.942627      1.231256
   1480000      5.093121      1.047039
   1500000      4.679602      1.297165
   1520000      4.712089      1.344980
   1540000      4.799036      1.465583
   1560000      4.901598      1.313913
   1580000      4.850508      1.300933
   1600000      4.823252      1.313438
   1620000      4.444125      1.566122
   1640000      4.564916      1.416517
   1660000      4.459195      0.950048
   1680000      4.258849      1.356190
   1700000      4.319906      1.088996
   1720000      4.345393      1.095384
   1740000      4.309659      1.263175
   1760000      4.443880      1.261575
   1780000      4.565107      0.974443
   1800000      4.742871      0.922680
   1820000      4.640766      0.901247
   1840000      4.673496      0.926713
   1860000      4.760304      0.808427
   1880000      4.699021      0.650874
   1900000      4.695447      0.605176
   1920000      4.408971      1.032686
   1940000      4.305018      0.840520
   1960000      4.375448      1.017987
   1980000      4.302224      1.083982
   2000000      4.268136      1.139485
   2020000      4.138399      1.364097
   2040000      4.304677      1.420742
   2060000      4.315018      1.388167
   2080000      4.475222      1.334786
   2100000      4.434673      1.470840
   2120000      4.538665      1.402945
   2140000      4.819555      1.102073
   2160000      4.590350      1.636937
   2180000      4.546047      1.701722
   2200000      4.190858      1.899830
   2220000      4.017924      1.859946
   2240000      4.110244      1.670174
   2260000      3.899641      1.575517
   2280000      3.811813      1.672679
   2300000      3.943817      1.594695
   2320000      4.009316      1.589685
   2340000      4.055407      1.853559
   2360000      3.821138      2.039029
   2380000      3.687658      1.901672
   2400000      3.972686      1.585928
   2420000      4.031459      1.592417
   2440000      4.201409      1.605332
   2460000      4.177286      1.730292
   2480000      4.022770      1.867451
   2500000      4.074438      1.518124
   2520000      4.341890      1.606801
   2540000      4.322546      1.418168
   2560000      4.137164      1.643644
   2580000      3.996982      1.852947
   2600000      4.302567      1.715950
   2620000      4.376826      1.654446
   2640000      4.379667      1.703928
   2660000      4.429664      1.561777
   2680000      4.375255      1.783662
   2700000      4.157598      1.565064
   2720000      4.230021      1.487198
   2740000      4.357054      1.246051
   2760000      4.467345      1.202513
   2780000      4.237486      1.503099
   2800000      4.414793      1.480245
   2820000      4.405714      1.254175
   2840000      4.501802      1.582042
   2860000      4.492642      1.860776
   2880000      4.441806      1.920622
   2900000      4.834091      1.417596
   2920000      4.941056      1.500150
   2940000      4.772462      1.505940
   2960000      4.752896      1.696858
   2980000      4.746945      1.736675
   3000000      4.945109      1.415651
   3020000      4.856516      1.400257
   3040000      4.777569      1.369010
   3060000      4.769488      1.235914
   3080000      4.750840      1.202749
   3100000      4.896352      0.949305
   3120000      5.024086      0.788229
   3140000      4.652974      1.292742
   3160000      4.376721      1.484970
   3180000      4.160538      1.674628
   3200000      4.021196      1.720710
   3220000      3.535425      1.633072
   3240000      3.841827      1.489442
   3260000      3.745008      1.453915
   3280000      3.931360      1.341021
   3300000      4.085214      1.434732
   3320000      4.314680      1.424358
   3340000      4.118952      1.677827
   3360000      3.862374      1.754104
   3380000      3.207947      1.518883
   3400000      3.409019      1.777358
   3420000      3.481883      1.878924
   3440000      3.203594      1.981893
   3460000      3.133691      1.788625
   3480000      3.117094      1.967462
   3500000      3.318797      1.851167
   3520000      3.397831      1.835702
   3540000      3.341390      1.846290
   3560000      3.284224      1.739536
   3580000      3.189226      1.648155
   3600000      3.100667      1.795743
   3620000      2.849532      1.888399
   3640000      2.926085      1.969147
   3660000      2.845800      1.511718
   3680000      3.098766      1.850809
   3700000      3.061666      1.854188
   3720000      3.226976      1.877207
   3740000      3.443753      1.730528
   3760000      3.488896      1.401529
   3780000      3.415629      1.489254
   3800000      3.410501      1.621422
   3820000      3.469155      1.206683
   3840000      4.070742      1.308137
   3860000      4.055103      1.096243
   3880000      4.383108      0.812284
   3900000      3.971625      0.820558
   3920000      4.036292      1.192526
   3940000      4.149405      1.104411
   3960000      4.206560      1.103744
   3980000      4.166000      0.737019
   4000000      4.375602      0.968960
   4020000      4.322093      0.679842
   4040000      4.547202      0.702266
   4060000      4.597240      0.632781
   4080000      4.735787      0.657155
   4100000      4.671370      0.559004
   4120000      4.652424      0.628251
   4140000      4.495544      0.720396
   4160000      4.653829      0.541419
   4180000      4.560827      0.281640
   4200000      4.424183      0.042274
   4220000      4.384717      0.005957
   4240000      4.325659     -0.031120
   4260000      4.070431     -0.141535
   4280000      4.205488      0.138267
   4300000      4.069030      0.208909
   4320000      4.435449      0.439521
   4340000      4.511042      0.189731
   4360000      4.544271      0.250259
   4380000      4.111365      0.010417
   4400000      4.245470      0.327366
   4420000      3.773279      0.379629
   4440000      3.887768      0.705071
   4460000      3.795050      0.555831
   4480000      3.850574      0.769306
   4500000      4.287790      0.645784
   4520000      4.245011      0.457908
   4540000      4.416017      0.455173
   4560000      4.480633      0.218302
   4580000      4.506315      0.120669
   4600000      4.457637      0.158398
   4620000      4.513972     -0.078525
   4640000      4.045817     -0.358228
   4660000      4.231744     -0.244498
   4680000      4.129928     -0.288353
   4700000      4.197813     -0.360116
   4720000      3.425231     -0.327265
   4740000      3.306101     -0.303353
   4760000      3.263098     -0.487237
   4780000      3.302642     -0.532041
   4800000      3.216704     -0.357964
   4820000      3.293197     -0.379219
   4840000      3.086958     -0.231805
   4860000      3.124070     -0.471486
   4880000      3.264169     -0.738351
   4900000      3.051537     -0.554990
   4920000      2.848153     -0.509960
   4940000      3.041341     -0.447003
   4960000      3.314467     -0.636887
   4980000      3.288707     -0.612562
   5000000      3.044351     -0.433137
   5020000      3.179800     -0.305803
   5040000      2.764910     -0.395479
   5060000      2.763578     -0.411962
   5080000      2.545497     -0.534279
   5100000      2.363113     -0.569492
   5120000      2.567984     -0.691534
   5140000      2.540949     -0.841636
   5160000      2.355956     -0.824710
   5180000      2.625799     -0.862632
   5200000      2.917287     -0.964824
   5220000      2.783445     -0.961380
   5240000      2.804466     -0.886554
   5260000      2.981734     -0.653251
   5280000      3.184317     -0.916860
   5300000      3.046349     -1.056201
   5320000      3.079947     -0.912387
   5340000      2.944736     -0.933869
   5360000      3.211157     -0.917131
   5380000      3.155899     -0.859255
   5400000      3.458156     -0.583170
   5420000      2.927099     -0.483653
   5440000      3.505747     -0.124352
   5460000      3.180507     -0.217707
   5480000      2.930091     -0.206014
   5500000      2.946097     -0.099532
   5520000      3.212186     -0.275679
   5540000      3.216596      0.016523
   5560000      2.824917     -0.141209
   5580000      2.782436     -0.405609
   5600000      2.523662     -0.321257
   5620000      2.557742     -0.332345
   5640000      2.504068     -0.408225
   5660000      2.330962     -0.968569
   5680000      2.330479     -1.032417
   5700000      2.447647     -0.793861
   5720000      2.716481     -0.627931
   5740000      2.634493     -0.277118
   5760000      2.667319     -0.440477
   5780000      2.563410     -0.312264
   5800000      2.441343     -0.119686
   5820000      2.043836     -0.370607
   5840000      1.660168     -0.612975
   5860000      1.544083     -0.362404
   5880000      1.388514     -0.393032
   5900000      1.294245     -0.111926
   5920000      1.280845      0.051762
   5940000      1.393755     -0.110835
   5960000      1.292944     -0.020082
   5980000      1.342304     -0.044693
   6000000      1.244631     -0.310281
