         0      4.000000      0.000000
     20000      4.050825      0.058496
     40000      4.096794      0.144394
     60000      4.144018      0.245596
     80000      4.172782      0.341362
    100000      4.264262      0.342615
    120000      4.346551     -0.020569
    140000      4.433936      0.119342
    160000      4.482899      0.166022
    180000      4.569192      0.047847
    200000      4.616450      0.171724
    220000      4.698586     -0.010274
    240000      4.768501      0.048818
    260000      4.843234      0.163608
    280000      4.917364      0.078282
    300000      4.985560      0.141276
    320000      5.072401      0.139921
    340000      5.130577      0.133943
    360000      5.176807      0.220689
    380000      5.234165     -0.112047
    400000      5.311187     -0.093390
    420000      5.382517     -0.097547
    440000      5.443477     -0.099590
    460000      5.494284     -0.141257
    480000      5.522183     -0.282679
    500000      5.571606     -0.370557
    520000      5.639116     -0.379071
    540000      5.670843     -0.453140
    560000      5.836074     -0.253607
    580000      5.894010     -0.240351
    600000      5.834875     -0.584523
    620000      5.980364     -0.447570
    640000      6.030145     -0.472956
    660000      6.037013     -0.657057
    680000      6.127629     -0.690849
    700000      6.215045     -0.676783
    720000      6.288787     -0.665325
    740000      6.272575     -0.771599
    760000      6.374222     -0.902018
    780000      6.460178     -0.875971
    800000      6.503432     -0.941135
    820000      6.613075     -0.846003
    840000      6.685321     -0.745452
    860000      6.751522     -0.829307
    880000      6.809553     -0.865185
    900000      6.893182     -0.787123
    920000      6.922078     -0.919513
    940000      7.016186     -0.620037
    960000      7.074416     -0.650685
    980000      7.159478     -0.685016
   1000000      7.216600     -0.627395
   1020000      7.241887     -0.530676
   1040000      7.323592     -0.646119
   1060000      7.378282     -0.611356
   1080000      7.422399     -0.533446
   1100000      7.493154     -0.477605
   1120000      7.574689     -0.473667
   1140000      7.507941     -0.203828
   1160000      7.671759     -0.338020
   1180000      7.768927     -0.449904
   1200000      7.829864     -0.509486
   1220000      7.908867     -0.497888
   1240000      7.971408     -0.508222
   1260000      8.032943     -0.468353
   1280000      8.091101     -0.336331
   1300000      8.171818     -0.331504
   1320000      8.127849     -0.083881
   1340000      8.061792      0.081559
   1360000      8.077718      0.132981
   1380000      8.130175      0.183294
   1400000      8.384989     -0.017172
   1420000      8.383648      0.082183
   1440000      8.329870      0.249602
   1460000      8.414121      0.254185
   1480000      8.453201      0.300426
   1500000      8.437278      0.401815
   1520000      8.413981      0.505761
   1540000      8.566397      0.488958
   1560000      8.492094      0.619914
   1580000      8.607983      0.642903
   1600000      8.655572      0.679953
   1620000      8.707936      0.734041
   1640000      8.710920      0.805669
   1660000      8.756625      0.846175
   1680000      8.880844      0.852900
   1700000      9.062322      0.777154
   1720000      9.127377      0.795142
   1740000      9.159353      0.868646
   1760000      9.174945      0.962393
   1780000      9.255690      1.004064
   1800000      9.277144      1.093192
   1820000      9.399078      1.030284
   1840000      9.469835      1.062745
   1860000      9.545574      1.053468
   1880000      9.591739      1.099372
   1900000      9.629426      1.140543
   1920000      9.677816      1.163481
   1940000      9.653268      1.312463
   1960000      9.842556      1.135836
   1980000      9.891208      1.177468
   2000000      9.979786      1.138963
   2020000     10.034184      1.177987
   2040000     10.088854      1.219523
   2060000     10.125859      1.318833
   2080000     10.184828      1.353503
   2100000     10.242650      1.352191
   2120000     10.296853      1.240127
   2140000     10.358350      1.303049
   2160000     10.412206      1.384895
   2180000     10.434996      1.510647
   2200000     10.519701      1.532753
   2220000     10.582620      1.539199
   2240000     10.555454      1.785874
   2260000     10.596100      1.817314
   2280000     10.704237      1.784771
   2300000     10.670122      1.932365
   2320000     10.801056      1.911303
   2340000     10.836586      1.954127
   2360000     10.923097      1.985468
   2380000     10.997421      2.004449
   2400000     11.054838      2.041009
   2420000     11.128924      2.041626
   2440000     11.162488      2.109913
   2460000     11.319545      2.015753
   2480000     11.368750      2.084124
   2500000     11.403079      2.167353
   2520000     11.400491      2.279012
   2540000     11.274731      2.482067
   2560000     11.499045      2.366119
   2580000     11.519911      2.466510
   2600000     11.579216      2.480730
   2620000     11.607323      2.540209
   2640000     11.660019      2.573905
   2660000     11.708062      2.617213
   2680000     11.742373      2.705925
   2700000     11.880791      2.590308
   2720000     11.926726      2.631792
   2740000     11.960032      2.732637
   2760000     11.872195      2.925788
   2780000     12.096371      2.747246
   2800000     12.191190      2.697668
   2820000     12.175814      2.871063
   2840000     12.323104      2.691379
   2860000     12.351133      2.853039
   2880000     12.438650      2.790351
   2900000     12.470059      2.842931
   2920000     12.517903      2.884545
   2940000     12.573573      2.934835
   2960000     12.610328      3.071749
   2980000     12.575471      3.245338
   3000000     12.692964      3.232856
   3020000     12.693200      3.307621
   3040000     12.850995      3.235911
   3060000     12.932124      3.219610
   3080000     13.009815      3.190068
   3100000     13.044057      3.294837
   3120000     13.126631      3.212285
   3140000     13.095321      3.438797
   3160000     13.086236      3.511275
   3180000     13.150982      3.550858
   3200000     13.234776      3.608389
   3220000     13.272207      3.647951
   3240000     13.341073      3.661107
   3260000     13.445228      3.579963
   3280000     13.459742      3.701742
   3300000     13.542313      3.722777
   3320000     13.561137      3.877402
   3340000     13.667573      3.857738
   3360000     13.631482      3.991344
   3380000     13.433793      4.221966
   3400000     13.560184      4.232644
   3420000     13.708427      4.222090
   3440000     13.747334      4.266562
   3460000     13.814593      4.299057
   3480000     13.865997      4.314088
   3500000     13.941076      4.339966
   3520000     13.975525      4.406042
   3540000     13.918816      4.546885
   3560000     14.171710      4.476532
   3580000     13.882592      4.774074
   3600000     13.881191      4.840973
   3620000     13.976639      4.878486
   3640000     14.155960      4.844447
   3660000     14.277465      4.771042
   3680000     14.200791      5.005390
   3700000     14.384945      4.829002
   3720000     14.443301      4.819155
   3740000     14.368460      5.106537
   3760000     14.099375      5.349938
   3780000     14.345253      5.318578
   3800000     14.597052      5.227184
   3820000     14.678000      5.222451
   3840000     14.757196      5.233254
   3860000     14.831534      5.238608
   3880000     14.868163      5.325196
   3900000     14.911028      5.373244
   3920000     15.025364      5.338011
   3940000     14.937849      5.536765
   3960000     14.922721      5.618576
   3980000     14.950018      5.668191
   4000000     14.821458      5.797294
   4020000     15.040860      5.779747
   4040000     15.099569      5.812013
   4060000     15.294701      5.735222
   4080000     15.285006      5.812255
   4100000     15.367068      5.827649
   4120000     15.546379      5.686692
   4140000     15.614966      5.670002
   4160000     15.701565      5.622625
   4180000     15.744425      5.706826
   4200000     15.828230      5.671575
   4220000     15.889414      5.734363
   4240000     15.956942      5.725663
   4260000     15.980170      5.844859
   4280000     16.082354      5.771970
   4300000     16.133531      5.894347
   4320000     16.168464      5.983643
   4340000     16.161082      6.127001
   4360000     16.160100      6.234485
   4380000     16.262243      6.234749
   4400000     16.254402      6.322593
   4420000     16.435025      6.242454
   4440000     16.508364      6.242983
   4460000     16.637364      5.975095
   4480000     16.705947      6.103552
   4500000     16.734602      6.268045
   4520000     16.776353      6.345188
   4540000     16.834034      6.344552
   4560000     16.915144      6.351812
   4580000     16.913328      6.513033
   4600000     16.968128      6.549379
   4620000     17.015536      6.590212
   4640000     17.031403      6.679883
   4660000     17.125772      6.662226
   4680000     17.143329      6.720126
   4700000     17.182970      6.772837
   4720000     17.228868      6.843700
   4740000     17.223512      6.914579
   4760000     17.237031      6.962115
   4780000     17.271407      7.020370
   4800000     17.305628      7.071858
   4820000     17.438095      7.082447
   4840000     17.568607      7.055858
   4860000     17.583904      7.164565
   4880000     17.500547      7.324182
   4900000     17.681738      7.282762
   4920000     17.633607      7.356474
   4940000     17.777686      7.370264
   4960000     17.814171      7.425189
   4980000     17.852767      7.486500
   5000000     17.872411      7.556047
   5020000     17.931071      7.600940
   5040000     17.926343      7.680526
   5060000     17.960466      7.756325
   5080000     18.016689      7.781156
   5100000     17.874113      7.916845
   5120000     17.980628      7.972503
   5140000     18.109199      8.022182
   5160000     18.262087      7.964783
   5180000     18.287977      8.013381
   5200000     18.618192      7.768855
   5220000     18.242866      8.223577
   5240000     18.182659      8.370947
   5260000     18.157516      8.451552
   5280000     18.052767      8.532397
   5300000     18.043294      8.587398
   5320000     17.954973      8.619126
   5340000     18.027617      8.716871
   5360000     17.983536      8.790787
   5380000     18.012090      8.853793
   5400000     18.164193      8.935222
   5420000     18.302425      8.958787
   5440000     18.353799      8.989388
   5460000     18.348814      9.066520
   5480000     18.401214      9.053612
   5500000     17.840332      9.261041
   5520000     17.829129      9.305258
   5540000     17.780799      9.374407
   5560000     17.719681      9.429772
   5580000     17.724944      9.508130
   5600000     17.657017      9.556788
   5620000     17.493148      9.521792
   5640000     17.451918      9.581391
   5660000     17.415139      9.632888
   5680000     17.316346      9.627187
   5700000     17.235063      9.623878
   5720000     17.203551      9.695193
   5740000     17.272462      9.883432
   5760000     17.332489      9.983121
   5780000     17.217644      9.946613
   5800000     17.218036     10.034556
   5820000     17.200725     10.108903
   5840000     17.230756     10.193798
   5860000     17.015096     10.119570
   5880000     17.106129     10.302566
   5900000     17.157546     10.410224
   5920000     16.993282     10.375069
   5940000     17.095206     10.517029
   5960000     17.123178     10.625731
   5980000     17.095061     10.680770
   6000000     17.103900     10.758276
