         0      4.000000      0.000000
     20000      4.048807      0.039266
     40000      4.115384      0.063159
     60000      4.183841      0.044287
     80000      4.228884     -0.227849
    100000      4.284649     -0.297635
    120000      4.297911     -0.383504
    140000      4.369116     -0.396162
    160000      4.407909     -0.438552
    180000      4.363836     -0.562503
    200000      4.397363     -0.622504
    220000      4.443290     -0.675339
    240000      4.439541     -0.749753
    260000      4.422264     -0.830396
    280000      4.557395     -0.842236
    300000      4.526409     -0.951368
    320000      4.490786     -1.047033
    340000      4.369646     -1.165163
    360000      4.437077     -1.223536
    380000      4.423562     -1.295994
    400000      4.376763     -1.365986
    420000      4.379535     -1.420909
    440000      4.444238     -1.486756
    460000      4.433930     -1.551761
    480000      4.455376     -1.602243
    500000      4.432652     -1.690798
    520000      4.546769     -1.733836
    540000      4.589334     -1.816771
    560000      4.480598     -1.902844
    580000      4.509541     -1.964198
    600000      4.635885     -2.012485
    620000      4.695933     -2.069205
    640000      4.808635     -2.066072
    660000      4.854991     -2.115482
    680000      4.908333     -2.131134
    700000      4.912256     -2.244131
    720000      4.935434     -2.319669
    740000      4.994932     -2.366035
    760000      4.968921     -2.454427
    780000      5.030769     -2.491269
    800000      5.040177     -2.574695
    820000      5.072466     -2.633802
    840000      4.949664     -2.768377
    860000      4.924774     -2.838367
    880000      5.010003     -2.854243
    900000      5.046881     -2.954793
    920000      5.096224     -2.990446
    940000      5.112496     -3.066724
    960000      5.104913     -3.147594
    980000      5.179470     -3.185290
   1000000      5.219853     -3.236507
   1020000      5.283956     -3.280400
   1040000      5.352842     -3.319277
   1060000      5.409725     -3.367885
   1080000      5.472710     -3.388862
   1100000      5.498009     -3.444422
   1120000      5.588209     -3.440460
   1140000      5.689660     -3.412711
   1160000      5.787309     -3.370395
   1180000      5.840327     -3.387374
   1200000      5.870323     -3.509106
   1220000      5.935193     -3.556964
   1240000      5.968273     -3.671507
   1260000      6.033343     -3.703227
   1280000      6.137585     -3.681846
   1300000      6.208135     -3.702420
   1320000      6.283481     -3.676852
   1340000      6.306166     -3.781943
   1360000      6.390349     -3.743660
   1380000      6.444737     -3.779231
   1400000      6.477411     -3.868785
   1420000      6.428883     -4.066878
   1440000      6.449411     -4.114345
   1460000      6.452066     -4.176093
   1480000      6.493828     -4.242313
   1500000      6.473462     -4.311193
   1520000      6.612501     -4.337734
   1540000      6.611450     -4.417460
   1560000      6.699013     -4.435803
   1580000      6.720704     -4.497817
   1600000      6.722496     -4.555384
   1620000      6.939737     -4.488646
   1640000      6.985066     -4.506895
   1660000      7.051344     -4.524529
   1680000      7.063249     -4.627325
   1700000      7.164886     -4.613561
   1720000      7.233501     -4.518175
   1740000      7.275369     -4.691981
   1760000      7.327051     -4.693063
   1780000      7.396961     -4.613750
   1800000      7.470652     -4.684773
   1820000      7.538581     -4.737556
   1840000      7.583800     -4.812402
   1860000      7.676184     -4.747631
   1880000      7.668259     -4.937982
   1900000      7.717712     -5.017311
   1920000      7.778742     -5.072558
   1940000      7.854700     -5.086543
   1960000      7.910309     -5.128926
   1980000      7.984968     -5.139481
   2000000      7.979247     -5.256576
   2020000      8.105260     -5.209511
   2040000      8.139694     -5.242274
   2060000      8.253002     -5.163616
   2080000      8.317335     -5.224720
   2100000      8.338764     -5.375646
   2120000      8.425887     -5.344392
   2140000      8.499517     -5.354527
   2160000      8.572425     -5.386030
   2180000      8.610071     -5.484287
   2200000      8.666555     -5.474820
   2220000      8.614606     -5.655321
   2240000      8.620177     -5.713306
   2260000      8.661043     -5.772651
   2280000      8.572087     -5.873655
   2300000      8.523442     -5.949148
   2320000      8.574634     -6.027908
   2340000      8.647816     -6.069673
   2360000      8.459345     -6.180325
   2380000      8.427590     -6.239528
   2400000      8.400495     -6.322546
   2420000      8.374616     -6.364078
   2440000      8.320022     -6.431459
   2460000      8.144252     -6.407580
   2480000      8.083249     -6.451639
   2500000      8.019576     -6.479566
   2520000      8.054708     -6.591381
   2540000      8.003573     -6.652145
   2560000      8.162217     -6.753644
   2580000      7.828427     -6.672213
   2600000      7.916029     -6.802801
   2620000      7.894070     -6.855142
   2640000      7.873297     -6.901330
   2660000      7.915543     -6.954938
   2680000      8.028341     -6.968744
   2700000      7.860188     -7.077431
   2720000      7.815645     -7.160342
   2740000      7.922933     -7.226153
   2760000      8.043048     -7.257449
   2780000      8.075658     -7.305629
   2800000      7.955598     -7.430079
   2820000      8.012154     -7.487029
   2840000      8.065917     -7.542742
   2860000      8.152198     -7.554361
   2880000      8.212091     -7.617841
   2900000      8.201932     -7.702855
   2920000      8.261074     -7.705707
   2940000      8.355570     -7.665418
   2960000      8.381773     -7.745990
   2980000      8.494867     -7.785899
   3000000      8.586795     -7.805733
   3020000      8.631090     -7.874808
   3040000      8.689722     -7.911157
   3060000      8.758069     -7.931347
   3080000      8.857566     -7.924175
   3100000      8.940839     -7.879548
   3120000      8.908736     -8.101779
   3140000      8.946803     -8.168458
   3160000      8.972124     -8.214710
   3180000      9.079824     -8.223379
   3200000      9.084711     -8.295653
   3220000      9.255231     -8.212646
   3240000      9.359406     -8.150688
   3260000      9.466594     -7.978580
   3280000      9.539502     -8.144460
   3300000      9.585999     -8.222865
   3320000      9.647726     -8.187299
   3340000      9.688731     -8.312162
   3360000      9.717773     -8.387560
   3380000      9.802321     -8.379569
   3400000      9.914205     -8.293003
   3420000      9.945932     -8.416645
   3440000     10.015944     -8.376533
   3460000     10.073678     -8.386097
   3480000     10.131072     -8.428625
   3500000     10.192164     -8.518374
   3520000     10.264984     -8.519782
   3540000     10.319207     -8.479627
   3560000     10.392911     -8.468734
   3580000     10.427093     -8.400098
   3600000     10.473801     -8.369691
   3620000     10.575888     -8.628280
   3640000     10.636974     -8.653395
   3660000     10.696094     -8.671700
   3680000     10.746230     -8.730308
   3700000     10.858237     -8.673158
   3720000     10.935188     -8.526419
   3740000     11.003522     -8.670237
   3760000     11.058598     -8.684177
   3780000     11.065909     -8.818210
   3800000     11.136424     -8.841468
   3820000     11.206856     -8.834974
   3840000     11.257718     -8.929849
   3860000     11.296708     -9.010885
   3880000     11.347137     -9.017124
   3900000     11.414295     -9.061826
   3920000     11.478713     -9.076364
   3940000     11.549388     -9.081935
   3960000     11.652479     -9.079052
   3980000     11.647246     -9.169245
   4000000     11.672544     -9.249134
   4020000     11.830863     -9.197460
   4040000     11.863227     -9.246944
   4060000     11.959082     -9.204761
   4080000     12.004462     -9.284851
   4100000     12.057615     -9.346380
   4120000     12.111595     -9.416938
   4140000     12.094175     -9.529283
   4160000     12.084360     -9.625255
   4180000     12.071353     -9.697179
   4200000     12.058136     -9.766310
   4220000     12.111044     -9.826555
   4240000     12.090943     -9.906538
   4260000     12.264117     -9.924446
   4280000     12.190384    -10.047673
   4300000     12.187606    -10.129983
   4320000     12.202973    -10.177036
   4340000     12.281585    -10.217389
   4360000     12.052916    -10.370842
   4380000     12.073704    -10.422040
   4400000     11.981673    -10.494304
   4420000     11.902768    -10.556202
   4440000     12.023083    -10.629716
   4460000     11.821265    -10.683802
   4480000     11.897549    -10.803904
   4500000     11.951641    -10.879454
   4520000     12.011582    -10.954078
   4540000     12.144172    -10.993345
   4560000     12.126525    -11.069282
   4580000     12.167926    -11.133641
   4600000     12.232413    -11.191165
   4620000     12.230296    -11.237965
   4640000     12.338105    -11.287432
   4660000     12.357119    -11.346922
   4680000     12.453506    -11.396397
   4700000     12.524084    -11.399959
   4720000     12.477792    -11.526174
   4740000     12.486143    -11.599066
   4760000     12.366689    -11.700847
   4780000     12.353988    -11.787738
   4800000     12.225785    -11.859916
   4820000     12.241319    -11.926937
   4840000     12.327040    -11.963910
   4860000     12.303412    -12.020579
   4880000     12.058670    -12.094479
   4900000     12.056371    -12.166060
   4920000     12.018392    -12.223195
   4940000     12.005571    -12.281658
   4960000     12.143451    -12.395976
   4980000     12.216388    -12.455660
   5000000     12.152099    -12.523717
   5020000     12.049731    -12.590402
   5040000     12.076009    -12.659791
   5060000     11.923094    -12.697724
   5080000     11.832120    -12.728614
   5100000     11.747489    -12.751020
   5120000     11.768656    -12.843531
   5140000     11.702013    -12.865373
   5160000     11.780352    -13.002153
   5180000     11.696499    -13.052173
   5200000     11.687813    -13.106878
   5220000     11.653709    -13.173119
   5240000     11.578939    -13.201550
   5260000     11.607451    -13.294719
   5280000     11.541740    -13.320857
   5300000     11.537489    -13.404308
   5320000     11.458558    -13.453543
   5340000     11.495512    -13.545472
   5360000     11.536116    -13.613578
   5380000     11.599208    -13.709363
   5400000     11.574389    -13.774465
   5420000     11.484247    -13.820713
   5440000     11.515913    -13.907831
   5460000     11.585494    -13.977173
   5480000     11.626598    -14.056458
   5500000     11.666376    -14.122634
   5520000     11.633313    -14.222491
   5540000     11.680443    -14.283266
   5560000     11.680509    -14.335884
   5580000     11.674272    -14.394254
   5600000     11.636270    -14.454983
   5620000     11.643404    -14.523987
   5640000     11.671511    -14.594803
   5660000     11.720422    -14.673569
   5680000     11.665390    -14.720773
   5700000     11.672005    -14.783949
   5720000     11.660861    -14.864522
   5740000     11.694909    -14.936640
   5760000     11.770851    -15.006577
   5780000     11.677577    -15.080373
   5800000     11.745115    -15.164656
   5820000     11.635460    -15.213103
   5840000     11.619606    -15.276156
   5860000     11.625162    -15.354578
   5880000     11.633255    -15.422574
   5900000     11.607899    -15.476819
   5920000     11.655344    -15.528556
   5940000     11.757468    -15.576203
   5960000     11.781132    -15.645620
   5980000     11.826280    -15.680520
   6000000     11.819525    -15.734594
