         0      4.000000      0.000000
     20000      4.010872     -0.003960
     40000      4.022816      0.061862
     60000      4.033353      0.049835
     80000      4.042383      0.055034
    100000      4.050697      0.055988
    120000      4.059923      0.039772
    140000      4.068315      0.063484
    160000      4.080263      0.070910
    180000      4.088236      0.078700
    200000      4.095395      0.070819
    220000      4.107980      0.070961
    240000      4.118656      0.062932
    260000      4.116068      0.118377
    280000      4.139607      0.075314
    300000      4.148571      0.093414
    320000      4.157779      0.092885
    340000      4.157021      0.123508
    360000      4.170352      0.114415
    380000      4.184526      0.111076
    400000      4.202492      0.100861
    420000      4.218152      0.084563
    440000      4.226487      0.093677
    460000      4.238553      0.079449
    480000      4.247366      0.078069
    500000      4.256523      0.081679
    520000      4.267263      0.092677
    540000      4.271118      0.072789
    560000      4.295493      0.076227
    580000      4.305618      0.084889
    600000      4.319426      0.068270
    620000      4.330608      0.071899
    640000      4.337734      0.059862
    660000      4.343787      0.061479
    680000      4.353144      0.057505
    700000      4.364884      0.053696
    720000      4.373583      0.051896
    740000      4.379957      0.037198
    760000      4.387138      0.038354
    780000      4.400688      0.037047
    800000      4.405881      0.033586
    820000      4.419448      0.033897
    840000      4.444223      0.058895
    860000      4.456490      0.065027
    880000      4.467946      0.068490
    900000      4.476278      0.059931
    920000      4.483694      0.048621
    940000      4.489044      0.038320
    960000      4.497524      0.049658
    980000      4.511077      0.030988
   1000000      4.513720      0.028888
   1020000      4.529452      0.068263
   1040000      4.538060      0.051448
   1060000      4.555570      0.054912
   1080000      4.568180      0.031935
   1100000      4.578979      0.025830
   1120000      4.592147      0.028483
   1140000      4.599240      0.020682
   1160000      4.613471      0.013658
   1180000      4.628041      0.010395
   1200000      4.634667      0.004718
   1220000      4.647621      0.006947
   1240000      4.651686     -0.019713
   1260000      4.676533      0.031173
   1280000      4.689835      0.023273
   1300000      4.698521      0.040293
   1320000      4.707987      0.028095
   1340000      4.719762      0.029510
   1360000      4.727414      0.003778
   1380000      4.732078     -0.012923
   1400000      4.744084     -0.014376
   1420000      4.754650     -0.015564
   1440000      4.761546     -0.020697
   1460000      4.770728     -0.035530
   1480000      4.783881     -0.030917
   1500000      4.786564     -0.064943
   1520000      4.803793     -0.041608
   1540000      4.813242     -0.046597
   1560000      4.811133     -0.063580
   1580000      4.834096     -0.049687
   1600000      4.842560     -0.060526
   1620000      4.851290     -0.044829
   1640000      4.865398     -0.039987
   1660000      4.877745     -0.040626
   1680000      4.890653     -0.039566
   1700000      4.904216     -0.035550
   1720000      4.911699     -0.039384
   1740000      4.925915     -0.037346
   1760000      4.939043     -0.043199
   1780000      4.946700     -0.045687
   1800000      4.956823     -0.049644
   1820000      4.969434     -0.049551
   1840000      4.979800     -0.043247
   1860000      4.993081     -0.041526
   1880000      5.003759     -0.027462
   1900000      5.014083     -0.045619
   1920000      5.022991     -0.023184
   1940000      5.031758     -0.022930
   1960000      5.045739     -0.038536
   1980000      5.056232     -0.026961
   2000000      5.076411     -0.041143
   2020000      5.083993     -0.058041
   2040000      5.098968     -0.026034
   2060000      5.112873     -0.030124
   2080000      5.123555     -0.022640
   2100000      5.132455     -0.027600
   2120000      5.148968     -0.019157
   2140000      5.162400     -0.016368
   2160000      5.172316     -0.033016
   2180000      5.185835     -0.047300
   2200000      5.191470     -0.049650
   2220000      5.203601     -0.037481
   2240000      5.210880     -0.030003
   2260000      5.220505     -0.024373
   2280000      5.231591     -0.029381
   2300000      5.241621     -0.030172
   2320000      5.252975     -0.007874
   2340000      5.258863     -0.018527
   2360000      5.267970     -0.032607
   2380000      5.280335     -0.002318
   2400000      5.286758      0.015118
   2420000      5.296212      0.004435
   2440000      5.308284      0.003737
   2460000      5.311730      0.044949
   2480000      5.314126      0.066323
   2500000      5.325954      0.075566
   2520000      5.330360      0.075806
   2540000      5.330074      0.092078
   2560000      5.332583      0.100055
   2580000      5.347508      0.113582
   2600000      5.370506      0.100979
   2620000      5.383480      0.091835
   2640000      5.392855      0.084533
   2660000      5.408872      0.085724
   2680000      5.422019      0.089466
   2700000      5.435024      0.085276
   2720000      5.460017      0.075054
   2740000      5.463933      0.090647
   2760000      5.468083      0.099422
   2780000      5.478848      0.098332
   2800000      5.488715      0.105993
   2820000      5.489564      0.121747
   2840000      5.489900      0.141336
   2860000      5.487536      0.162456
   2880000      5.483242      0.178123
   2900000      5.480964      0.186574
   2920000      5.499782      0.183235
   2940000      5.519650      0.177052
   2960000      5.554129      0.155527
   2980000      5.546146      0.204903
   3000000      5.541658      0.221346
   3020000      5.569484      0.208809
   3040000      5.551378      0.243689
   3060000      5.544948      0.257324
   3080000      5.548560      0.269028
   3100000      5.557048      0.277587
   3120000      5.555359      0.296830
   3140000      5.571771      0.303525
   3160000      5.590709      0.300372
   3180000      5.602300      0.312395
   3200000      5.610821      0.324911
   3220000      5.622319      0.325571
   3240000      5.625076      0.342033
   3260000      5.629798      0.350494
   3280000      5.638143      0.358863
   3300000      5.645775      0.364028
   3320000      5.649876      0.379142
   3340000      5.664001      0.376904
   3360000      5.673782      0.380940
   3380000      5.693577      0.373855
   3400000      5.702575      0.371962
   3420000      5.704342      0.372155
   3440000      5.713887      0.374864
   3460000      5.725165      0.371214
   3480000      5.733103      0.376116
   3500000      5.745544      0.370537
   3520000      5.754650      0.385485
   3540000      5.764588      0.370074
   3560000      5.774078      0.379777
   3580000      5.775445      0.374422
   3600000      5.795590      0.335860
   3620000      5.800431      0.322518
   3640000      5.814038      0.296772
   3660000      5.817589      0.291640
   3680000      5.814610      0.283828
   3700000      5.819387      0.286147
   3720000      5.821135      0.280436
   3740000      5.824495      0.268067
   3760000      5.810331      0.228781
   3780000      5.816256      0.229211
   3800000      5.842085      0.247888
   3820000      5.869612      0.262951
   3840000      5.873501      0.238443
   3860000      5.870755      0.223088
   3880000      5.875514      0.226430
   3900000      5.899263      0.227173
   3920000      5.897786      0.216041
   3940000      5.892409      0.193998
   3960000      5.906431      0.193523
   3980000      5.920788      0.189443
   4000000      5.901538      0.169806
   4020000      5.905588      0.151311
   4040000      5.911832      0.143274
   4060000      5.904584      0.124795
   4080000      5.915138      0.124298
   4100000      5.921020      0.113732
   4120000      5.907412      0.102435
   4140000      5.910864      0.098413
   4160000      5.925891      0.100285
   4180000      5.912030      0.089814
   4200000      5.906205      0.079873
   4220000      5.894905      0.071868
   4240000      5.897411      0.059927
   4260000      5.920065      0.062482
   4280000      5.912564      0.050597
   4300000      6.004219      0.065811
   4320000      6.003661      0.046910
   4340000      6.013688      0.035529
   4360000      6.013500      0.022247
   4380000      6.020915      0.019118
   4400000      6.027114      0.013193
   4420000      6.024632      0.003534
   4440000      6.051060     -0.006471
   4460000      6.057551     -0.015930
   4480000      6.066348     -0.017777
   4500000      6.084103     -0.019928
   4520000      6.086182     -0.033027
   4540000      6.090895     -0.046083
   4560000      6.099724     -0.060341
   4580000      6.098541     -0.070704
   4600000      6.108151     -0.076260
   4620000      6.114441     -0.069230
   4640000      6.123749     -0.078203
   4660000      6.136395     -0.086703
   4680000      6.142881     -0.084099
   4700000      6.152535     -0.087346
   4720000      6.157889     -0.090565
   4740000      6.155183     -0.101809
   4760000      6.163935     -0.104634
   4780000      6.172334     -0.095466
   4800000      6.198426     -0.083266
   4820000      6.212265     -0.063042
   4840000      6.229506     -0.060157
   4860000      6.237771     -0.052608
   4880000      6.231736     -0.071323
   4900000      6.240226     -0.075770
   4920000      6.249025     -0.105468
   4940000      6.256830     -0.104301
   4960000      6.265483     -0.093329
   4980000      6.276678     -0.101944
   5000000      6.289393     -0.091132
   5020000      6.288218     -0.084319
   5040000      6.308629     -0.093240
   5060000      6.329138     -0.099065
   5080000      6.338502     -0.072029
   5100000      6.354569     -0.070214
   5120000      6.368015     -0.061236
   5140000      6.376907     -0.054801
   5160000      6.392473     -0.094560
   5180000      6.401856     -0.080944
   5200000      6.410843     -0.087762
   5220000      6.419105     -0.069598
   5240000      6.429493     -0.076045
   5260000      6.440479     -0.077295
   5280000      6.449370     -0.071596
   5300000      6.465127     -0.064329
   5320000      6.477566     -0.056406
   5340000      6.480787     -0.056400
   5360000      6.494798     -0.043577
   5380000      6.503905     -0.040306
   5400000      6.513470     -0.032843
   5420000      6.515429     -0.025608
   5440000      6.525325     -0.015799
   5460000      6.540407     -0.033235
   5480000      6.546066     -0.028299
   5500000      6.555409     -0.026615
   5520000      6.567965     -0.032161
   5540000      6.579455     -0.053793
   5560000      6.595411     -0.073322
   5580000      6.605244     -0.062360
   5600000      6.613527     -0.091007
   5620000      6.625858     -0.110992
   5640000      6.641631     -0.111345
   5660000      6.646954     -0.119493
   5680000      6.656010     -0.127453
   5700000      6.667641     -0.136560
   5720000      6.676960     -0.128777
   5740000      6.694466     -0.120578
   5760000      6.706610     -0.112611
   5780000      6.720144     -0.104634
   5800000      6.727615     -0.073233
   5820000      6.732282     -0.065363
   5840000      6.740471     -0.051206
   5860000      6.756136     -0.053311
   5880000      6.770208     -0.061075
   5900000      6.775646     -0.058164
   5920000      6.786725     -0.067943
   5940000      6.793401     -0.061507
   5960000      6.799350     -0.061171
   5980000      6.797260     -0.031218
   6000000      6.803900     -0.026023
   6020000      6.818318     -0.023607
   6040000      6.826251     -0.019166
   6060000      6.836128     -0.020610
   6080000      6.841893     -0.013720
   6100000      6.836984      0.016083
   6120000      6.840944      0.023050
   6140000      6.837441      0.031221
   6160000      6.851698      0.037254
   6180000      6.856654      0.037595
   6200000      6.864190      0.040591
   6220000      6.873096      0.039663
   6240000      6.875795      0.050540
   6260000      6.886830      0.037370
   6280000      6.890323      0.046091
   6300000      6.880576      0.074560
   6320000      6.893673      0.081188
   6340000      6.892333      0.091304
   6360000      6.895473      0.095714
   6380000      6.906095      0.108739
   6400000      6.904402      0.120795
   6420000      6.916716      0.112131
   6440000      6.923885      0.129161
   6460000      6.930141      0.138013
   6480000      6.930583      0.143464
   6500000      6.941523      0.153010
   6520000      6.942205      0.167477
   6540000      6.991058      0.139465
   6560000      7.008412      0.124373
   6580000      7.032008      0.109259
   6600000      7.042205      0.104961
   6620000      7.045642      0.118148
   6640000      7.049294      0.135458
   6660000      7.054423      0.159497
   6680000      7.059940      0.178386
   6700000      7.063376      0.185285
   6720000      7.074536      0.191090
   6740000      7.083595      0.195764
   6760000      7.093451      0.198965
   6780000      7.092999      0.219709
   6800000      7.098675      0.237087
   6820000      7.112463      0.230423
   6840000      7.112769      0.247332
   6860000      7.126552      0.248762
   6880000      7.133181      0.256894
   6900000      7.145123      0.255693
   6920000      7.145920      0.273486
   6940000      7.167873      0.267947
   6960000      7.172712      0.284461
   6980000      7.193439      0.276890
   7000000      7.195101      0.280411
   7020000      7.207652      0.283511
   7040000      7.201543      0.315519
   7060000      7.206571      0.330253
   7080000      7.217949      0.334995
   7100000      7.216385      0.348001
   7120000      7.222033      0.340310
   7140000      7.244016      0.341845
   7160000      7.247672      0.355017
   7180000      7.252300      0.355217
   7200000      7.253956      0.363315
   7220000      7.264744      0.364517
   7240000      7.288773      0.348520
   7260000      7.303123      0.334375
   7280000      7.314145      0.336111
   7300000      7.322535      0.328050
   7320000      7.338578      0.320012
   7340000      7.340953      0.321039
   7360000      7.360761      0.314280
   7380000      7.363831      0.344670
   7400000      7.370620      0.359681
   7420000      7.386995      0.361389
   7440000      7.406294      0.355133
   7460000      7.424500      0.365601
   7480000      7.436943      0.365981
   7500000      7.451930      0.360671
   7520000      7.468212      0.318611
   7540000      7.477712      0.300624
   7560000      7.488190      0.269367
   7580000      7.491857      0.249491
   7600000      7.507292      0.258033
   7620000      7.527989      0.273467
   7640000      7.536609      0.284489
   7660000      7.542892      0.283965
   7680000      7.551101      0.285358
   7700000      7.556163      0.272607
   7720000      7.558083      0.259696
   7740000      7.562412      0.261463
   7760000      7.582793      0.257341
   7780000      7.583183      0.247237
   7800000      7.586889      0.242365
   7820000      7.598600      0.236506
   7840000      7.601026      0.221914
   7860000      7.620422      0.239438
   7880000      7.628101      0.240849
   7900000      7.630059      0.224531
   7920000      7.648180      0.242184
   7940000      7.647439      0.232549
   7960000      7.656863      0.224455
   7980000      7.670035      0.219155
   8000000      7.673884      0.197656
   8020000      7.687206      0.201296
   8040000      7.692499      0.196726
   8060000      7.691598      0.191794
   8080000      7.707786      0.186989
   8100000      7.704324      0.167414
   8120000      7.709903      0.148754
   8140000      7.711989      0.138791
   8160000      7.732439      0.135120
   8180000      7.738416      0.128901
   8200000      7.751653      0.136234
   8220000      7.749081      0.118332
   8240000      7.759487      0.108128
   8260000      7.764987      0.098969
   8280000      7.778436      0.096670
   8300000      7.798897      0.105916
   8320000      7.791062      0.087062
   8340000      7.790069      0.073577
   8360000      7.784630      0.065581
   8380000      7.796592      0.056179
   8400000      7.803433      0.053688
   8420000      7.808034      0.047490
   8440000      7.809378      0.027085
   8460000      7.827210      0.024977
   8480000      7.831701      0.008757
   8500000      7.834914      0.012021
   8520000      7.838070     -0.002086
   8540000      7.838343     -0.011745
   8560000      7.836225     -0.018733
   8580000      7.848593     -0.017794
   8600000      7.847664     -0.027097
   8620000      7.853698     -0.039211
   8640000      7.870303     -0.037098
   8660000      7.861791     -0.048637
   8680000      7.870093     -0.053074
   8700000      7.849327     -0.079341
   8720000      7.855338     -0.083812
   8740000      7.865592     -0.097104
   8760000      7.870206     -0.105771
   8780000      7.873912     -0.113905
   8800000      7.868074     -0.123850
   8820000      7.859005     -0.135786
   8840000      7.880866     -0.143040
   8860000      7.871934     -0.150576
   8880000      7.868213     -0.173240
   8900000      7.880443     -0.179770
   8920000      7.924322     -0.178468
   8940000      7.939982     -0.178154
   8960000      7.946007     -0.186102
   8980000      7.959045     -0.194526
   9000000      7.955400     -0.209673
   9020000      7.960066     -0.220261
   9040000      7.978840     -0.223156
   9060000      7.983104     -0.228317
   9080000      7.986201     -0.232023
   9100000      7.981460     -0.248921
   9120000      7.981396     -0.259583
   9140000      7.987629     -0.268006
   9160000      8.000300     -0.272283
   9180000      8.010696     -0.274808
   9200000      8.006837     -0.286209
   9220000      8.013271     -0.301402
   9240000      8.040229     -0.297043
   9260000      8.046357     -0.302328
   9280000      8.052232     -0.311486
   9300000      8.071145     -0.311694
   9320000      8.080254     -0.302999
   9340000      8.078159     -0.317279
   9360000      8.081362     -0.328687
   9380000      8.102306     -0.315410
   9400000      8.105746     -0.333398
   9420000      8.114661     -0.332056
   9440000      8.119232     -0.336004
   9460000      8.125991     -0.344381
   9480000      8.125655     -0.371607
   9500000      8.137616     -0.378663
   9520000      8.147571     -0.376919
   9540000      8.152274     -0.380294
   9560000      8.170119     -0.386979
   9580000      8.179170     -0.391107
   9600000      8.183449     -0.387156
   9620000      8.220999     -0.345745
   9640000      8.219754     -0.354195
   9660000      8.219365     -0.391559
   9680000      8.219413     -0.403142
   9700000      8.230882     -0.402445
   9720000      8.241841     -0.406722
   9740000      8.248295     -0.398282
   9760000      8.265295     -0.394750
   9780000      8.269603     -0.398759
   9800000      8.281321     -0.398975
   9820000      8.286078     -0.389817
   9840000      8.294261     -0.390731
   9860000      8.307957     -0.374947
   9880000      8.319507     -0.373751
   9900000      8.326901     -0.369702
   9920000      8.334259     -0.353116
   9940000      8.342013     -0.348141
   9960000      8.347537     -0.349610
   9980000      8.364867     -0.352806
  10000000      8.374276     -0.345710
