         0      4.000000      0.000000
     20000      4.062369      0.008838
     40000      4.128137     -0.035025
     60000      4.188605     -0.032155
     80000      4.270999     -0.015711
    100000      4.342460      0.008562
    120000      4.403435      0.027555
    140000      4.466043      0.055284
    160000      4.573123     -0.043154
    180000      4.633555     -0.091345
    200000      4.712334     -0.049467
    220000      4.759182      0.139490
    240000      4.803084      0.220646
    260000      4.893133      0.174506
    280000      4.931961      0.283673
    300000      5.007575      0.211895
    320000      5.075293      0.167454
    340000      5.159880      0.203916
    360000      5.218228      0.275133
    380000      5.308038      0.239312
    400000      5.388726      0.230688
    420000      5.489054      0.203169
    440000      5.549969      0.273442
    460000      5.594635      0.317034
    480000      5.659944      0.326733
    500000      5.673037      0.468828
    520000      5.748110      0.480449
    540000      5.820618      0.498465
    560000      5.901460      0.528230
    580000      5.937877      0.599639
    600000      5.973522      0.661907
    620000      6.033817      0.727149
    640000      6.083570      0.771485
    660000      6.143795      0.783534
    680000      6.264011      0.711789
    700000      6.320669      0.741699
    720000      6.374930      0.780329
    740000      6.419956      0.864373
    760000      6.486460      0.889505
    780000      6.531775      0.944452
    800000      6.579225      1.007880
    820000      6.650894      1.019236
    840000      6.749182      0.876748
    860000      6.816450      0.862398
    880000      6.876995      0.808034
    900000      6.914477      0.776683
    920000      6.970893      0.762554
    940000      7.082994      0.887494
    960000      7.146675      0.854208
    980000      7.225369      0.850606
   1000000      7.301207      0.911451
   1020000      7.342435      0.769232
   1040000      7.409013      0.748176
   1060000      7.443284      0.652348
   1080000      7.507434      0.612784
   1100000      7.578092      0.602068
   1120000      7.622872      0.554993
   1140000      7.673298      0.505236
   1160000      7.734733      0.469368
   1180000      7.812815      0.477882
   1200000      7.822303      0.375829
   1220000      7.813325      0.297943
   1240000      7.861932      0.241714
   1260000      8.018351      0.267507
   1280000      8.063294      0.215582
   1300000      8.082636      0.135444
   1320000      8.162669      0.128922
   1340000      8.231279      0.095959
   1360000      8.262151      0.037076
   1380000      8.251028     -0.073433
   1400000      8.236218     -0.158148
   1420000      8.286172     -0.207816
   1440000      8.290149     -0.275463
   1460000      8.215924     -0.388211
   1480000      8.281998     -0.446511
   1500000      8.300615     -0.503537
   1520000      8.211604     -0.601213
   1540000      8.209458     -0.689971
   1560000      8.271884     -0.745012
   1580000      8.286854     -0.817233
   1600000      8.311223     -0.865758
   1620000      8.287682     -0.933584
   1640000      8.359851     -1.000179
   1660000      8.322164     -1.073682
   1680000      8.302885     -1.131286
   1700000      8.313771     -1.216950
   1720000      8.429620     -1.256640
   1740000      8.503660     -1.316572
   1760000      8.518585     -1.381117
   1780000      8.573400     -1.453961
   1800000      8.585558     -1.511654
   1820000      8.688632     -1.541800
   1840000      8.770292     -1.591485
   1860000      8.794141     -1.660626
   1880000      8.718247     -1.753993
   1900000      8.527658     -1.721883
   1920000      8.764050     -1.883762
   1940000      8.756612     -1.955766
   1960000      8.836838     -1.983745
   1980000      8.828274     -2.069573
   2000000      8.868319     -2.128306
   2020000      8.884703     -2.210995
   2040000      8.969278     -2.249654
   2060000      8.962853     -2.347893
   2080000      8.958442     -2.406419
   2100000      9.024392     -2.462585
   2120000      9.071947     -2.517465
   2140000      9.144198     -2.555440
   2160000      9.215571     -2.582147
   2180000      9.300056     -2.613619
   2200000      9.319788     -2.698406
   2220000      9.318480     -2.795872
   2240000      9.303043     -2.854843
   2260000      9.479517     -2.827483
   2280000      9.520756     -2.902643
   2300000      9.573733     -2.945968
   2320000      9.634867     -2.970596
   2340000      9.657356     -3.021476
   2360000      9.765460     -3.033962
   2380000      9.846792     -3.040266
   2400000      9.920790     -3.035567
   2420000      9.983736     -3.075239
   2440000      9.973800     -3.213335
   2460000     10.073426     -3.174777
   2480000      9.960603     -3.366976
   2500000     10.022743     -3.417845
   2520000     10.153017     -3.419335
   2540000     10.138388     -3.505726
   2560000     10.207513     -3.539891
   2580000     10.243933     -3.594622
   2600000     10.276136     -3.634544
   2620000     10.294874     -3.719825
   2640000     10.185740     -3.813211
   2660000     10.256105     -3.875265
   2680000     10.290933     -3.935665
   2700000     10.302659     -3.987658
   2720000     10.278000     -4.079569
   2740000     10.316284     -4.142630
   2760000     10.474991     -4.110918
   2780000     10.432052     -4.240227
   2800000     10.474381     -4.308208
   2820000     10.399029     -4.391130
   2840000     10.403934     -4.497406
   2860000     10.510346     -4.532750
   2880000     10.520584     -4.597941
   2900000     10.539225     -4.665589
   2920000     10.566105     -4.721876
   2940000     10.675372     -4.723120
   2960000     10.788443     -4.718275
   2980000     10.850775     -4.784255
   3000000     10.949027     -4.758416
   3020000     10.996466     -4.770156
   3040000     11.073268     -4.779378
   3060000     11.122146     -4.810765
   3080000     11.170691     -4.912495
   3100000     11.214924     -4.980720
   3120000     11.273133     -5.040637
   3140000     11.354349     -5.064264
   3160000     11.406566     -5.115414
   3180000     11.474002     -5.120032
   3200000     11.485815     -5.245048
   3220000     11.613757     -5.111511
   3240000     11.684436     -5.126465
   3260000     11.741779     -5.125023
   3280000     11.812408     -5.174003
   3300000     11.878809     -5.143826
   3320000     11.920679     -5.333577
   3340000     12.014130     -5.294687
   3360000     12.090783     -5.311564
   3380000     12.160068     -5.298039
   3400000     12.223951     -5.339993
   3420000     12.307616     -5.323347
   3440000     12.327118     -5.455985
   3460000     12.352587     -5.522974
   3480000     12.493163     -5.461970
   3500000     12.587640     -5.385510
   3520000     12.649433     -5.413503
   3540000     12.696046     -5.482740
   3560000     12.810515     -5.295159
   3580000     12.876848     -5.348019
   3600000     12.936257     -5.284067
   3620000     13.010094     -5.327047
   3640000     13.065620     -5.253116
   3660000     13.111104     -5.187303
   3680000     13.168392     -5.138297
   3700000     13.239264     -5.099907
   3720000     13.292857     -5.043378
   3740000     13.339769     -4.974168
   3760000     13.412361     -4.942180
   3780000     13.470711     -4.889987
   3800000     13.549676     -4.900146
   3820000     13.626415     -4.927103
   3840000     13.693147     -4.926098
   3860000     13.755314     -4.935539
   3880000     13.817905     -4.957805
   3900000     13.885552     -5.007552
   3920000     13.965365     -4.912490
   3940000     14.034596     -4.928107
   3960000     14.113575     -4.887586
   3980000     14.191736     -4.878341
   4000000     14.264375     -4.960984
   4020000     14.335146     -4.870040
   4040000     14.413490     -4.935620
   4060000     14.477198     -5.000121
   4080000     14.552493     -4.994984
   4100000     14.615158     -5.000383
   4120000     14.671391     -5.137408
   4140000     14.738001     -5.119420
   4160000     14.767259     -5.206363
   4180000     14.810321     -5.271039
   4200000     14.867830     -5.309264
   4220000     14.847605     -5.420701
   4240000     14.891843     -5.467220
   4260000     14.838184     -5.550588
   4280000     14.866416     -5.641152
   4300000     14.824020     -5.693957
   4320000     14.715757     -5.734678
   4340000     14.692517     -5.788377
   4360000     14.718564     -5.915345
   4380000     14.794057     -6.013509
   4400000     14.778729     -6.086640
   4420000     14.782691     -6.149385
   4440000     14.756255     -6.221010
   4460000     14.736462     -6.291542
   4480000     14.692948     -6.363121
   4500000     14.722547     -6.435552
   4520000     14.682229     -6.493582
   4540000     14.656952     -6.553743
   4560000     14.551154     -6.577491
   4580000     14.521050     -6.644666
   4600000     14.413017     -6.670488
   4620000     14.462525     -6.785054
   4640000     14.370226     -6.789810
   4660000     14.280711     -6.806502
   4680000     14.225211     -6.852018
   4700000     14.130292     -6.763527
   4720000     14.069805     -6.771818
   4740000     14.014578     -6.796472
   4760000     13.957858     -6.830679
   4780000     13.896555     -6.820770
   4800000     13.833047     -6.841612
   4820000     13.766908     -6.868208
   4840000     13.712387     -6.953958
   4860000     13.613720     -6.887200
   4880000     13.559396     -6.852831
   4900000     13.485065     -6.783890
   4920000     13.418775     -6.808258
   4940000     13.351964     -6.839902
   4960000     13.275184     -6.757590
   4980000     13.191932     -6.781913
   5000000     13.121851     -6.723501
   5020000     13.051967     -6.660542
   5040000     12.948218     -6.721480
   5060000     12.893528     -6.683067
   5080000     12.800571     -6.742343
   5100000     12.749841     -6.634587
   5120000     12.669118     -6.674605
   5140000     12.608274     -6.590441
   5160000     12.552594     -6.558600
   5180000     12.542615     -6.490921
   5200000     12.461942     -6.488203
   5220000     12.474776     -6.351972
   5240000     12.535632     -6.254328
   5260000     12.565297     -6.182405
   5280000     12.314354     -6.243662
   5300000     12.155024     -6.337025
   5320000     12.054327     -6.328839
   5340000     11.989753     -6.338313
   5360000     11.854969     -6.460834
   5380000     11.768980     -6.509312
   5400000     11.702802     -6.597570
   5420000     11.647631     -6.653836
   5440000     11.586287     -6.671464
   5460000     11.541319     -6.754361
   5480000     11.450642     -6.754925
   5500000     11.380722     -6.740519
   5520000     11.308342     -6.791982
   5540000     11.234321     -6.808743
   5560000     11.161764     -6.846876
   5580000     11.103867     -6.846227
   5600000     11.040142     -6.914548
   5620000     10.962878     -6.886925
   5640000     10.905155     -6.978932
   5660000     10.790590     -6.860089
   5680000     10.728079     -6.930729
   5700000     10.637567     -6.867556
   5720000     10.569762     -6.928250
   5740000     10.531319     -7.003509
   5760000     10.488141     -7.060793
   5780000     10.444455     -7.135554
   5800000     10.422469     -7.207074
   5820000     10.341315     -7.226258
   5840000     10.269196     -7.241138
   5860000     10.204077     -7.262164
   5880000     10.135050     -7.271795
   5900000     10.080635     -7.305230
   5920000     10.043705     -7.367030
   5940000      9.981634     -7.437290
   5960000      9.998746     -7.547788
   5980000      9.902990     -7.558458
   6000000      9.807940     -7.521962
