         0      4.000000      0.000000
     20000      4.008708      0.004620
     40000      4.006628     -0.002358
     60000      4.013688      0.002779
     80000      4.015546      0.004323
    100000      4.018418     -0.006422
    120000      4.014531      0.005635
    140000      4.016940      0.013471
    160000      4.019815      0.001514
    180000      4.042134     -0.004703
    200000      4.062297     -0.052228
    220000      4.088270     -0.021653
    240000      4.112877     -0.024431
    260000      4.125288     -0.018275
    280000      4.140873     -0.039076
    300000      4.151777     -0.054422
    320000      4.170606     -0.026165
    340000      4.186949     -0.029961
    360000      4.204130     -0.018269
    380000      4.216670     -0.022384
    400000      4.237814     -0.020198
    420000      4.253921     -0.022785
    440000      4.268067     -0.023963
    460000      4.277387     -0.069323
    480000      4.301936     -0.024100
    500000      4.321056     -0.035368
    520000      4.338302     -0.054597
    540000      4.357663     -0.029728
    560000      4.377361      0.021651
    580000      4.402404      0.021811
    600000      4.426566     -0.000301
    620000      4.433642     -0.056916
    640000      4.438085     -0.081675
    660000      4.456775     -0.078073
    680000      4.486066     -0.047874
    700000      4.496143     -0.029056
    720000      4.510083      0.013408
    740000      4.516558      0.010125
    760000      4.528831      0.046456
    780000      4.562650     -0.061609
    800000      4.567566     -0.104837
    820000      4.559796     -0.150095
    840000      4.547933     -0.182821
    860000      4.619740     -0.055018
    880000      4.630339      0.046670
    900000      4.641070      0.022970
    920000      4.660327     -0.041296
    940000      4.674248     -0.011158
    960000      4.685342     -0.021575
    980000      4.701362     -0.011032
   1000000      4.712853     -0.005945
   1020000      4.701451     -0.141270
   1040000      4.700061     -0.178963
   1060000      4.693893     -0.236467
   1080000      4.706205     -0.244912
   1100000      4.768997     -0.078592
   1120000      4.788143     -0.201119
   1140000      4.800772     -0.197179
   1160000      4.801036     -0.217262
   1180000      4.817156     -0.201222
   1200000      4.824786     -0.265237
   1220000      4.841735     -0.285952
   1240000      4.870228     -0.262474
   1260000      4.867856     -0.302787
   1280000      4.870084     -0.311603
   1300000      4.937098     -0.225315
   1320000      4.964206     -0.167194
   1340000      4.983711     -0.151861
   1360000      5.001285     -0.159378
   1380000      5.017616     -0.135730
   1400000      5.043495     -0.173306
   1420000      5.061828     -0.140949
   1440000      5.083040     -0.132322
   1460000      5.096287     -0.131206
   1480000      5.112491     -0.128055
   1500000      5.129763     -0.157715
   1520000      5.142904     -0.170320
   1540000      5.159085     -0.173379
   1560000      5.175369     -0.197644
   1580000      5.190548     -0.221781
   1600000      5.211276     -0.216110
   1620000      5.215362     -0.257728
   1640000      5.254545     -0.169877
   1660000      5.254662     -0.224251
   1680000      5.269277     -0.227830
   1700000      5.309081     -0.139290
   1720000      5.322556     -0.159058
   1740000      5.333422     -0.151433
   1760000      5.345004     -0.226120
   1780000      5.337712     -0.277298
   1800000      5.384463     -0.220928
   1820000      5.393431     -0.253850
   1840000      5.402176     -0.261647
   1860000      5.407202     -0.285667
   1880000      5.421575     -0.294539
   1900000      5.437811     -0.285788
   1920000      5.473721     -0.221849
   1940000      5.428728     -0.382752
   1960000      5.441955     -0.392359
   1980000      5.441144     -0.453420
   2000000      5.461387     -0.439109
   2020000      5.461212     -0.440615
   2040000      5.489898     -0.428547
   2060000      5.504015     -0.452193
   2080000      5.456008     -0.581686
   2100000      5.446610     -0.614912
   2120000      5.495034     -0.593523
   2140000      5.505940     -0.606727
   2160000      5.449074     -0.689502
   2180000      5.466671     -0.693323
   2200000      5.449250     -0.727185
   2220000      5.452049     -0.737005
   2240000      5.494801     -0.733814
   2260000      5.488870     -0.757700
   2280000      5.445562     -0.790350
   2300000      5.458798     -0.809641
   2320000      5.481074     -0.817372
   2340000      5.484664     -0.827462
   2360000      5.478701     -0.842437
   2380000      5.491581     -0.860969
   2400000      5.503120     -0.880324
   2420000      5.517336     -0.886055
   2440000      5.525989     -0.901108
   2460000      5.517159     -0.918694
   2480000      5.561089     -0.923009
   2500000      5.569434     -0.936636
   2520000      5.543907     -0.970111
   2540000      5.584436     -0.972136
   2560000      5.581005     -0.990117
   2580000      5.593923     -0.992488
   2600000      5.586829     -1.017951
   2620000      5.534905     -1.070153
   2640000      5.502594     -1.088363
   2660000      5.667769     -1.024040
   2680000      5.619505     -1.075785
   2700000      5.649837     -1.081024
   2720000      5.667816     -1.087192
   2740000      5.672768     -1.097551
   2760000      5.599610     -1.157947
   2780000      5.615023     -1.162097
   2800000      5.588224     -1.194271
   2820000      5.576349     -1.207966
   2840000      5.629255     -1.215628
   2860000      5.635727     -1.226222
   2880000      5.648569     -1.235103
   2900000      5.643107     -1.249822
   2920000      5.625926     -1.278892
   2940000      5.647371     -1.282953
   2960000      5.579777     -1.324200
   2980000      5.536800     -1.355286
   3000000      5.519462     -1.365987
   3020000      5.620017     -1.369892
   3040000      5.647756     -1.371439
   3060000      5.642167     -1.382485
   3080000      5.445837     -1.432887
   3100000      5.498200     -1.456494
   3120000      5.499815     -1.467345
   3140000      5.500552     -1.486409
   3160000      5.522843     -1.502170
   3180000      5.549385     -1.511947
   3200000      5.517919     -1.540441
   3220000      5.521292     -1.546199
   3240000      5.445394     -1.571571
   3260000      5.628533     -1.586278
   3280000      5.622847     -1.599472
   3300000      5.588083     -1.631298
   3320000      5.666940     -1.623291
   3340000      5.439442     -1.661339
   3360000      5.451754     -1.673541
   3380000      5.502487     -1.712040
   3400000      5.492361     -1.726687
   3420000      5.465827     -1.742597
   3440000      5.497030     -1.759304
   3460000      5.511107     -1.776659
   3480000      5.513490     -1.793236
   3500000      5.404839     -1.784440
   3520000      5.533097     -1.819753
   3540000      5.541521     -1.835215
   3560000      5.566136     -1.836882
   3580000      5.591825     -1.853822
   3600000      5.429454     -1.883620
   3620000      5.468799     -1.904180
   3640000      5.465660     -1.920612
   3660000      5.437858     -1.941835
   3680000      5.428066     -1.953865
   3700000      5.363041     -1.957365
   3720000      5.308643     -1.947913
   3740000      5.500995     -2.021401
   3760000      5.484955     -2.043798
   3780000      5.472471     -2.058568
   3800000      5.475323     -2.069426
   3820000      5.523835     -2.083397
   3840000      5.520542     -2.095012
   3860000      5.534638     -2.100721
   3880000      5.496067     -2.134196
   3900000      5.438196     -2.150580
   3920000      5.421173     -2.162615
   3940000      5.420435     -2.182067
   3960000      5.429486     -2.187957
   3980000      5.399746     -2.203532
   4000000      5.471551     -2.219934
   4020000      5.482076     -2.232589
   4040000      5.484865     -2.239052
   4060000      5.476933     -2.254039
   4080000      5.481591     -2.280018
   4100000      5.512859     -2.285202
   4120000      5.510404     -2.297922
   4140000      5.528276     -2.301798
   4160000      5.412141     -2.358118
   4180000      5.416701     -2.373723
   4200000      5.412259     -2.388722
   4220000      5.425501     -2.402934
   4240000      5.479692     -2.416331
   4260000      5.472871     -2.440638
   4280000      5.465383     -2.456603
   4300000      5.413512     -2.474081
   4320000      5.418358     -2.488010
   4340000      5.515643     -2.497964
   4360000      5.505810     -2.530365
   4380000      5.743406     -2.475711
   4400000      5.726270     -2.512487
   4420000      5.726603     -2.532424
   4440000      5.730374     -2.542845
   4460000      5.723692     -2.554350
   4480000      5.716091     -2.573529
   4500000      5.748718     -2.581733
   4520000      5.732055     -2.602650
   4540000      5.739849     -2.613960
   4560000      5.705998     -2.635600
   4580000      5.727797     -2.645859
   4600000      5.720041     -2.659996
   4620000      5.750764     -2.667184
   4640000      5.724047     -2.688760
   4660000      5.717325     -2.705255
   4680000      5.733302     -2.715755
   4700000      5.756866     -2.728032
   4720000      5.717112     -2.750926
   4740000      5.771663     -2.761580
   4760000      5.778276     -2.774020
   4780000      5.737320     -2.797684
   4800000      5.789751     -2.807587
   4820000      5.785279     -2.823237
   4840000      5.768596     -2.845785
   4860000      5.775187     -2.861441
   4880000      5.791742     -2.878078
   4900000      5.723944     -2.898333
   4920000      5.782485     -2.915817
   4940000      5.808061     -2.932078
   4960000      5.843090     -2.937428
   4980000      5.851514     -2.941776
   5000000      5.866972     -2.944291
   5020000      5.867847     -2.951747
   5040000      5.884796     -2.949686
   5060000      5.776654     -3.014377
   5080000      5.823932     -3.011737
   5100000      5.798754     -3.038871
   5120000      5.787431     -3.052754
   5140000      5.799293     -3.058189
   5160000      5.802543     -3.076819
   5180000      5.804974     -3.087369
   5200000      5.785167     -3.099925
   5220000      5.858331     -3.105094
   5240000      5.846003     -3.124729
   5260000      5.866519     -3.132205
   5280000      5.829434     -3.156892
   5300000      5.814974     -3.173752
   5320000      5.837375     -3.194205
   5340000      5.859758     -3.213866
   5360000      6.115149     -3.115878
   5380000      5.684991     -3.276775
   5400000      5.697308     -3.293196
   5420000      5.675517     -3.307391
   5440000      5.538388     -3.293560
   5460000      5.569574     -3.326113
   5480000      5.515037     -3.320408
   5500000      5.442111     -3.309111
   5520000      5.459816     -3.338026
   5540000      5.414726     -3.329499
   5560000      5.408873     -3.337997
   5580000      5.402728     -3.353526
   5600000      5.477238     -3.408202
   5620000      5.424395     -3.400983
   5640000      5.401612     -3.405225
   5660000      5.437206     -3.446507
   5680000      5.405602     -3.447289
   5700000      5.336948     -3.414508
   5720000      5.328920     -3.440372
   5740000      5.324548     -3.446833
   5760000      5.324788     -3.461865
   5780000      5.332455     -3.497312
   5800000      5.324312     -3.515571
   5820000      5.305885     -3.517835
   5840000      5.344104     -3.571916
   5860000      5.345229     -3.591225
   5880000      5.328268     -3.593552
   5900000      5.319028     -3.599442
   5920000      5.311612     -3.608904
   5940000      5.323901     -3.628669
   5960000      5.338166     -3.647990
   5980000      5.336323     -3.670254
   6000000      5.316217     -3.675890
   6020000      5.353918     -3.711634
   6040000      5.367793     -3.747200
   6060000      5.383484     -3.762456
   6080000      5.366170     -3.780694
   6100000      5.400245     -3.814539
   6120000      5.422089     -3.832818
   6140000      5.342096     -3.814434
   6160000      5.320442     -3.825826
   6180000      5.304074     -3.828807
   6200000      5.296881     -3.841311
   6220000      5.327635     -3.879368
   6240000      5.309522     -3.886085
   6260000      5.302792     -3.904676
   6280000      5.293704     -3.915457
   6300000      5.336538     -3.972575
   6320000      5.339171     -3.986397
   6340000      5.342963     -4.001378
   6360000      5.353635     -4.016735
   6380000      5.247554     -3.999805
   6400000      5.302167     -4.050643
   6420000      5.344026     -4.079535
   6440000      5.336149     -4.097910
   6460000      5.354361     -4.109573
   6480000      5.368355     -4.123017
   6500000      5.390664     -4.137095
   6520000      5.403929     -4.157337
   6540000      5.387934     -4.176216
   6560000      5.303982     -4.197188
   6580000      5.288404     -4.211050
   6600000      5.278637     -4.224627
   6620000      5.266541     -4.237923
   6640000      5.207636     -4.226177
   6660000      5.278005     -4.273008
   6680000      5.242429     -4.282836
   6700000      5.330714     -4.320915
   6720000      5.344167     -4.331480
   6740000      5.270975     -4.343246
   6760000      5.260305     -4.342672
   6780000      5.373490     -4.398310
   6800000      5.179322     -4.374007
   6820000      5.112332     -4.376614
   6840000      5.116498     -4.394792
   6860000      5.103037     -4.409106
   6880000      5.092783     -4.416941
   6900000      5.081687     -4.419426
   6920000      5.076224     -4.439345
   6940000      5.029904     -4.415920
   6960000      5.085512     -4.471655
   6980000      5.083263     -4.489429
   7000000      5.132722     -4.532661
   7020000      5.101516     -4.534244
   7040000      5.085069     -4.553590
   7060000      5.002617     -4.527087
   7080000      4.991601     -4.539171
   7100000      5.010563     -4.567409
   7120000      5.004782     -4.584752
   7140000      5.001364     -4.596945
   7160000      5.000493     -4.608232
   7180000      4.982654     -4.612594
   7200000      4.988541     -4.631357
   7220000      4.980378     -4.651915
   7240000      4.963193     -4.664865
   7260000      4.966418     -4.680936
   7280000      4.977646     -4.696065
   7300000      4.967302     -4.715997
   7320000      4.954083     -4.722864
   7340000      4.958709     -4.741762
   7360000      4.954802     -4.751826
   7380000      4.928513     -4.753892
   7400000      4.929532     -4.769499
   7420000      4.939353     -4.784571
   7440000      4.945431     -4.805743
   7460000      4.952151     -4.819249
   7480000      4.927418     -4.830426
   7500000      4.939806     -4.854009
   7520000      4.930485     -4.860700
   7540000      4.957158     -4.886812
   7560000      4.937053     -4.903535
   7580000      4.927474     -4.912636
   7600000      4.926363     -4.923676
   7620000      4.937738     -4.944010
   7640000      4.910607     -4.943541
   7660000      4.907172     -4.953407
   7680000      4.872693     -4.943141
   7700000      4.896908     -4.976216
   7720000      4.879444     -4.980073
   7740000      4.875168     -4.998336
   7760000      4.869180     -5.012135
   7780000      4.843259     -5.010402
   7800000      4.818087     -4.992539
   7820000      4.820055     -5.010897
   7840000      4.908281     -5.099908
   7860000      4.896687     -5.103675
   7880000      4.909706     -5.126982
   7900000      5.002612     -5.154494
   7920000      5.045057     -5.159419
   7940000      5.069324     -5.175605
   7960000      5.039758     -5.204996
   7980000      5.021402     -5.222540
   8000000      5.012728     -5.238981
   8020000      5.008767     -5.244519
   8040000      4.985195     -5.259851
   8060000      5.032647     -5.281604
   8080000      5.051316     -5.293471
   8100000      5.051021     -5.301355
   8120000      5.077129     -5.306006
   8140000      5.095688     -5.319804
   8160000      4.801274     -5.324937
   8180000      4.749076     -5.328144
   8200000      4.785538     -5.364922
   8220000      4.784730     -5.378651
   8240000      4.796798     -5.389711
   8260000      4.793268     -5.406436
   8280000      4.768036     -5.413163
   8300000      4.773239     -5.433238
   8320000      4.754831     -5.451000
   8340000      4.744424     -5.463889
   8360000      4.723595     -5.471810
   8380000      4.719228     -5.479036
   8400000      4.903913     -5.545477
   8420000      4.952185     -5.549910
   8440000      4.866610     -5.574675
   8460000      4.874034     -5.585089
   8480000      4.818144     -5.590787
   8500000      4.751739     -5.588013
   8520000      4.749494     -5.598813
   8540000      4.734918     -5.607265
   8560000      4.700189     -5.601843
   8580000      4.689666     -5.623676
   8600000      4.686347     -5.640047
   8620000      4.699372     -5.660128
   8640000      4.699587     -5.675295
   8660000      4.780106     -5.703809
   8680000      4.643809     -5.687073
   8700000      4.638186     -5.705257
   8720000      4.616380     -5.702708
   8740000      4.620021     -5.737070
   8760000      4.590653     -5.737568
   8780000      4.571044     -5.741506
   8800000      4.542714     -5.749445
   8820000      4.548254     -5.754484
   8840000      4.526727     -5.747702
   8860000      4.502224     -5.752811
   8880000      4.496486     -5.759605
   8900000      4.493194     -5.790350
   8920000      4.480915     -5.797201
   8940000      4.468917     -5.803968
   8960000      4.473323     -5.834059
   8980000      4.472243     -5.848962
   9000000      4.472889     -5.865220
   9020000      4.484709     -5.890331
   9040000      4.474650     -5.901773
   9060000      4.394472     -5.877808
   9080000      4.473576     -5.924768
   9100000      4.466609     -5.940691
   9120000      4.469182     -5.953208
   9140000      4.456930     -5.966165
   9160000      4.322631     -5.907396
   9180000      4.260693     -5.868638
   9200000      4.216178     -5.840092
   9220000      4.209264     -5.862993
   9240000      4.205449     -5.882110
   9260000      4.211751     -5.904217
   9280000      4.209171     -5.909160
   9300000      4.176489     -5.904622
   9320000      4.158201     -5.912838
   9340000      4.160822     -5.925441
   9360000      4.129255     -5.889846
   9380000      4.154878     -5.967632
   9400000      4.141037     -5.960093
   9420000      4.148938     -5.968383
   9440000      4.146535     -6.014477
   9460000      4.128532     -6.006821
   9480000      4.223539     -6.125564
   9500000      4.168499     -6.103194
   9520000      4.138545     -6.094170
   9540000      4.139460     -6.112808
   9560000      4.145397     -6.140847
   9580000      4.068606     -6.069415
   9600000      4.009476     -5.997792
   9620000      3.997988     -6.003015
   9640000      3.994688     -6.023351
   9660000      3.981496     -6.018155
   9680000      3.965017     -6.002268
   9700000      3.941514     -6.010546
   9720000      3.931863     -6.011337
   9740000      3.919521     -6.048388
   9760000      3.904774     -6.054543
   9780000      3.893783     -6.060235
   9800000      3.893742     -6.061913
   9820000      3.873749     -6.064412
   9840000      3.834063     -6.015334
   9860000      3.815154     -5.975236
   9880000      3.799777     -5.994635
   9900000      3.790719     -5.990184
   9920000      3.770964     -5.946870
   9940000      3.763568     -5.942852
   9960000      3.753575     -6.004287
   9980000      3.733620     -5.986295
  10000000      3.706436     -5.979702
