         0      4.000000      0.000000
     20000      3.999348      0.004359
     40000      4.001027      0.001449
     60000      4.001714      0.014500
     80000      4.001284      0.004867
    100000      4.000985      0.007222
    120000      4.001389      0.008351
    140000      4.003228      0.001497
    160000      4.001705     -0.001858
    180000      4.002290      0.002597
    200000      4.001947      0.007270
    220000      4.000484      0.007560
    240000      4.001755      0.010727
    260000      4.000780      0.008688
    280000      3.999687      0.003901
    300000      4.000654      0.005287
    320000      4.000199      0.006802
    340000      4.001111      0.005010
    360000      3.999068      0.006823
    380000      4.000221      0.002497
    400000      3.999297     -0.001125
    420000      4.000402      0.009988
    440000      4.000544      0.009995
    460000      4.000859      0.011438
    480000      4.003001      0.013168
    500000      4.001136      0.005344
    520000      4.001915      0.010351
    540000      4.001992      0.001416
    560000      4.002616     -0.000105
    580000      3.999358     -0.002210
    600000      4.000652      0.013262
    620000      4.000440      0.005325
    640000      4.002831      0.015442
    660000      4.002538      0.009984
    680000      4.000065      0.013388
    700000      4.001910      0.013160
    720000      4.002319      0.000252
    740000      4.000536      0.013432
    760000      4.000386      0.007313
    780000      4.001702      0.008325
    800000      4.000323     -0.000740
    820000      4.001586      0.008066
    840000      3.999957     -0.000593
    860000      3.999833      0.013583
    880000      4.000919      0.007516
    900000      4.002673      0.009187
    920000      4.001536      0.008858
    940000      4.000943      0.007053
    960000      4.000748      0.006383
    980000      4.001305     -0.002329
   1000000      4.000379      0.006691
   1020000      3.999913      0.009736
   1040000      4.000974      0.009745
   1060000      4.002382      0.006497
   1080000      3.999965      0.007393
   1100000      4.000641      0.006276
   1120000      4.000570      0.005230
   1140000      4.001988      0.009404
   1160000      4.001917      0.003768
   1180000      4.002345      0.005744
   1200000      4.001096     -0.003984
   1220000      4.000077      0.003740
   1240000      4.001372      0.004913
   1260000      3.999370      0.007313
   1280000      4.001831      0.000505
   1300000      4.002503      0.009119
   1320000      4.001467      0.008369
   1340000      4.000319      0.008713
   1360000      4.001001      0.011636
   1380000      4.002224      0.005808
   1400000      4.002077      0.006968
   1420000      4.002180      0.008725
   1440000      4.001622      0.011934
   1460000      4.002312      0.017082
   1480000      4.001486      0.008756
   1500000      4.000935     -0.006338
   1520000      4.001976      0.001613
   1540000      4.001736      0.005989
   1560000      4.003010     -0.002091
   1580000      4.002436      0.015388
   1600000      4.000365      0.014832
   1620000      4.001465      0.010503
   1640000      4.003304      0.010770
   1660000      4.002524      0.003518
   1680000      4.001719      0.009166
   1700000      4.001833      0.011899
   1720000      4.002311      0.007876
   1740000      4.002208      0.011549
   1760000      4.000117      0.008552
   1780000      4.001056      0.001367
   1800000      4.000506      0.006539
   1820000      4.001921     -0.003117
   1840000      4.002584      0.004035
   1860000      3.999311      0.008357
   1880000      4.001934      0.000342
   1900000      4.002413      0.000890
   1920000      4.000656      0.003175
   1940000      4.000185      0.009896
   1960000      3.999269      0.006377
   1980000      4.000780      0.008057
   2000000      4.000235      0.007046
   2020000      4.000353      0.006735
   2040000      3.998467      0.004684
   2060000      4.001293      0.003301
   2080000      4.002290      0.004206
   2100000      4.002536      0.002447
   2120000      4.002663      0.012809
   2140000      4.002711     -0.000188
   2160000      4.000410      0.008020
   2180000      4.000858      0.007430
   2200000      4.000211     -0.004494
   2220000      4.001127      0.007005
   2240000      4.000572      0.012085
   2260000      4.001868      0.001147
   2280000      4.000754      0.003208
   2300000      4.001212     -0.008407
   2320000      4.001215      0.004681
   2340000      4.002409      0.008676
   2360000      4.000333      0.011023
   2380000      4.000545      0.005572
   2400000      4.000114      0.003622
   2420000      4.000182      0.007958
   2440000      4.000816      0.001129
   2460000      4.000919      0.003665
   2480000      4.002353      0.003581
   2500000      4.000615      0.003182
   2520000      4.000216      0.006380
   2540000      4.003235      0.008697
   2560000      4.002987      0.007724
   2580000      4.000203      0.012295
   2600000      4.002318      0.010624
   2620000      4.000589      0.004724
   2640000      4.003618      0.000985
   2660000      4.003256      0.010085
   2680000      4.002208      0.013102
   2700000      4.000406      0.008177
   2720000      4.003067      0.007812
   2740000      4.000535      0.005914
   2760000      4.000563      0.010046
   2780000      4.001274      0.005817
   2800000      4.001163      0.003780
   2820000      4.000602      0.003591
   2840000      4.003624      0.006397
   2860000      4.001145      0.010210
   2880000      4.002106      0.008919
   2900000      4.001011      0.013864
   2920000      3.999370     -0.005692
   2940000      4.001411      0.011043
   2960000      4.002361     -0.000258
   2980000      4.002110      0.004045
   3000000      4.002640      0.013361
   3020000      4.001396      0.013198
   3040000      4.000318      0.004915
   3060000      4.001390      0.002990
   3080000      4.002534      0.007830
   3100000      4.002184      0.011153
   3120000      4.001484     -0.000828
   3140000      4.000946      0.004523
   3160000      4.001549     -0.001268
   3180000      4.000017      0.003282
   3200000      4.002293      0.003635
   3220000      4.001800      0.010114
   3240000      4.001348      0.008805
   3260000      4.003128      0.008484
   3280000      4.000443      0.002327
   3300000      4.000978      0.006962
   3320000      4.001185      0.004077
   3340000      4.002248      0.011545
   3360000      3.999871      0.011559
   3380000      3.998262     -0.036595
   3400000      3.999194     -0.007163
   3420000      4.000059     -0.028804
   3440000      4.001214     -0.029356
   3460000      3.998154     -0.044975
   3480000      4.000365     -0.014089
   3500000      4.001271     -0.024145
   3520000      3.997656     -0.032337
   3540000      3.999369     -0.037096
   3560000      3.999809     -0.027588
   3580000      3.999166     -0.027089
   3600000      4.000310     -0.026559
   3620000      3.998047     -0.020429
   3640000      3.998346     -0.036497
   3660000      4.002014     -0.016358
   3680000      3.999559     -0.021043
   3700000      4.001724     -0.024642
   3720000      3.999732     -0.035070
   3740000      3.998853     -0.040680
   3760000      3.999843     -0.033105
   3780000      3.998535     -0.038825
   3800000      4.000611     -0.019661
   3820000      4.000489     -0.024381
   3840000      3.999499     -0.035803
   3860000      4.001899     -0.026585
   3880000      3.998045     -0.030029
   3900000      3.999610     -0.025110
   3920000      4.001963     -0.022872
   3940000      3.999365     -0.037363
   3960000      3.998849     -0.037710
   3980000      3.999769     -0.037393
   4000000      4.001599     -0.032158
   4020000      4.002351     -0.033766
   4040000      4.002019     -0.031931
   4060000      4.002120     -0.032833
   4080000      4.001266     -0.029548
   4100000      4.001293     -0.030993
   4120000      4.000520     -0.031654
   4140000      4.001161     -0.026075
   4160000      3.999997     -0.033749
   4180000      4.001619     -0.011016
   4200000      4.000155     -0.029041
   4220000      4.002006     -0.023838
   4240000      4.000744     -0.025337
   4260000      4.002594     -0.012630
   4280000      3.999781     -0.031548
   4300000      4.000238     -0.030404
   4320000      4.000238     -0.031335
   4340000      4.001496     -0.032722
   4360000      3.999098     -0.019591
   4380000      4.000239     -0.021581
   4400000      3.999315     -0.032033
   4420000      4.000873     -0.029299
   4440000      4.000263     -0.026441
   4460000      3.999945     -0.025290
   4480000      4.000627     -0.027458
   4500000      4.000588     -0.020842
   4520000      4.000056     -0.035961
   4540000      4.002919     -0.017965
   4560000      3.998959     -0.021017
   4580000      3.999338     -0.020420
   4600000      4.000891     -0.029586
   4620000      4.000056     -0.027184
   4640000      3.999970     -0.018306
   4660000      3.998781     -0.019066
   4680000      3.999392     -0.024376
   4700000      3.998838     -0.028641
   4720000      4.000394     -0.023642
   4740000      4.000635     -0.042931
   4760000      3.999529     -0.029932
   4780000      3.999159     -0.027754
   4800000      4.000060     -0.031354
   4820000      3.997546     -0.024394
   4840000      3.997926     -0.037931
   4860000      3.999598     -0.038072
   4880000      4.000674     -0.019078
   4900000      4.000694     -0.019656
   4920000      4.001377     -0.032651
   4940000      4.003554     -0.022880
   4960000      3.998218     -0.038500
   4980000      3.998694     -0.027677
   5000000      4.001101     -0.021772
   5020000      4.002244     -0.011739
   5040000      3.997636     -0.027597
   5060000      3.999090     -0.024408
   5080000      4.001164     -0.023819
   5100000      4.001472     -0.022561
   5120000      3.999865     -0.024830
   5140000      4.000946     -0.018046
   5160000      3.998640     -0.032564
   5180000      3.997984     -0.017847
   5200000      3.998731     -0.034471
   5220000      4.000396     -0.036101
   5240000      3.999079     -0.040607
   5260000      4.000549     -0.028154
   5280000      3.998000     -0.025296
   5300000      4.000180     -0.016086
   5320000      3.997756     -0.030270
   5340000      3.999409     -0.036205
   5360000      4.000417     -0.025841
   5380000      4.001255     -0.031946
   5400000      4.000421     -0.020378
   5420000      3.999973     -0.031969
   5440000      3.998305     -0.027394
   5460000      3.998780     -0.031606
   5480000      4.000956     -0.021026
   5500000      3.997938     -0.028911
   5520000      4.001888     -0.018085
   5540000      4.001805     -0.018318
   5560000      4.001610     -0.025546
   5580000      4.000268     -0.032092
   5600000      4.001439     -0.025104
   5620000      3.997430     -0.038616
   5640000      3.999452     -0.019086
   5660000      3.998862     -0.037068
   5680000      3.999801     -0.023297
   5700000      3.998950     -0.033760
   5720000      3.998340     -0.045047
   5740000      3.999276     -0.027553
   5760000      3.999931     -0.028647
   5780000      4.000663     -0.034787
   5800000      4.000354     -0.039200
   5820000      3.998496     -0.041204
   5840000      3.999559     -0.034985
   5860000      3.999981     -0.026987
   5880000      3.999310     -0.036380
   5900000      3.999552     -0.035113
   5920000      3.998425     -0.023701
   5940000      3.999850     -0.032816
   5960000      4.001154     -0.020059
   5980000      3.999641     -0.029750
   6000000      4.001469     -0.023169
   6020000      4.002522     -0.026006
   6040000      3.999733     -0.028383
   6060000      3.999962     -0.035320
   6080000      4.000585     -0.044319
   6100000      4.000899     -0.035087
   6120000      4.001050     -0.029272
   6140000      4.000901     -0.025809
   6160000      4.002509     -0.024349
   6180000      3.999455     -0.024324
   6200000      4.000894     -0.022560
   6220000      4.000162     -0.035968
   6240000      3.999764     -0.032511
   6260000      3.999084     -0.034598
   6280000      4.002459     -0.008915
   6300000      3.999539     -0.040413
   6320000      4.002739     -0.029151
   6340000      3.998132     -0.036176
   6360000      3.999887     -0.024325
   6380000      4.000294     -0.023999
   6400000      4.000003     -0.030475
   6420000      3.999066     -0.019234
   6440000      3.999653     -0.029006
   6460000      4.000573     -0.026515
   6480000      3.999853     -0.030536
   6500000      4.000428     -0.034643
   6520000      4.001989     -0.034990
   6540000      3.999634     -0.036279
   6560000      4.001793     -0.025945
   6580000      4.001005     -0.034671
   6600000      4.001001     -0.027833
   6620000      4.000107     -0.025266
   6640000      3.998716     -0.033396
   6660000      3.999275     -0.018256
   6680000      4.001629     -0.021024
   6700000      4.000327     -0.026827
   6720000      3.999462     -0.028994
   6740000      3.995612     -0.042805
   6760000      3.999074     -0.021257
   6780000      3.999614     -0.035903
   6800000      3.999533     -0.016508
   6820000      3.997910     -0.030295
   6840000      3.998638     -0.030738
   6860000      4.002476     -0.025621
   6880000      4.001320     -0.015558
   6900000      4.002131     -0.022198
   6920000      4.001836     -0.032943
   6940000      4.003390     -0.023873
   6960000      4.001875     -0.033292
   6980000      4.001896     -0.034356
   7000000      4.000723     -0.030213
   7020000      4.000651     -0.036197
   7040000      3.999117     -0.041510
   7060000      3.997979     -0.030383
   7080000      4.001146     -0.029433
   7100000      3.998994     -0.022191
   7120000      3.997724     -0.036340
   7140000      3.999146     -0.022684
   7160000      3.999450     -0.033991
   7180000      3.999613     -0.020947
   7200000      3.999214     -0.029025
   7220000      3.999359     -0.019487
   7240000      4.000926     -0.006841
   7260000      4.000372     -0.025627
   7280000      3.999437     -0.032603
   7300000      3.999705     -0.036101
   7320000      4.000912     -0.034194
   7340000      4.000225     -0.040256
   7360000      3.999151     -0.020443
   7380000      4.000618     -0.025647
   7400000      4.000101     -0.027241
   7420000      4.002013     -0.025089
   7440000      4.000243     -0.018990
   7460000      4.000262     -0.031451
   7480000      4.000407     -0.022360
   7500000      4.000503     -0.033235
   7520000      4.000345     -0.019966
   7540000      3.999984     -0.035309
   7560000      3.998027     -0.035205
   7580000      3.999821     -0.031690
   7600000      3.997879     -0.037324
   7620000      3.999397     -0.027243
   7640000      3.999226     -0.041100
   7660000      3.997888     -0.034075
   7680000      4.002754     -0.022598
   7700000      4.000963     -0.016443
   7720000      4.001108     -0.028910
   7740000      3.998218     -0.026292
   7760000      3.998881     -0.044391
   7780000      4.002197     -0.013568
   7800000      4.003361     -0.020331
   7820000      3.999347     -0.026468
   7840000      4.001269     -0.028870
   7860000      4.000069     -0.030485
   7880000      3.999891     -0.017563
   7900000      4.000981     -0.012895
   7920000      4.002166     -0.017726
   7940000      3.999071     -0.018006
   7960000      3.999043     -0.026964
   7980000      4.001058     -0.034978
   8000000      4.001612     -0.018865
   8020000      4.000011     -0.036478
   8040000      4.000715     -0.033432
   8060000      4.001606     -0.027663
   8080000      3.999334     -0.016597
   8100000      4.001815     -0.011616
   8120000      3.997708     -0.041538
   8140000      3.998792     -0.039654
   8160000      4.001558     -0.021005
   8180000      4.000135     -0.022693
   8200000      3.999272     -0.035900
   8220000      4.001761     -0.024494
   8240000      4.000889     -0.024082
   8260000      4.000996     -0.026977
   8280000      3.999878     -0.029537
   8300000      4.000400     -0.029637
   8320000      3.998108     -0.027525
   8340000      3.999589     -0.025794
   8360000      4.001397     -0.041721
   8380000      3.999944     -0.038668
   8400000      4.001809     -0.025896
   8420000      3.997497     -0.033127
   8440000      4.001070     -0.018461
   8460000      3.999592     -0.023780
   8480000      3.999075     -0.029149
   8500000      4.001344     -0.030218
   8520000      4.000750     -0.027246
   8540000      4.001669     -0.029131
   8560000      4.001439     -0.024692
   8580000      4.001701     -0.030778
   8600000      4.000142     -0.022041
   8620000      3.999975     -0.027549
   8640000      4.000557     -0.026297
   8660000      3.999330     -0.020386
   8680000      4.001084     -0.026341
   8700000      3.998981     -0.026130
   8720000      4.002402     -0.025857
   8740000      4.000282     -0.020180
   8760000      3.998292     -0.038892
   8780000      3.999793     -0.021123
   8800000      3.999965     -0.028416
   8820000      3.997058     -0.030770
   8840000      4.000679     -0.030225
   8860000      4.000482     -0.020348
   8880000      4.000771     -0.022462
   8900000      3.999226     -0.028268
   8920000      4.000943     -0.026344
   8940000      4.000089     -0.025165
   8960000      3.999619     -0.015462
   8980000      4.002032     -0.027227
   9000000      4.001185     -0.023362
   9020000      4.000461     -0.029189
   9040000      3.999351     -0.031070
   9060000      3.999645     -0.021609
   9080000      4.001124     -0.021032
   9100000      3.999017     -0.026923
   9120000      4.001180     -0.030645
   9140000      4.000039     -0.024140
   9160000      4.000160     -0.027410
   9180000      4.000878     -0.042212
   9200000      4.001112     -0.020977
   9220000      4.001092     -0.027804
   9240000      4.000705     -0.024142
   9260000      4.000814     -0.024133
   9280000      4.001102     -0.023872
   9300000      4.003743     -0.009652
   9320000      4.001383     -0.020305
   9340000      3.999482     -0.035441
   9360000      3.997809     -0.035254
   9380000      4.000476     -0.038044
   9400000      3.999875     -0.017047
   9420000      3.999915     -0.027479
   9440000      3.999903     -0.033356
   9460000      4.001700     -0.025571
   9480000      3.999841     -0.025086
   9500000      3.999330     -0.034063
   9520000      3.999071     -0.025978
   9540000      4.001013     -0.017608
   9560000      4.000890     -0.029057
   9580000      4.000761     -0.027514
   9600000      4.002432     -0.022197
   9620000      3.998307     -0.022323
   9640000      3.999400     -0.029781
   9660000      4.000877     -0.029286
   9680000      3.999948     -0.029446
   9700000      4.000946     -0.026126
   9720000      4.001231     -0.015992
   9740000      4.001067     -0.014891
   9760000      4.002233     -0.028475
   9780000      4.001259     -0.030558
   9800000      3.998682     -0.022126
   9820000      3.998101     -0.035750
   9840000      3.999512     -0.025843
   9860000      4.002443     -0.024558
   9880000      4.001311     -0.029062
   9900000      4.000388     -0.021049
   9920000      3.998928     -0.031160
   9940000      3.998811     -0.026054
   9960000      4.000953     -0.024575
   9980000      4.000719     -0.006462
  10000000      4.001095     -0.034444
