         0      4.000000      0.000000
     20000      4.038892     -0.133487
     40000      4.134247     -0.018215
     60000      4.189801      0.045552
     80000      4.256873      0.022781
    100000      4.313857      0.135378
    120000      4.369461      0.200113
    140000      4.453619      0.171654
    160000      4.499322      0.182514
    180000      4.566989      0.218072
    200000      4.650078      0.258519
    220000      4.695844      0.308149
    240000      4.778877      0.251292
    260000      4.881928      0.212997
    280000      4.960025      0.105372
    300000      5.024985      0.160371
    320000      5.076697      0.124581
    340000      5.138248      0.294896
    360000      5.214330      0.337858
    380000      5.285575      0.304882
    400000      5.308897      0.416388
    420000      5.388198      0.413858
    440000      5.441715      0.425820
    460000      5.502167      0.480717
    480000      5.571688      0.472425
    500000      5.699036      0.287236
    520000      5.771120      0.200788
    540000      5.783891      0.101472
    560000      5.919731      0.382918
    580000      5.995770      0.405815
    600000      6.036560      0.511055
    620000      6.120707      0.498385
    640000      6.176449      0.560092
    660000      6.168647      0.685973
    680000      6.223864      0.705552
    700000      6.347765      0.685566
    720000      6.348302      0.776114
    740000      6.468789      0.723331
    760000      6.514648      0.803566
    780000      6.645952      0.696176
    800000      6.712998      0.730377
    820000      6.789514      0.673260
    840000      6.852298      0.683799
    860000      6.696097      1.075726
    880000      6.708555      1.146967
    900000      6.733566      1.231241
    920000      6.989205      1.107979
    940000      7.014868      1.225182
    960000      7.106125      1.225721
    980000      7.096149      1.321450
   1000000      7.183627      1.353958
   1020000      7.320191      1.271257
   1040000      7.385968      1.260012
   1060000      7.459221      1.251747
   1080000      7.417728      1.506808
   1100000      7.433158      1.614385
   1120000      7.476906      1.673859
   1140000      7.484104      1.756784
   1160000      7.515176      1.821730
   1180000      7.559843      1.859692
   1200000      7.791562      1.669422
   1220000      7.835450      1.741888
   1240000      7.836750      1.901825
   1260000      7.908301      1.883428
   1280000      7.943554      1.941104
   1300000      7.817960      2.126896
   1320000      8.020119      2.077343
   1340000      7.990238      2.206109
   1360000      8.043925      2.249079
   1380000      8.017984      2.332455
   1400000      8.010669      2.412668
   1420000      8.141361      2.419788
   1440000      8.130410      2.507880
   1460000      8.114329      2.582720
   1480000      8.220158      2.611887
   1500000      8.284091      2.646025
   1520000      8.337780      2.705014
   1540000      8.276947      2.812830
   1560000      8.133112      2.897776
   1580000      8.139244      2.976988
   1600000      8.198985      3.036246
   1620000      8.234778      3.101936
   1640000      8.176060      3.172073
   1660000      8.293538      3.230840
   1680000      8.337826      3.310357
   1700000      8.400654      3.354829
   1720000      8.479424      3.401612
   1740000      8.481375      3.469361
   1760000      8.461663      3.558689
   1780000      8.516619      3.606218
   1800000      8.591622      3.647900
   1820000      8.593432      3.728219
   1840000      8.538307      3.829498
   1860000      8.589830      3.864969
   1880000      8.538844      3.986062
   1900000      8.496899      4.071088
   1920000      8.508234      4.123574
   1940000      8.482500      4.200047
   1960000      8.344636      4.270699
   1980000      8.135028      4.270900
   2000000      8.104907      4.321121
   2020000      8.122785      4.409087
   2040000      8.000297      4.389723
   2060000      7.956250      4.451185
   2080000      7.962819      4.547440
   2100000      8.059886      4.664630
   2120000      7.992342      4.689083
   2140000      8.122217      4.840125
   2160000      8.118532      4.915742
   2180000      8.120616      4.973965
   2200000      8.191844      5.051885
   2220000      8.181017      5.122409
   2240000      8.128809      5.192125
   2260000      8.128173      5.265513
   2280000      8.174368      5.347159
   2300000      8.278878      5.418887
   2320000      8.257396      5.483631
   2340000      8.342610      5.530086
   2360000      8.316103      5.610896
   2380000      8.386077      5.636258
   2400000      8.426141      5.668858
   2420000      8.484599      5.710075
   2440000      8.544730      5.734085
   2460000      8.570000      5.817583
   2480000      8.662087      5.834014
   2500000      8.747355      5.843231
   2520000      8.745449      5.968727
   2540000      8.789159      6.010559
   2560000      8.836609      6.010801
   2580000      8.883012      6.065579
   2600000      8.934138      6.092642
   2620000      8.954539      6.163234
   2640000      9.032642      6.167713
   2660000      9.061908      6.237533
   2680000      9.185708      6.148994
   2700000      9.242070      6.155592
   2720000      9.288761      6.079593
   2740000      9.350479      6.223280
   2760000      9.427217      6.159103
   2780000      9.497416      6.186665
   2800000      9.556096      6.218766
   2820000      9.622665      6.123759
   2840000      9.679440      6.111681
   2860000      9.747422      6.166920
   2880000      9.805028      6.146883
   2900000      9.876736      6.136795
   2920000      9.964709      6.231417
   2940000     10.048524      6.182200
   2960000     10.100487      6.074955
   2980000     10.195605      6.194953
   3000000     10.269163      6.205224
   3020000     10.316818      6.119386
   3040000     10.365848      6.060961
   3060000     10.464700      6.161846
   3080000     10.525721      6.126906
   3100000     10.597347      6.094974
   3120000     10.661323      6.136188
   3140000     10.699415      6.234732
   3160000     10.783535      6.262930
   3180000     10.854639      6.193116
   3200000     10.925551      6.163386
   3220000     10.993527      6.211915
   3240000     11.043943      6.376810
   3260000     11.114335      6.399374
   3280000     11.133633      6.521152
   3300000     11.292644      6.333937
   3320000     11.372500      6.383370
   3340000     11.440499      6.375146
   3360000     11.528929      6.380005
   3380000     11.598366      6.413892
   3400000     11.674377      6.418133
   3420000     11.742857      6.429420
   3440000     11.814660      6.358370
   3460000     11.863056      6.359720
   3480000     11.929010      6.269592
   3500000     11.976031      6.405453
   3520000     12.057659      6.431620
   3540000     12.141426      6.401176
   3560000     12.202524      6.382191
   3580000     12.282030      6.514751
   3600000     12.354576      6.537349
   3620000     12.408778      6.592013
   3640000     12.439880      6.658091
   3660000     12.532079      6.646353
   3680000     12.592064      6.584609
   3700000     12.702359      6.521289
   3720000     12.755278      6.545112
   3740000     12.824578      6.602597
   3760000     12.878464      6.577130
   3780000     12.932439      6.687005
   3800000     12.956032      6.736264
   3820000     13.123286      6.427427
   3840000     13.202446      6.521707
   3860000     13.270297      6.418343
   3880000     13.345055      6.452473
   3900000     13.413368      6.490066
   3920000     13.475920      6.484897
   3940000     13.540238      6.611002
   3960000     13.608239      6.630496
   3980000     13.667082      6.605092
   4000000     13.718368      6.667131
   4020000     13.805118      6.619883
   4040000     13.843540      6.551466
   4060000     13.900512      6.523471
   4080000     13.932163      6.379480
   4100000     14.015199      6.435221
   4120000     14.061231      6.308413
   4140000     14.180106      6.417800
   4160000     14.246675      6.357247
   4180000     14.295923      6.305040
   4200000     14.290593      6.230487
   4220000     14.315232      6.125677
   4240000     14.468897      6.166656
   4260000     14.534329      6.135568
   4280000     14.557040      6.071410
   4300000     14.583985      6.022714
   4320000     14.759289      6.127004
   4340000     14.837980      6.155546
   4360000     14.910625      6.145283
   4380000     14.969156      6.224148
   4400000     15.033176      6.244588
   4420000     15.084909      6.272361
   4440000     15.166152      6.301514
   4460000     15.231933      6.173056
   4480000     15.265292      6.036270
   4500000     15.344883      6.054478
   4520000     15.418542      6.245809
   4540000     15.496404      6.170156
   4560000     15.526808      6.059942
   4580000     15.590438      6.047932
   4600000     15.618362      5.937461
   4620000     15.670857      5.888617
   4640000     15.747759      5.879543
   4660000     15.820120      5.846386
   4680000     15.885998      5.857958
   4700000     15.973294      5.928714
   4720000     16.055578      5.961486
   4740000     16.108934      5.980603
   4760000     16.155820      6.085408
   4780000     16.256018      5.808880
   4800000     16.339614      5.796734
   4820000     16.404583      5.780759
   4840000     16.452626      5.737143
   4860000     16.518173      5.706399
   4880000     16.611010      5.817111
   4900000     16.682110      5.859036
   4920000     16.753354      5.844274
   4940000     16.833553      5.904092
   4960000     16.906080      5.945403
   4980000     16.971361      5.938823
   5000000     17.036239      5.919052
   5020000     17.110666      5.944629
   5040000     17.176792      5.833234
   5060000     17.266200      5.878856
   5080000     17.328934      5.808099
   5100000     17.400434      5.922259
   5120000     17.418653      5.650084
   5140000     17.483791      5.595153
   5160000     17.559729      5.612115
   5180000     17.645544      5.655894
   5200000     17.700619      5.572458
   5220000     17.765155      5.546552
   5240000     17.855557      5.644021
   5260000     17.917734      5.697740
   5280000     17.990340      5.647119
   5300000     18.026582      5.507482
   5320000     18.097494      5.512990
   5340000     18.168918      5.530275
   5360000     18.230953      5.579376
   5380000     18.288474      5.556006
   5400000     18.354665      5.565098
   5420000     18.402912      5.466887
   5440000     18.481175      5.491927
   5460000     18.556257      5.512869
   5480000     18.612383      5.530301
   5500000     18.689122      5.485435
   5520000     18.758139      5.522646
   5540000     18.825375      5.495936
   5560000     18.890995      5.497730
   5580000     18.951075      5.389544
   5600000     18.972045      5.249403
   5620000     19.058863      5.270511
   5640000     19.058229      5.131730
   5660000     19.161573      5.151849
   5680000     19.216694      5.141959
   5700000     19.283239      5.118359
   5720000     19.387117      5.137251
   5740000     19.408332      5.035851
   5760000     19.502772      5.063209
   5780000     19.587509      5.111670
   5800000     19.584125      4.931559
   5820000     19.685793      4.984543
   5840000     19.679443      4.833991
   5860000     19.688313      4.726804
   5880000     19.737255      4.672584
   5900000     19.850844      4.691601
   5920000     19.906287      4.653350
   5940000     19.915986      4.575036
   5960000     19.975386      4.535502
   5980000     19.995546      4.479043
   6000000     19.990026      4.400621
