         0      4.000000      0.000000
     20000      4.001610      0.008806
     40000      4.001816     -0.006464
     60000      4.002311      0.008134
     80000      4.000534      0.006826
    100000      4.001194     -0.001371
    120000      4.002928     -0.002024
    140000      4.002764      0.001797
    160000      4.001964      0.004718
    180000      4.000522      0.004867
    200000      4.002101      0.004604
    220000      4.001995      0.003215
    240000      4.002359     -0.007427
    260000      4.001867     -0.005154
    280000      4.004572      0.007351
    300000      3.999166     -0.004157
    320000      4.001670     -0.002349
    340000      4.000157     -0.002174
    360000      4.001364      0.006190
    380000      4.001941      0.007268
    400000      4.002500      0.002123
    420000      4.003376      0.000640
    440000      4.001103     -0.005488
    460000      4.001444      0.000061
    480000      4.002618     -0.006791
    500000      4.001896     -0.009314
    520000      4.001894     -0.000483
    540000      4.002252      0.000541
    560000      4.002487     -0.004095
    580000      4.000197     -0.001380
    600000      4.001813     -0.008829
    620000      3.999643      0.002093
    640000      4.001418     -0.004935
    660000      4.000704     -0.005748
    680000      4.001657     -0.002747
    700000      4.003346     -0.004159
    720000      4.001204     -0.001206
    740000      4.001953      0.000917
    760000      4.003125     -0.000879
    780000      4.000267      0.004116
    800000      3.999237      0.011315
    820000      4.001186      0.008235
    840000      4.003147      0.006728
    860000      4.003536      0.002617
    880000      4.005423     -0.001882
    900000      4.002015     -0.003562
    920000      4.003587     -0.004956
    940000      4.003269      0.000033
    960000      4.002564      0.000956
    980000      4.004124      0.005910
   1000000      4.004926      0.000181
   1020000      4.002124      0.005344
   1040000      4.001892      0.006462
   1060000      4.000538      0.005967
   1080000      4.001046      0.005002
   1100000      4.000788      0.004484
   1120000      4.002612      0.001430
   1140000      4.003601     -0.006877
   1160000      4.003077     -0.005704
   1180000      4.001628     -0.000757
   1200000      4.002222     -0.000054
   1220000      4.002877      0.010748
   1240000      4.001815      0.002295
   1260000      4.002667     -0.000786
   1280000      4.003676     -0.002415
   1300000      4.000007     -0.003283
   1320000      4.001975     -0.007709
   1340000      4.001408      0.003892
   1360000      4.000063      0.001900
   1380000      3.999991      0.007916
   1400000      4.001166      0.010160
   1420000      4.001619     -0.006134
   1440000      4.003076     -0.009427
   1460000      4.002052     -0.004563
   1480000      4.002332     -0.002528
   1500000      4.003407      0.007356
   1520000      4.003632      0.012631
   1540000      4.002270      0.015698
   1560000      4.002183      0.007609
   1580000      4.003076      0.001696
   1600000      4.000910      0.006902
   1620000      4.001638     -0.002164
   1640000      4.001435      0.007276
   1660000      4.003751      0.003824
   1680000      3.999806      0.000043
   1700000      4.002263     -0.005809
   1720000      4.001644     -0.003826
   1740000      4.001246     -0.004080
   1760000      4.001806      0.003311
   1780000      4.001625      0.003933
   1800000      4.001071      0.007198
   1820000      4.001747      0.009729
   1840000      4.001169      0.003923
   1860000      4.001497      0.001261
   1880000      4.002198     -0.006325
   1900000      4.002279      0.000866
   1920000      4.001048      0.000123
   1940000      4.001326      0.003132
   1960000      4.001767     -0.001466
   1980000      4.002219      0.010629
   2000000      3.999028     -0.000113
   2020000      4.003201      0.001459
   2040000      4.002299     -0.008161
   2060000      4.000439      0.004121
   2080000      4.002928     -0.004653
   2100000      4.001761     -0.006675
   2120000      4.001709      0.004118
   2140000      4.002012     -0.002265
   2160000      4.002415     -0.000665
   2180000      4.001884      0.000885
   2200000      4.000596     -0.003248
   2220000      4.000839     -0.001396
   2240000      4.001362     -0.000128
   2260000      4.002938      0.008934
   2280000      4.000504      0.010866
   2300000      4.002887      0.007513
   2320000      4.003674      0.014881
   2340000      4.002675      0.002221
   2360000      4.002461      0.002904
   2380000      4.001034     -0.008701
   2400000      4.001996      0.003829
   2420000      4.001122     -0.002714
   2440000      4.004059     -0.002046
   2460000      4.001731      0.000547
   2480000      4.002660      0.003837
   2500000      3.999830     -0.007606
   2520000      4.003454      0.000913
   2540000      4.001443     -0.001950
   2560000      4.001580     -0.002039
   2580000      4.001490     -0.000228
   2600000      4.000863      0.005009
   2620000      4.002038     -0.006105
   2640000      4.001669     -0.003841
   2660000      4.003542      0.003571
   2680000      4.001589      0.003910
   2700000      4.003413     -0.004575
   2720000      4.002365     -0.003742
   2740000      4.000999      0.002027
   2760000      4.002341     -0.003327
   2780000      4.001965      0.009542
   2800000      4.002066      0.004383
   2820000      4.003675      0.000902
   2840000      4.002941     -0.002924
   2860000      4.003860      0.003096
   2880000      4.001676     -0.002911
   2900000      3.999462      0.003569
   2920000      4.001794      0.005059
   2940000      4.002735      0.002214
   2960000      4.001021     -0.003295
   2980000      4.000662      0.005662
   3000000      4.002973      0.000147
   3020000      4.002366      0.003204
   3040000      4.000452     -0.003833
   3060000      4.002666     -0.004669
   3080000      4.001720     -0.000397
   3100000      4.002737      0.003989
   3120000      4.000141      0.010518
   3140000      4.000222      0.002535
   3160000      4.000901      0.005081
   3180000      4.000613      0.005207
   3200000      4.001382      0.005486
   3220000      3.999425      0.002292
   3240000      4.001415     -0.003143
   3260000      4.001634     -0.000048
   3280000      4.000794      0.004424
   3300000      4.002958     -0.003797
   3320000      4.001434     -0.009285
   3340000      4.000744      0.000383
   3360000      4.000403     -0.002655
   3380000      4.001772      0.007117
   3400000      4.002940      0.008167
   3420000      4.002260      0.008255
   3440000      4.000211     -0.002657
   3460000      4.002427     -0.011093
   3480000      4.001917     -0.004066
   3500000      4.002855      0.011345
   3520000      4.001955      0.005044
   3540000      4.002179     -0.005801
   3560000      4.003815     -0.001188
   3580000      4.002158     -0.001248
   3600000      4.003086      0.005810
   3620000      4.002171      0.005595
   3640000      4.003884     -0.006572
   3660000      4.001701     -0.004027
   3680000      4.000068      0.008379
   3700000      4.000110     -0.002069
   3720000      4.000084     -0.002669
   3740000      4.002751      0.005861
   3760000      4.001331      0.007658
   3780000      4.001980     -0.000239
   3800000      4.000908      0.001402
   3820000      4.000825     -0.000143
   3840000      4.003074     -0.003160
   3860000      4.001892      0.003663
   3880000      4.002529     -0.004725
   3900000      4.001705     -0.008940
   3920000      4.002794     -0.002999
   3940000      4.001878      0.007923
   3960000      4.003333      0.005424
   3980000      4.002733     -0.009957
   4000000      4.003049      0.004826
   4020000      4.002916     -0.000305
   4040000      4.002138      0.009679
   4060000      4.001265      0.001111
   4080000      4.003723     -0.004524
   4100000      4.002365     -0.004136
   4120000      4.003455     -0.011101
   4140000      4.002878     -0.000967
   4160000      4.002120     -0.002939
   4180000      4.003589     -0.008309
   4200000      4.002244     -0.006792
   4220000      4.000538     -0.004668
   4240000      4.001603     -0.008379
   4260000      4.002396     -0.007645
   4280000      4.001920      0.001369
   4300000      4.002116      0.004285
   4320000      4.002696     -0.000242
   4340000      4.001694      0.005614
   4360000      4.002748      0.001358
   4380000      4.002831      0.001719
   4400000      4.001376     -0.002040
   4420000      4.002046      0.000535
   4440000      4.001119     -0.007913
   4460000      4.004327      0.001104
   4480000      4.001888      0.001025
   4500000      4.003332      0.007213
   4520000      4.001517     -0.005613
   4540000      4.004574     -0.000245
   4560000      4.002583      0.002795
   4580000      4.002627     -0.000434
   4600000      4.001416      0.014410
   4620000      4.002103      0.000610
   4640000      4.002282     -0.002541
   4660000      4.002708     -0.008172
   4680000      4.003007     -0.005894
   4700000      4.000548      0.006196
   4720000      4.001948     -0.001089
   4740000      4.002943     -0.008991
   4760000      4.003468     -0.005762
   4780000      4.002026      0.004429
   4800000      3.999877      0.000228
   4820000      4.002096     -0.005528
   4840000      4.001694     -0.002859
   4860000      4.001229      0.002758
   4880000      4.002293     -0.001055
   4900000      4.002701      0.004766
   4920000      4.003448      0.008758
   4940000      4.002844      0.009180
   4960000      4.005349      0.001736
   4980000      4.000663      0.004455
   5000000      4.001276      0.003438
   5020000      4.003096      0.002255
   5040000      4.003459     -0.001527
   5060000      4.002650     -0.009477
   5080000      4.000978     -0.003523
   5100000      4.001810     -0.005135
   5120000      4.003233     -0.009413
   5140000      4.003724     -0.005360
   5160000      4.003282      0.003325
   5180000      4.001746     -0.004652
   5200000      4.002045      0.002782
   5220000      4.002464      0.004377
   5240000      4.002762      0.000258
   5260000      4.003555     -0.007787
   5280000      4.004575      0.000608
   5300000      4.002506     -0.000940
   5320000      4.005498     -0.006913
   5340000      4.004058      0.000355
   5360000      4.002725      0.004947
   5380000      4.001648      0.010840
   5400000      4.001602      0.008767
   5420000      3.999930      0.002936
   5440000      4.004098     -0.000700
   5460000      4.003243     -0.002335
   5480000      4.000906      0.003775
   5500000      4.001435      0.008595
   5520000      4.001161     -0.004528
   5540000      4.002517     -0.004331
   5560000      4.002830      0.003117
   5580000      4.001388      0.003757
   5600000      3.999966      0.005362
   5620000      4.001917     -0.004928
   5640000      4.001615      0.006163
   5660000      4.003891      0.002220
   5680000      4.001702      0.009779
   5700000      4.000777      0.011518
   5720000      4.003582      0.000137
   5740000      4.002533      0.002980
   5760000      4.002441      0.004681
   5780000      4.002879      0.008466
   5800000      4.001656     -0.001738
   5820000      4.002126      0.000924
   5840000      4.004273     -0.006211
   5860000      4.001360      0.000138
   5880000      4.003308     -0.003708
   5900000      4.001693      0.003529
   5920000      3.998590      0.003378
   5940000      4.001117      0.002274
   5960000      4.002455     -0.003259
   5980000      4.001418      0.004878
   6000000      4.002159      0.001946
   6020000      4.000135      0.011590
   6040000      4.000956      0.000577
   6060000      4.003487      0.000117
   6080000      4.003877      0.007057
   6100000      4.002772     -0.004433
   6120000      4.002425     -0.000905
   6140000      4.003732      0.003858
   6160000      4.002499     -0.001932
   6180000      4.002857      0.002506
   6200000      4.001991      0.004812
   6220000      4.002704      0.006899
   6240000      4.002728      0.011112
   6260000      4.000693      0.013686
   6280000      4.000433      0.011276
   6300000      4.000299      0.006731
   6320000      4.001417      0.007734
   6340000      4.002612      0.002816
   6360000      4.001597     -0.004751
   6380000      4.002910      0.003530
   6400000      4.003577      0.002683
   6420000      4.002236      0.004696
   6440000      4.002404      0.010996
   6460000      4.002210      0.002989
   6480000      4.004199      0.005501
   6500000      4.003569      0.002959
   6520000      4.004285     -0.006015
   6540000      4.002577      0.005346
   6560000      4.000194      0.011620
   6580000      4.001219      0.005402
   6600000      4.002233      0.003041
   6620000      4.002964      0.006059
   6640000      4.002445     -0.001267
   6660000      4.003644      0.003517
   6680000      4.001630      0.009881
   6700000      4.003792      0.009588
   6720000      4.003080     -0.003710
   6740000      4.003471     -0.002587
   6760000      4.001362     -0.001870
   6780000      4.001648     -0.003952
   6800000      4.002087      0.006672
   6820000      4.001873      0.008636
   6840000      4.002719      0.004446
   6860000      4.002621      0.004630
   6880000      4.003073      0.004459
   6900000      4.003100      0.003565
   6920000      4.003394      0.004674
   6940000      4.003144      0.004103
   6960000      4.004234     -0.002394
   6980000      4.002412      0.001536
   7000000      4.002083      0.006263
   7020000      4.004168     -0.003960
   7040000      4.003030     -0.006670
   7060000      4.002085      0.003777
   7080000      4.004040      0.007851
   7100000      4.002019     -0.008782
   7120000      4.002669      0.004771
   7140000      4.004198      0.002840
   7160000      4.001845      0.002278
   7180000      4.003594      0.001708
   7200000      4.001028      0.003918
   7220000      4.002563     -0.003222
   7240000      4.003007      0.005423
   7260000      4.001097     -0.000560
   7280000      4.002237     -0.003471
   7300000      4.002837     -0.001707
   7320000      4.002956      0.001413
   7340000      4.001381      0.007110
   7360000      4.002488      0.011689
   7380000      4.004442      0.004940
   7400000      4.002864      0.002712
   7420000      4.003028      0.002510
   7440000      4.001415     -0.000931
   7460000      4.004077      0.000860
   7480000      4.001643      0.001937
   7500000      4.002351     -0.005268
   7520000      4.002235     -0.006379
   7540000      4.000957      0.000691
   7560000      4.002662      0.001071
   7580000      4.000398     -0.004576
   7600000      4.004077     -0.000687
   7620000      4.002449     -0.000338
   7640000      4.001793      0.009352
   7660000      4.003493     -0.001508
   7680000      4.002010     -0.003012
   7700000      4.002837     -0.001556
   7720000      4.003028      0.006275
   7740000      4.003407      0.008168
   7760000      4.003262      0.012407
   7780000      4.002117      0.009407
   7800000      4.003282      0.007517
   7820000      4.002225     -0.000975
   7840000      4.002255      0.005232
   7860000      4.000497      0.006780
   7880000      4.002201     -0.004592
   7900000      4.001267      0.003667
   7920000      4.001107      0.003615
   7940000      4.002730      0.001912
   7960000      4.001632     -0.007125
   7980000      4.003055     -0.006776
   8000000      4.003330     -0.003831
   8020000      4.002012      0.004172
   8040000      4.003079     -0.002824
   8060000      4.002335      0.001441
   8080000      4.002945     -0.004774
   8100000      4.000989      0.001965
   8120000      4.000741      0.001809
   8140000      4.000729      0.003273
   8160000      4.002375      0.002059
   8180000      4.001817      0.002949
   8200000      4.002168     -0.005942
   8220000      4.002343      0.001751
   8240000      4.004250     -0.003565
   8260000      4.002930      0.000651
   8280000      4.001551     -0.008750
   8300000      4.001919     -0.008750
   8320000      4.002174      0.003061
   8340000      4.003229      0.002106
   8360000      4.003154     -0.008319
   8380000      4.002351     -0.004305
   8400000      4.004605      0.001728
   8420000      4.001718     -0.002107
   8440000      4.001753     -0.002626
   8460000      4.002305      0.005633
   8480000      4.002557     -0.000831
   8500000      4.003482      0.008234
   8520000      4.000115      0.008439
   8540000      4.000343      0.007359
   8560000      4.001574     -0.004771
   8580000      3.999954     -0.000361
   8600000      4.000243      0.006644
   8620000      4.002493     -0.000894
   8640000      4.002775     -0.007230
   8660000      4.001109      0.006655
   8680000      4.002122     -0.002098
   8700000      4.000811      0.008661
   8720000      4.003112     -0.002875
   8740000      4.001550      0.001913
   8760000      4.001548     -0.007794
   8780000      4.001342      0.003317
   8800000      4.001746      0.007563
   8820000      4.001507      0.002076
   8840000      4.003499      0.005417
   8860000      4.003589      0.008885
   8880000      4.002662     -0.001851
   8900000      4.002497     -0.005117
   8920000      4.003477      0.004058
   8940000      4.004363     -0.002160
   8960000      4.002976      0.001917
   8980000      4.005412     -0.002125
   9000000      4.003185     -0.001786
   9020000      4.003090     -0.006926
   9040000      4.002886      0.002057
   9060000      4.002002     -0.000920
   9080000      4.003436     -0.000178
   9100000      4.004544      0.011911
   9120000      4.002136      0.008789
   9140000      4.003532      0.006575
   9160000      4.001125      0.009251
   9180000      4.000002     -0.000756
   9200000      4.001581      0.003126
   9220000      4.001754     -0.004889
   9240000      4.003184      0.001463
   9260000      4.001211      0.000998
   9280000      4.001322     -0.002641
   9300000      3.999083     -0.003569
   9320000      4.000638      0.003431
   9340000      4.002017      0.003234
   9360000      4.003149     -0.002619
   9380000      4.005218     -0.006299
   9400000      4.003110     -0.000010
   9420000      4.002514      0.003574
   9440000      4.002398     -0.004271
   9460000      4.002594      0.001210
   9480000      4.003123      0.000495
   9500000      4.003714      0.002916
   9520000      4.002477      0.003804
   9540000      4.003381      0.012258
   9560000      4.004164      0.004297
   9580000      4.003291      0.005478
   9600000      4.004273      0.006890
   9620000      4.003521      0.000106
   9640000      4.002775      0.001726
   9660000      4.005064     -0.000625
   9680000      4.001909      0.002366
   9700000      4.003378     -0.004637
   9720000      4.005251      0.002825
   9740000      4.003190     -0.001582
   9760000      4.003274      0.005725
   9780000      4.003119      0.002617
   9800000      4.005069     -0.000556
   9820000      4.002635      0.006288
   9840000      4.004180      0.006237
   9860000      4.004635      0.003194
   9880000      4.005153     -0.001304
   9900000      4.004233      0.008360
   9920000      4.003768      0.007667
   9940000      4.002884      0.002931
   9960000      4.002319     -0.000612
   9980000      4.004119     -0.006940
  10000000      4.002659     -0.004461
