         0      4.000000      0.000000
     20000      4.018473     -0.020360
     40000      4.044829     -0.030671
     60000      4.069355     -0.073295
     80000      4.105465     -0.113979
    100000      4.138259     -0.105648
    120000      4.169191      0.040958
    140000      4.199569      0.037004
    160000      4.224138      0.060994
    180000      4.257029      0.001135
    200000      4.286000     -0.025658
    220000      4.321665     -0.011784
    240000      4.351460     -0.047250
    260000      4.392246     -0.013220
    280000      4.422710      0.079430
    300000      4.451466      0.102379
    320000      4.488424      0.083018
    340000      4.528220      0.081220
    360000      4.559353      0.086821
    380000      4.587288      0.082129
    400000      4.614073      0.136605
    420000      4.647558      0.110052
    440000      4.675099      0.083937
    460000      4.691529      0.044657
    480000      4.730374      0.035440
    500000      4.766346      0.026705
    520000      4.808601      0.044478
    540000      4.823446      0.019895
    560000      4.846245     -0.002805
    580000      4.888544      0.015058
    600000      4.920889     -0.013886
    620000      4.930537     -0.035379
    640000      4.983785     -0.034663
    660000      4.999734     -0.044334
    680000      5.067381      0.076708
    700000      5.102361      0.062293
    720000      5.128653      0.063307
    740000      5.164419      0.057273
    760000      5.193179      0.133897
    780000      5.212205      0.155170
    800000      5.265988      0.094940
    820000      5.301661      0.060747
    840000      5.340659      0.025190
    860000      5.370419      0.029263
    880000      5.398839      0.031763
    900000      5.437743      0.015427
    920000      5.475303      0.026386
    940000      5.501801      0.026941
    960000      5.540903      0.070714
    980000      5.552345     -0.071459
   1000000      5.583947     -0.062506
   1020000      5.614166     -0.049624
   1040000      5.634502     -0.081027
   1060000      5.679474     -0.019891
   1080000      5.714108      0.021993
   1100000      5.727883     -0.041844
   1120000      5.751429     -0.080467
   1140000      5.799253     -0.088599
   1160000      5.835062     -0.066354
   1180000      5.868330     -0.057835
   1200000      5.899914     -0.027338
   1220000      5.929560     -0.001511
   1240000      5.973412      0.053901
   1260000      6.011005      0.090900
   1280000      6.030733      0.022410
   1300000      6.072183      0.061117
   1320000      6.103197     -0.020522
   1340000      6.118811     -0.063121
   1360000      6.146408     -0.060955
   1380000      6.211542      0.034347
   1400000      6.218290     -0.060480
   1420000      6.260825     -0.045617
   1440000      6.306064      0.022460
   1460000      6.340590      0.028181
   1480000      6.378175     -0.047314
   1500000      6.412661     -0.024617
   1520000      6.437256     -0.072410
   1540000      6.472677     -0.062558
   1560000      6.501128     -0.075214
   1580000      6.537791     -0.062981
   1600000      6.556548     -0.073194
   1620000      6.595958     -0.087702
   1640000      6.619770     -0.106978
   1660000      6.652741     -0.085710
   1680000      6.682992     -0.021435
   1700000      6.700325      0.066703
   1720000      6.734158      0.054019
   1740000      6.757151      0.075231
   1760000      6.806241      0.026725
   1780000      6.818753      0.138902
   1800000      6.841106      0.168401
   1820000      6.861725      0.212780
   1840000      6.938242      0.092555
   1860000      6.972002      0.107796
   1880000      7.004825      0.124191
   1900000      7.016631      0.216253
   1920000      7.052768      0.228833
   1940000      7.080052      0.229345
   1960000      7.118127      0.223637
   1980000      7.137684      0.241309
   2000000      7.158539      0.250263
   2020000      7.194833      0.172731
   2040000      7.233225      0.150265
   2060000      7.264041      0.187253
   2080000      7.283003      0.226397
   2100000      7.261936      0.390782
   2120000      7.317035      0.380281
   2140000      7.335726      0.396300
   2160000      7.355352      0.438518
   2180000      7.381028      0.446020
   2200000      7.360719      0.518572
   2220000      7.340853      0.575385
   2240000      7.481582      0.479495
   2260000      7.505107      0.492859
   2280000      7.526599      0.516009
   2300000      7.573944      0.474595
   2320000      7.593065      0.538725
   2340000      7.663816      0.458679
   2360000      7.692594      0.480830
   2380000      7.706202      0.533019
   2400000      7.738635      0.521120
   2420000      7.781942      0.500205
   2440000      7.806349      0.496789
   2460000      7.826799      0.516662
   2480000      7.873942      0.471775
   2500000      7.919296      0.389133
   2520000      7.933660      0.439591
   2540000      7.962244      0.454583
   2560000      7.975629      0.501831
   2580000      8.036390      0.448471
   2600000      8.060618      0.470183
   2620000      8.087962      0.472039
   2640000      8.116670      0.463066
   2660000      8.152054      0.443346
   2680000      8.186772      0.485196
   2700000      8.226702      0.489537
   2720000      8.230656      0.581307
   2740000      8.254124      0.598201
   2760000      8.248156      0.643763
   2780000      8.301490      0.641586
   2800000      8.343609      0.649973
   2820000      8.380613      0.665661
   2840000      8.394431      0.691409
   2860000      8.430517      0.683382
   2880000      8.460062      0.685888
   2900000      8.463535      0.732956
   2920000      8.492180      0.751924
   2940000      8.610574      0.592780
   2960000      8.631759      0.655651
   2980000      8.647061      0.679815
   3000000      8.702615      0.642833
   3020000      8.731097      0.658055
   3040000      8.752422      0.668303
   3060000      8.798080      0.603645
   3080000      8.831597      0.541509
   3100000      8.866563      0.557532
   3120000      8.877580      0.485163
   3140000      8.907844      0.507944
   3160000      8.922981      0.489173
   3180000      8.973720      0.717501
   3200000      9.002713      0.713959
   3220000      9.038019      0.715009
   3240000      9.056366      0.728888
   3260000      9.074957      0.790423
   3280000      9.092308      0.815496
   3300000      9.132568      0.824367
   3320000      9.148823      0.855282
   3340000      9.196150      0.815337
   3360000      9.265207      0.627812
   3380000      9.289585      0.660663
   3400000      9.323786      0.756780
   3420000      9.358958      0.750351
   3440000      9.390572      0.761615
   3460000      9.407413      0.796389
   3480000      9.476544      0.648436
   3500000      9.513493      0.673456
   3520000      9.538821      0.663687
   3540000      9.558874      0.635568
   3560000      9.561803      0.585349
   3580000      9.609333      0.627197
   3600000      9.625821      0.601330
   3620000      9.694125      0.728030
   3640000      9.709265      0.755961
   3660000      9.740117      0.752387
   3680000      9.787635      0.745968
   3700000      9.818205      0.742787
   3720000      9.847047      0.831500
   3740000      9.884562      0.808512
   3760000      9.900380      0.941603
   3780000      9.937320      0.918177
   3800000      9.974000      0.939751
   3820000     10.011077      0.884468
   3840000     10.034596      0.939021
   3860000     10.063598      0.943731
   3880000     10.090906      0.858863
   3900000     10.126541      0.849004
   3920000     10.157023      0.829674
   3940000     10.193536      0.865980
   3960000     10.218740      0.867993
   3980000     10.252017      0.854064
   4000000     10.283149      0.890388
   4020000     10.313176      0.886075
   4040000     10.343012      0.868354
   4060000     10.369180      0.845702
   4080000     10.418301      0.845143
   4100000     10.433511      0.798548
   4120000     10.475965      0.826664
   4140000     10.502946      0.822149
   4160000     10.524547      0.817806
   4180000     10.566577      0.785475
   4200000     10.596603      0.766837
   4220000     10.627658      0.789048
   4240000     10.662679      0.798712
   4260000     10.680322      0.745577
   4280000     10.715650      0.750775
   4300000     10.745104      0.733845
   4320000     10.777932      0.741057
   4340000     10.812162      0.739902
   4360000     10.830885      0.777573
   4380000     10.866846      0.783955
   4400000     10.898311      0.772440
   4420000     10.927334      0.772271
   4440000     10.954035      0.747014
   4460000     10.980298      0.705295
   4480000     11.023422      0.731590
   4500000     11.050165      0.717800
   4520000     11.071443      0.639693
   4540000     11.100597      0.649548
   4560000     11.134075      0.623754
   4580000     11.161555      0.631145
   4600000     11.188442      0.657255
   4620000     11.223308      0.632569
   4640000     11.259883      0.693302
   4660000     11.294913      0.673682
   4680000     11.327825      0.688287
   4700000     11.350094      0.707254
   4720000     11.387905      0.682708
   4740000     11.417492      0.698051
   4760000     11.453202      0.696782
   4780000     11.483004      0.787626
   4800000     11.525966      0.793047
   4820000     11.563064      0.750882
   4840000     11.589020      0.762330
   4860000     11.616065      0.728048
   4880000     11.647234      0.760016
   4900000     11.679571      0.753968
   4920000     11.715230      0.761210
   4940000     11.743484      0.761572
   4960000     11.751660      0.716234
   4980000     11.779407      0.725649
   5000000     11.814602      0.793796
   5020000     11.858641      0.805703
   5040000     11.881510      0.875088
   5060000     11.922656      0.876002
   5080000     11.956303      0.875392
   5100000     11.966923      0.908222
   5120000     12.013711      0.871322
   5140000     12.043064      0.891397
   5160000     12.098617      0.816433
   5180000     12.111901      0.866993
   5200000     12.131329      0.884580
   5220000     12.163761      0.883715
   5240000     12.195655      0.652628
   5260000     12.222447      0.648327
   5280000     12.232177      0.595766
   5300000     12.289651      0.648976
   5320000     12.311687      0.603126
   5340000     12.310360      0.549432
   5360000     12.356665      0.573315
   5380000     12.372937      0.525898
   5400000     12.378722      0.492494
   5420000     12.383997      0.469050
   5440000     12.468079      0.557126
   5460000     12.417156      0.386135
   5480000     12.438389      0.364055
   5500000     12.398673      0.296907
   5520000     12.510965      0.353688
   5540000     12.540264      0.328101
   5560000     12.608681      0.377171
   5580000     12.663461      0.468240
   5600000     12.699913      0.482406
   5620000     12.734462      0.463249
   5640000     12.766914      0.484019
   5660000     12.790686      0.535066
   5680000     12.812860      0.541196
   5700000     12.870794      0.418606
   5720000     12.912426      0.514512
   5740000     12.945011      0.519788
   5760000     12.972076      0.541308
   5780000     12.994891      0.542840
   5800000     13.022017      0.532675
   5820000     13.058838      0.503871
   5840000     13.093299      0.491403
   5860000     13.129379      0.511857
   5880000     13.156780      0.440806
   5900000     13.155736      0.381482
   5920000     13.185748      0.375804
   5940000     13.226137      0.394172
   5960000     13.265191      0.416207
   5980000     13.281207      0.359312
   6000000     13.279569      0.310729
   6020000     13.306538      0.295355
   6040000     13.358245      0.289792
   6060000     13.397113      0.273804
   6080000     13.441708      0.284210
   6100000     13.462153      0.278501
   6120000     13.482113      0.244963
   6140000     13.509898      0.228531
   6160000     13.571930      0.260097
   6180000     13.615291      0.271722
   6200000     13.640971      0.260095
   6220000     13.669072      0.244760
   6240000     13.698624      0.264607
   6260000     13.724909      0.239880
   6280000     13.753880      0.224252
   6300000     13.718900      0.059030
   6320000     13.827762      0.223163
   6340000     13.857312      0.202366
   6360000     13.892213      0.267525
   6380000     13.927476      0.287532
   6400000     13.966966      0.243664
   6420000     13.993943      0.228030
   6440000     14.024984      0.228497
   6460000     14.060438      0.253741
   6480000     14.079828      0.318854
   6500000     14.080191      0.381236
   6520000     14.067065      0.426888
   6540000     14.066497      0.446475
   6560000     14.061647      0.465941
   6580000     14.246840      0.270133
   6600000     14.284950      0.142975
   6620000     14.316296      0.128295
   6640000     14.294240      0.045507
   6660000     14.372675      0.082811
   6680000     14.402268      0.072716
   6700000     14.440571      0.065282
   6720000     14.461130      0.053850
   6740000     14.503929      0.072580
   6760000     14.537732      0.105026
   6780000     14.571056      0.084895
   6800000     14.589382      0.187546
   6820000     14.615282      0.180424
   6840000     14.640787      0.196335
   6860000     14.654185      0.227868
   6880000     14.724673      0.148548
   6900000     14.761069      0.134995
   6920000     14.803241      0.105308
   6940000     14.835442      0.093433
   6960000     14.861127      0.134074
   6980000     14.889006      0.115249
   7000000     14.926565      0.028389
   7020000     14.954627      0.025996
   7040000     14.975094      0.003681
   7060000     15.002108     -0.003180
   7080000     15.018493     -0.027861
   7100000     15.068686      0.035388
   7120000     15.091303      0.028427
   7140000     15.111234     -0.020445
   7160000     15.135838     -0.038888
   7180000     15.168481     -0.046498
   7200000     15.172539     -0.125736
   7220000     15.219915     -0.109718
   7240000     15.225912     -0.176878
   7260000     15.272558     -0.158863
   7280000     15.302710     -0.165568
   7300000     15.325155     -0.188058
   7320000     15.328391     -0.233086
   7340000     15.362027     -0.241507
   7360000     15.405523     -0.213746
   7380000     15.449880     -0.173719
   7400000     15.474772     -0.166879
   7420000     15.498854     -0.203542
   7440000     15.512790     -0.266531
   7460000     15.572366     -0.195824
   7480000     15.598341     -0.223282
   7500000     15.669381     -0.122041
   7520000     15.720026     -0.037158
   7540000     15.734660     -0.157917
   7560000     15.760834     -0.185726
   7580000     15.807164     -0.160995
   7600000     15.811786     -0.230736
   7620000     15.834426     -0.261787
   7640000     15.835269     -0.321647
   7660000     15.868500     -0.299946
   7680000     15.872089     -0.345670
   7700000     15.954094     -0.261934
   7720000     15.985987     -0.272658
   7740000     16.011159     -0.291729
   7760000     16.024539     -0.325676
   7780000     16.062491     -0.318833
   7800000     16.115931     -0.261958
   7820000     16.104557     -0.394049
   7840000     16.126116     -0.426231
   7860000     16.133358     -0.441520
   7880000     16.163805     -0.444630
   7900000     16.198410     -0.468237
   7920000     16.220349     -0.471557
   7940000     16.252561     -0.484877
   7960000     16.310155     -0.432995
   7980000     16.344583     -0.437180
   8000000     16.380379     -0.416010
   8020000     16.423600     -0.425665
   8040000     16.463538     -0.430673
   8060000     16.495998     -0.405483
   8080000     16.487426     -0.573337
   8100000     16.509326     -0.625438
   8120000     16.578592     -0.503420
   8140000     16.622683     -0.503114
   8160000     16.647729     -0.515543
   8180000     16.638370     -0.628661
   8200000     16.692394     -0.595410
   8220000     16.719634     -0.587347
   8240000     16.756522     -0.587092
   8260000     16.779599     -0.660634
   8280000     16.822411     -0.674097
   8300000     16.853736     -0.685143
   8320000     16.888064     -0.711579
   8340000     16.927399     -0.688845
   8360000     16.952503     -0.709941
   8380000     16.989010     -0.685240
   8400000     17.020649     -0.686133
   8420000     17.047608     -0.703420
   8440000     17.081325     -0.661383
   8460000     17.116249     -0.663716
   8480000     17.126768     -0.625065
   8500000     17.166591     -0.622325
   8520000     17.206940     -0.749336
   8540000     17.246797     -0.724084
   8560000     17.268600     -0.736631
   8580000     17.295679     -0.734920
   8600000     17.325308     -0.755985
   8620000     17.355298     -0.761511
   8640000     17.396682     -0.739203
   8660000     17.424069     -0.764756
   8680000     17.460684     -0.754536
   8700000     17.491511     -0.725689
   8720000     17.509345     -0.783860
   8740000     17.536025     -0.766977
   8760000     17.564419     -0.727758
   8780000     17.603242     -0.763466
   8800000     17.626113     -0.770653
   8820000     17.655666     -0.804168
   8840000     17.685828     -0.806407
   8860000     17.729521     -0.737743
   8880000     17.768151     -0.749685
   8900000     17.790174     -0.724218
   8920000     17.822167     -0.719891
   8940000     17.847542     -0.695471
   8960000     17.883443     -0.746557
   8980000     17.906155     -0.845846
   9000000     17.949747     -0.780086
   9020000     17.974744     -0.796898
   9040000     18.006496     -0.772440
   9060000     18.023933     -0.639071
   9080000     18.053229     -0.616685
   9100000     18.082135     -0.604730
   9120000     18.109021     -0.603341
   9140000     18.117785     -0.552339
   9160000     18.144869     -0.517552
   9180000     18.173216     -0.497695
   9200000     18.159065     -0.432856
   9220000     18.189868     -0.429277
   9240000     18.234484     -0.439974
   9260000     18.205760     -0.382575
   9280000     18.238715     -0.359565
   9300000     18.197672     -0.287627
   9320000     18.250849     -0.291450
   9340000     18.276461     -0.284747
   9360000     18.304027     -0.262278
   9380000     18.289862     -0.210415
   9400000     18.285581     -0.168562
   9420000     18.339143     -0.164635
   9440000     18.360699     -0.150580
   9460000     18.401618     -0.135881
   9480000     18.387713     -0.085957
   9500000     18.400722     -0.044291
   9520000     18.445982     -0.049207
   9540000     18.420253      0.016049
   9560000     18.410607      0.066845
   9580000     18.418469      0.102770
   9600000     18.435881      0.128445
   9620000     18.429477      0.170624
   9640000     18.422192      0.199181
   9660000     18.411249      0.234111
   9680000     18.497020      0.238610
   9700000     18.497560      0.281112
   9720000     18.482468      0.328620
   9740000     18.469382      0.356649
   9760000     18.474751      0.383805
   9780000     18.485449      0.413081
   9800000     18.479490      0.445987
   9820000     18.520580      0.469805
   9840000     18.515774      0.511736
   9860000     18.526625      0.542964
   9880000     18.555523      0.576889
   9900000     18.486962      0.647086
   9920000     18.452924      0.684294
   9940000     18.444775      0.709903
   9960000     18.549970      0.758425
   9980000     18.592377      0.778609
  10000000     18.610870      0.800186
