         0      4.000000      0.000000
     20000      4.004986     -0.011264
     40000      4.008984     -0.001816
     60000      4.009157      0.007663
     80000      4.011694     -0.004577
    100000      4.015542     -0.018262
    120000      4.010779      0.008820
    140000      4.013228      0.005896
    160000      4.013794     -0.009506
    180000      4.014451     -0.005821
    200000      4.013438      0.000603
    220000      4.019616     -0.002091
    240000      4.017974      0.005225
    260000      4.014378      0.006759
    280000      4.020777      0.009549
    300000      4.005532      0.090622
    320000      4.107959     -0.064860
    340000      4.233185     -0.092604
    360000      4.229468     -0.219320
    380000      4.232068     -0.352161
    400000      4.275930     -0.356775
    420000      4.269381     -0.428778
    440000      4.330625     -0.341304
    460000      4.344716     -0.351812
    480000      4.340231     -0.446616
    500000      4.380364     -0.413855
    520000      4.390496     -0.466164
    540000      4.393755     -0.503009
    560000      4.420417     -0.518557
    580000      4.487041     -0.398372
    600000      4.535125     -0.373962
    620000      4.450387     -0.612214
    640000      4.487385     -0.607004
    660000      4.504155     -0.620638
    680000      4.523253     -0.643565
    700000      4.539486     -0.664724
    720000      4.563991     -0.676301
    740000      4.549464     -0.717104
    760000      4.657134     -0.586404
    780000      4.677341     -0.600140
    800000      4.643659     -0.720725
    820000      4.657814     -0.748763
    840000      4.672440     -0.756990
    860000      4.674463     -0.786036
    880000      4.691353     -0.807484
    900000      4.570199     -0.960496
    920000      4.824244     -0.775485
    940000      4.781163     -0.911320
    960000      4.782757     -0.963803
    980000      4.790230     -0.988502
   1000000      4.805882     -0.986287
   1020000      4.766107     -1.074807
   1040000      4.801274     -1.089074
   1060000      4.893087     -1.000807
   1080000      4.919723     -1.010783
   1100000      4.971104     -0.979178
   1120000      4.982809     -1.028726
   1140000      5.034682     -0.966469
   1160000      5.082481     -0.936445
   1180000      5.141872     -0.830498
   1200000      5.159635     -0.833595
   1220000      5.109973     -1.050470
   1240000      5.154209     -1.032961
   1260000      5.158585     -1.088240
   1280000      5.263596     -0.914179
   1300000      5.246621     -0.959649
   1320000      5.289389     -1.033100
   1340000      5.307810     -1.060766
   1360000      5.357996     -0.948512
   1380000      5.391176     -0.954132
   1400000      5.393527     -1.028401
   1420000      5.420505     -0.998262
   1440000      5.209644     -1.458091
   1460000      5.350012     -1.300468
   1480000      5.357145     -1.363271
   1500000      5.410256     -1.344517
   1520000      5.332031     -1.502485
   1540000      5.346334     -1.520784
   1560000      5.340256     -1.565375
   1580000      5.342302     -1.598115
   1600000      5.356321     -1.617830
   1620000      5.437239     -1.584002
   1640000      5.410135     -1.649975
   1660000      5.464561     -1.611166
   1680000      5.324942     -1.763017
   1700000      5.476611     -1.698737
   1720000      5.486055     -1.709730
   1740000      5.457078     -1.769311
   1760000      5.474933     -1.786742
   1780000      5.542397     -1.763099
   1800000      5.657210     -1.710020
   1820000      5.550456     -1.890945
   1840000      5.664387     -1.784785
   1860000      5.742845     -1.759585
   1880000      5.525587     -2.045353
   1900000      5.592934     -2.005614
   1920000      5.410140     -2.150490
   1940000      5.620318     -2.036672
   1960000      5.431023     -2.210325
   1980000      5.428349     -2.232346
   2000000      5.211667     -2.278642
   2020000      5.326848     -2.304796
   2040000      5.285415     -2.325083
   2060000      5.282693     -2.331969
   2080000      5.277707     -2.355293
   2100000      5.261396     -2.378490
   2120000      5.590011     -2.358999
   2140000      5.635505     -2.358361
   2160000      5.574416     -2.424260
   2180000      5.651464     -2.392354
   2200000      5.557161     -2.479019
   2220000      5.594712     -2.487247
   2240000      5.619023     -2.494165
   2260000      5.596322     -2.540157
   2280000      5.592291     -2.582466
   2300000      5.658325     -2.585624
   2320000      5.672813     -2.603712
   2340000      5.583946     -2.662623
   2360000      5.599814     -2.693015
   2380000      5.551722     -2.722920
   2400000      5.729362     -2.700076
   2420000      5.705325     -2.730563
   2440000      5.713684     -2.752316
   2460000      5.757805     -2.757260
   2480000      5.805728     -2.773138
   2500000      5.813303     -2.788227
   2520000      5.856148     -2.764702
   2540000      5.673443     -2.889870
   2560000      5.719703     -2.913507
   2580000      5.743750     -2.939427
   2600000      5.753276     -2.947164
   2620000      5.728299     -2.967794
   2640000      5.874160     -2.968922
   2660000      5.869827     -3.008834
   2680000      5.964450     -2.986263
   2700000      5.989301     -2.992336
   2720000      6.087984     -2.949469
   2740000      6.160323     -2.871694
   2760000      6.131939     -2.962732
   2780000      6.172180     -2.953621
   2800000      6.148718     -3.012617
   2820000      6.054485     -3.136487
   2840000      6.060623     -3.148022
   2860000      6.207890     -3.065034
   2880000      6.215212     -3.099037
   2900000      6.203490     -3.151771
   2920000      6.212175     -3.162556
   2940000      6.238460     -3.179251
   2960000      6.274889     -3.185708
   2980000      6.156144     -3.320197
   3000000      6.148075     -3.353449
   3020000      5.942836     -3.441552
   3040000      6.079219     -3.450278
   3060000      6.033714     -3.477634
   3080000      6.026953     -3.495529
   3100000      6.055351     -3.531705
   3120000      6.001566     -3.548175
   3140000      6.367950     -3.403469
   3160000      6.368637     -3.411480
   3180000      6.189090     -3.577985
   3200000      6.201053     -3.616511
   3220000      6.170227     -3.678270
   3240000      6.156610     -3.704436
   3260000      6.232046     -3.704900
   3280000      6.208834     -3.731106
   3300000      6.264946     -3.735723
   3320000      6.259548     -3.768543
   3340000      6.297289     -3.773221
   3360000      6.256763     -3.815394
   3380000      6.293533     -3.823039
   3400000      6.300048     -3.856386
   3420000      6.320708     -3.878689
   3440000      6.328489     -3.894936
   3460000      6.398785     -3.887138
   3480000      6.494507     -3.815951
   3500000      6.428875     -3.930609
   3520000      6.268234     -4.031650
   3540000      6.265772     -4.062396
   3560000      6.178946     -4.102192
   3580000      6.260184     -4.119690
   3600000      6.295233     -4.138728
   3620000      6.266823     -4.177018
   3640000      6.283295     -4.202017
   3660000      6.309976     -4.216153
   3680000      6.290546     -4.228197
   3700000      6.435561     -4.214333
   3720000      6.402192     -4.258068
   3740000      6.366486     -4.292881
   3760000      6.289945     -4.332527
   3780000      6.303885     -4.345484
   3800000      6.345923     -4.370230
   3820000      6.367806     -4.386808
   3840000      6.333678     -4.418812
   3860000      6.405666     -4.449404
   3880000      6.378676     -4.469580
   3900000      6.373027     -4.491215
   3920000      6.475277     -4.502333
   3940000      6.662494     -4.348875
   3960000      6.699999     -4.446348
   3980000      6.833399     -4.376374
   4000000      6.637636     -4.527433
   4020000      6.778604     -4.484378
   4040000      6.731796     -4.531967
   4060000      6.750071     -4.548338
   4080000      6.855016     -4.512913
   4100000      6.923567     -4.479942
   4120000      6.963416     -4.465360
   4140000      7.015430     -4.435416
   4160000      6.999812     -4.497902
   4180000      6.985623     -4.531710
   4200000      7.097067     -4.450921
   4220000      7.084237     -4.502266
   4240000      7.078901     -4.534167
   4260000      7.110228     -4.542677
   4280000      7.159581     -4.515190
   4300000      7.204622     -4.486930
   4320000      7.244334     -4.462546
   4340000      7.279528     -4.445343
   4360000      7.274933     -4.505505
   4380000      7.292851     -4.522965
   4400000      7.302380     -4.550776
   4420000      7.368563     -4.493273
   4440000      7.370193     -4.541288
   4460000      7.391935     -4.537353
   4480000      7.393940     -4.581392
   4500000      7.380784     -4.629321
   4520000      7.398344     -4.633355
   4540000      7.483383     -4.545772
   4560000      7.467387     -4.603801
   4580000      7.499529     -4.589802
   4600000      7.562952     -4.450762
   4620000      7.541440     -4.594802
   4640000      7.534300     -4.637035
   4660000      7.622403     -4.598271
   4680000      7.648053     -4.585325
   4700000      7.643384     -4.643303
   4720000      7.653725     -4.660727
   4740000      7.626637     -4.754668
   4760000      7.625839     -4.799177
   4780000      7.705645     -4.704089
   4800000      7.699177     -4.767744
   4820000      7.735380     -4.744568
   4840000      7.740063     -4.812750
   4860000      7.783975     -4.800439
   4880000      7.838548     -4.758850
   4900000      7.870906     -4.739727
   4920000      7.850529     -4.819163
   4940000      7.873602     -4.805336
   4960000      7.975731     -4.582977
   4980000      8.004210     -4.595178
   5000000      8.040132     -4.594301
   5020000      8.052695     -4.641284
   5040000      8.086549     -4.616253
   5060000      8.095016     -4.663376
   5080000      8.115725     -4.675262
   5100000      8.131526     -4.692352
   5120000      8.161749     -4.544472
   5140000      8.205073     -4.617643
   5160000      8.090742     -4.979203
   5180000      8.178224     -4.835919
   5200000      8.205308     -4.891907
   5220000      8.233725     -4.891275
   5240000      8.293349     -4.805713
   5260000      8.321279     -4.794346
   5280000      8.340673     -4.816174
   5300000      8.350258     -4.853085
   5320000      8.371891     -4.877078
   5340000      8.405211     -4.879278
   5360000      8.404035     -4.940561
   5380000      8.467613     -4.833452
   5400000      8.414152     -4.987993
   5420000      8.498842     -4.871038
   5440000      8.601263     -4.484016
   5460000      8.622771     -4.455028
   5480000      8.637237     -4.403341
   5500000      8.658007     -4.388190
   5520000      8.677314     -4.357329
   5540000      8.706868     -4.356506
   5560000      8.725822     -4.368170
   5580000      8.744792     -4.405878
   5600000      8.773836     -4.284628
   5620000      8.793914     -4.298486
   5640000      8.808958     -4.318088
   5660000      8.840339     -4.330007
   5680000      8.851727     -4.261475
   5700000      8.867440     -4.234465
   5720000      8.879695     -4.201740
   5740000      8.896618     -4.175788
   5760000      8.899544     -4.147817
   5780000      8.956010     -4.209756
   5800000      9.004021     -4.330422
   5820000      9.023277     -4.292557
   5840000      9.005504     -4.132734
   5860000      9.064902     -4.210263
   5880000      9.042466     -4.105066
   5900000      9.058447     -4.074051
   5920000      9.159133     -4.308499
   5940000      9.201550     -4.431461
   5960000      9.225029     -4.390751
   5980000      9.194477     -4.130521
   6000000      9.178164     -4.046137
   6020000      9.284856     -4.514895
   6040000      9.291626     -4.617052
   6060000      9.284216     -4.675077
   6080000      9.332083     -4.552059
   6100000      9.358636     -4.525307
   6120000      9.375656     -4.522048
   6140000      9.401819     -4.529392
   6160000      9.427774     -4.572807
   6180000      9.385543     -4.718596
   6200000      9.342976     -4.791329
   6220000      9.358619     -4.799502
   6240000      9.398688     -4.792216
   6260000      9.509354     -4.615962
   6280000      9.572093     -4.511120
   6300000      9.570096     -4.624184
   6320000      9.617419     -4.622605
   6340000      9.599092     -4.711695
   6360000      9.582008     -4.760900
   6380000      9.640464     -4.743089
   6400000      9.652672     -4.770360
   6420000      9.677429     -4.765705
   6440000      9.748531     -4.694307
   6460000      9.794728     -4.640530
   6480000      9.816730     -4.688698
   6500000      9.847293     -4.603763
   6520000      9.872394     -4.613119
   6540000      9.884679     -4.676962
   6560000      9.904206     -4.620236
   6580000      9.928643     -4.654850
   6600000      9.950419     -4.654811
   6620000      9.964751     -4.569297
   6640000     10.000916     -4.602173
   6660000     10.008222     -4.588472
   6680000     10.038545     -4.713451
   6700000     10.061088     -4.723650
   6720000     10.079319     -4.605097
   6740000      9.889536     -5.272141
   6760000      9.922383     -5.278544
   6780000     10.123561     -4.979928
   6800000     10.141278     -4.969126
   6820000     10.189810     -4.925514
   6840000     10.201610     -4.951776
   6860000     10.238096     -4.961638
   6880000     10.233539     -5.014349
   6900000     10.201194     -5.141023
   6920000     10.130396     -5.254510
   6940000     10.226364     -5.189564
   6960000     10.247281     -5.192524
   6980000     10.065055     -5.350845
   7000000     10.132439     -5.336192
   7020000     10.184921     -5.322793
   7040000     10.081961     -5.419036
   7060000     10.196628     -5.386875
   7080000     10.146399     -5.433435
   7100000     10.047549     -5.499820
   7120000     10.349928     -5.339687
   7140000     10.356107     -5.363616
   7160000     10.373989     -5.381188
   7180000     10.367221     -5.417545
   7200000     10.414254     -5.410891
   7220000     10.515501     -5.310513
   7240000     10.549179     -5.324455
   7260000     10.616611     -5.250017
   7280000     10.628422     -5.273676
   7300000     10.657748     -5.268479
   7320000     10.687062     -5.204033
   7340000     10.569318     -5.496416
   7360000     10.519019     -5.570745
   7380000     10.672177     -5.462804
   7400000     10.602795     -5.558578
   7420000     10.809311     -5.278766
   7440000     10.857524     -5.233445
   7460000     10.886587     -5.215355
   7480000     10.914583     -5.166216
   7500000     10.893369     -5.380050
   7520000     10.883487     -5.445933
   7540000     10.885966     -5.469771
   7560000     10.852776     -5.531694
   7580000     10.850798     -5.565978
   7600000     10.971037     -5.437186
   7620000     10.923241     -5.605925
   7640000     10.885515     -5.686224
   7660000     10.868277     -5.737945
   7680000     10.843460     -5.775967
   7700000     10.948345     -5.703427
   7720000     10.960603     -5.731819
   7740000     11.035425     -5.705122
   7760000     11.147463     -5.566662
   7780000     11.203848     -5.525867
   7800000     11.170253     -5.648243
   7820000     11.164756     -5.697660
   7840000     11.164531     -5.722940
   7860000     11.131180     -5.782532
   7880000     11.120139     -5.810603
   7900000     11.311033     -5.608479
   7920000     11.222113     -5.798606
   7940000     11.287120     -5.764898
   7960000     11.300794     -5.777175
   7980000     11.341416     -5.750959
   8000000     11.283584     -5.856983
   8020000     11.307155     -5.869052
   8040000     11.312245     -5.906487
   8060000     11.330768     -5.908550
   8080000     11.298719     -5.967957
   8100000     11.315392     -5.980194
   8120000     11.452182     -5.894481
   8140000     11.517184     -5.803909
   8160000     11.536567     -5.804391
   8180000     11.509995     -5.914349
   8200000     11.389652     -6.099492
   8220000     11.405877     -6.108229
   8240000     11.379836     -6.164493
   8260000     11.420409     -6.166010
   8280000     11.449999     -6.167930
   8300000     11.361325     -6.267132
   8320000     11.359356     -6.296600
   8340000     11.315579     -6.338603
   8360000     11.223279     -6.377354
   8380000     11.369835     -6.360588
   8400000     11.426627     -6.406354
   8420000     11.417284     -6.433412
   8440000     11.363873     -6.483757
   8460000     11.443917     -6.452858
   8480000     11.793129     -6.157304
   8500000     11.773172     -6.226472
   8520000     11.678381     -6.320445
   8540000     11.719144     -6.306130
   8560000     11.766533     -6.306151
   8580000     11.784967     -6.246602
   8600000     11.871056     -6.269524
   8620000     11.882574     -6.272192
   8640000     11.930580     -6.272312
   8660000     11.960561     -6.277642
   8680000     11.794794     -6.444528
   8700000     11.886711     -6.351830
   8720000     11.911893     -6.430020
   8740000     11.865518     -6.493730
   8760000     11.829929     -6.528880
   8780000     11.979184     -6.459970
   8800000     11.993107     -6.469046
   8820000     11.995904     -6.490650
   8840000     12.004430     -6.519290
   8860000     12.021076     -6.520349
   8880000     11.781277     -6.711179
   8900000     11.849502     -6.710064
   8920000     11.973034     -6.669020
   8940000     11.988191     -6.679537
   8960000     11.838431     -6.792971
   8980000     11.905956     -6.779560
   9000000     12.119450     -6.639999
   9020000     12.116452     -6.705240
   9040000     12.050992     -6.756006
   9060000     12.430793     -6.371817
   9080000     12.277156     -6.607944
   9100000     12.309051     -6.650781
   9120000     12.355511     -6.637727
   9140000     12.430828     -6.530289
   9160000     12.455195     -6.527547
   9180000     12.420786     -6.644010
   9200000     12.385348     -6.736384
   9220000     12.426986     -6.680693
   9240000     12.520759     -6.708387
   9260000     12.344450     -6.883932
   9280000     12.195838     -6.976806
   9300000     12.168598     -7.054918
   9320000     12.009405     -7.136918
   9340000     11.995103     -7.171483
   9360000     11.998980     -7.185634
   9380000     12.104796     -7.196277
   9400000     12.068228     -7.221437
   9420000     12.059263     -7.235741
   9440000     12.256399     -7.203212
   9460000     12.266807     -7.230555
   9480000     12.333043     -7.223261
   9500000     12.390028     -7.190863
   9520000     12.157736     -7.349961
   9540000     12.195513     -7.361838
   9560000     12.250483     -7.367805
   9580000     12.276573     -7.385173
   9600000     12.413909     -7.324022
   9620000     12.497123     -7.274990
   9640000     12.344617     -7.431654
   9660000     12.270796     -7.494565
   9680000     12.208875     -7.522899
   9700000     12.227465     -7.539353
   9720000     12.141485     -7.558453
   9740000     12.165842     -7.586591
   9760000     12.107265     -7.592537
   9780000     12.119141     -7.613803
   9800000     12.144236     -7.643457
   9820000     12.178490     -7.684769
   9840000     12.164227     -7.706789
   9860000     12.289599     -7.715769
   9880000     12.204875     -7.766158
   9900000     12.206162     -7.790704
   9920000     12.251351     -7.817188
   9940000     12.301132     -7.825955
   9960000     12.326597     -7.850629
   9980000     12.428825     -7.836334
  10000000     12.362784     -7.883836
