         0      4.000000      0.000000
     20000      3.997533     -0.085087
     40000      4.052117      0.079644
     60000      4.008806     -0.224688
     80000      4.014530      0.551794
    100000      3.935518      0.620543
    120000      3.998649      0.513860
    140000      4.191538      0.455063
    160000      4.312775      0.396625
    180000      4.392167      0.178387
    200000      4.413014      0.202855
    220000      4.530143      0.266875
    240000      4.611560      0.258405
    260000      4.511133      0.276736
    280000      4.397520      0.709497
    300000      4.374130      0.355567
    320000      4.294578      0.239482
    340000      3.904377     -0.331157
    360000      4.170374     -0.218111
    380000      4.409249     -0.208528
    400000      4.185821     -0.271417
    420000      3.960798     -0.516368
    440000      4.101867     -0.397725
    460000      3.787924     -0.959595
    480000      3.498024     -1.048249
    500000      3.634418     -1.069752
    520000      3.038654     -1.285506
    540000      3.329529     -0.877504
    560000      3.064872     -1.012727
    580000      3.052609     -0.929320
    600000      3.001738     -0.977947
    620000      3.039833     -0.505714
    640000      3.259083     -0.292026
    660000      3.357745     -0.469368
    680000      3.602122     -0.427170
    700000      3.754228     -0.421027
    720000      3.546260     -0.314917
    740000      3.527380     -0.516213
    760000      3.687498     -0.559075
    780000      3.442526     -0.549871
    800000      3.407086     -0.519685
    820000      3.330221     -0.643614
    840000      3.411855     -0.499786
    860000      3.453947     -0.330910
    880000      3.474216     -0.294574
    900000      3.609449     -0.033768
    920000      3.741149      0.074594
    940000      3.570112     -0.015330
    960000      3.278353     -0.190406
    980000      3.379379     -0.061971
   1000000      3.521294      0.076704
   1020000      3.405588     -0.112664
   1040000      3.425547     -0.276682
   1060000      3.553959     -0.051048
   1080000      3.494002      0.238121
   1100000      3.498952      0.070770
   1120000      3.469677     -0.197165
   1140000      3.406873     -0.105840
   1160000      3.534066      0.070109
   1180000      3.421898     -0.224055
   1200000      3.476969     -0.069794
   1220000      3.345679     -0.358189
   1240000      3.486182     -0.081465
   1260000      3.243573     -0.177238
   1280000      3.393500      0.148796
   1300000      3.490896      0.131031
   1320000      3.392081      0.282124
   1340000      3.506077      0.325699
   1360000      3.327879      0.327813
   1380000      3.103883      0.300403
   1400000      3.211466      0.507917
   1420000      3.104539      0.177454
   1440000      3.250742      0.632880
   1460000      3.552042      0.629707
   1480000      3.452118      0.797576
   1500000      3.444592      0.762442
   1520000      3.529528      1.045740
   1540000      3.418596      0.880492
   1560000      3.254995      0.597929
   1580000      3.274292      0.753856
   1600000      3.516947      0.508289
   1620000      3.337772      0.515444
   1640000      3.262816      0.833272
   1660000      3.260523      0.931902
   1680000      2.997075      0.865730
   1700000      3.060179      0.753794
   1720000      3.133997      0.855292
   1740000      3.063320      0.985186
   1760000      3.053812      0.586828
   1780000      3.160129      0.385489
   1800000      3.079555      0.696938
   1820000      3.092352      0.261182
   1840000      3.195472      0.481330
   1860000      2.953786      0.453669
   1880000      3.081490      0.488317
   1900000      2.834334      0.272264
   1920000      3.079511      0.425599
   1940000      2.871574      0.645547
   1960000      2.442479      0.868235
   1980000      2.375125      0.674594
   2000000      2.453357      1.026157
   2020000      2.410359      1.093402
   2040000      2.201251      1.040817
   2060000      2.574594      1.152709
   2080000      2.577212      1.071337
   2100000      2.598325      1.280363
   2120000      2.274201      1.259462
   2140000      2.542081      1.152006
   2160000      2.618847      1.375219
   2180000      2.710553      1.359733
   2200000      2.775323      1.534199
   2220000      2.774198      1.516279
   2240000      2.686557      1.889315
   2260000      2.487070      1.643770
   2280000      2.864517      1.585487
   2300000      2.792589      1.711626
   2320000      3.059520      1.959563
   2340000      2.875745      1.795585
   2360000      2.582536      2.308607
   2380000      2.779199      2.210941
   2400000      2.721855      2.481550
   2420000      2.836637      2.578913
   2440000      3.044221      2.457016
   2460000      2.971448      2.424451
   2480000      3.035716      2.458499
   2500000      3.164179      2.205487
   2520000      3.072138      2.136831
   2540000      2.800395      2.523340
   2560000      2.944115      2.323679
   2580000      2.748393      2.183692
   2600000      2.504811      2.438430
   2620000      2.267691      2.336353
   2640000      2.516789      2.116985
   2660000      2.551468      2.324480
   2680000      2.634105      2.145318
   2700000      2.279762      2.110145
   2720000      2.202345      2.209700
   2740000      2.520014      2.017582
   2760000      2.344175      2.129333
   2780000      2.254765      1.920164
   2800000      2.127440      1.927106
   2820000      1.779638      2.185697
   2840000      1.928053      2.037553
   2860000      1.948071      1.906280
   2880000      1.851921      2.239297
   2900000      1.555018      2.417503
   2920000      1.643744      2.423532
   2940000      1.862457      2.180763
   2960000      1.542845      2.205408
   2980000      1.468964      2.464072
   3000000      1.524491      2.192066
   3020000      1.615842      2.009247
   3040000      1.697561      2.277206
   3060000      1.981356      2.196167
   3080000      1.741997      2.490925
   3100000      1.602038      2.575795
   3120000      1.219925      2.652206
   3140000      1.189722      2.811891
   3160000      1.170074      2.886720
   3180000      1.149896      2.906795
   3200000      1.105505      2.858550
   3220000      1.374050      2.791514
   3240000      1.601866      2.676114
   3260000      1.554528      2.739869
   3280000      1.491396      2.822608
   3300000      1.615707      2.801183
   3320000      1.415921      2.999896
   3340000      1.238622      2.945744
   3360000      0.734688      2.917610
   3380000      0.787261      2.931216
   3400000      0.822777      3.063823
   3420000      0.617956      3.025146
   3440000      0.609545      2.757656
   3460000      0.620150      2.689097
   3480000      0.970070      2.621023
   3500000      0.798188      2.623975
   3520000      0.831946      2.676483
   3540000      0.958930      2.617108
   3560000      1.126526      2.337848
   3580000      1.233137      2.294026
   3600000      0.994398      2.620881
   3620000      0.970235      2.532896
   3640000      0.697055      2.549543
   3660000      0.325762      2.459435
   3680000      0.333798      2.622760
   3700000      0.108399      2.382441
   3720000      0.080400      2.152362
   3740000      0.712991      2.273053
   3760000      0.745904      2.327279
   3780000      0.849197      2.380791
   3800000      0.810756      2.353638
   3820000      0.650538      2.298141
   3840000      1.107743      2.182237
   3860000      0.867152      2.154102
   3880000      0.535575      2.258885
   3900000      0.966534      2.055493
   3920000      0.977138      1.916684
   3940000      1.031265      1.809507
   3960000      1.238561      1.947366
   3980000      0.760276      1.945715
   4000000      0.908498      1.713849
   4020000      0.876541      1.953251
   4040000      1.006861      1.799523
   4060000      0.929059      1.685815
   4080000      1.236813      1.876115
   4100000      1.183635      1.933917
   4120000      0.981094      2.072650
   4140000      0.748625      2.333766
   4160000      0.926750      2.206092
   4180000      0.638119      2.307136
   4200000      0.772581      1.985944
   4220000      0.887326      1.837579
   4240000      0.813113      1.657520
   4260000      0.787755      1.942724
   4280000      0.479216      1.875084
   4300000      0.481693      1.744868
   4320000      0.119413      1.779653
   4340000      0.347688      1.569796
   4360000      0.217331      1.684762
   4380000     -0.136323      2.042913
   4400000     -0.075213      1.977802
   4420000      0.064988      1.670819
   4440000      0.233999      1.744487
   4460000      0.307837      1.730115
   4480000      0.590965      1.379714
   4500000      0.754555      1.085535
   4520000      0.639032      0.966673
   4540000      0.506691      1.199676
   4560000      0.442479      0.991828
   4580000      0.211396      1.044036
   4600000      0.455719      0.999711
   4620000      0.408080      1.161638
   4640000      0.350005      0.747213
   4660000      0.428842      0.855833
   4680000      0.299983      0.861612
   4700000     -0.046589      0.845173
   4720000     -0.070013      1.216027
   4740000      0.160614      1.183492
   4760000      0.341868      1.390597
   4780000      0.246387      1.296119
   4800000      0.093130      1.142974
   4820000      0.289106      1.182355
   4840000      0.122014      1.455695
   4860000      0.048890      1.419793
   4880000      0.381020      1.285975
   4900000      0.594748      1.275577
   4920000      0.552251      1.414026
   4940000      0.588676      1.602563
   4960000      0.559679      1.556921
   4980000      0.512883      1.626680
   5000000      0.664615      1.472546
   5020000      0.908905      1.012744
   5040000      0.720813      1.442047
   5060000      0.818432      1.315988
   5080000      0.727645      1.115934
   5100000      0.472274      1.200449
   5120000      0.644341      0.946939
   5140000      0.861897      0.842796
   5160000      0.560294      0.809527
   5180000      0.678930      0.680410
   5200000      0.498294      0.907315
   5220000      0.524982      1.079480
   5240000      0.573692      0.883739
   5260000      0.382886      1.015055
   5280000      0.513606      0.995562
   5300000      0.636289      0.890883
   5320000      0.674827      0.765359
   5340000      0.888099      1.005177
   5360000      1.009694      1.127322
   5380000      1.147112      1.047260
   5400000      1.257051      1.107224
   5420000      1.017559      1.168462
   5440000      1.163483      1.097616
   5460000      0.946734      1.372519
   5480000      0.991789      1.111059
   5500000      1.301610      0.671442
   5520000      1.259714      0.903186
   5540000      1.341211      0.633402
   5560000      1.143793      0.785540
   5580000      1.531409      0.238396
   5600000      1.769695      0.428775
   5620000      1.694424      0.170580
   5640000      1.646289      0.029711
   5660000      1.222887     -0.397128
   5680000      1.156332     -0.108918
   5700000      1.201782     -0.043496
   5720000      1.680249      0.033962
   5740000      2.057120     -0.152422
   5760000      1.992535      0.108550
   5780000      1.704968      0.085564
   5800000      1.704938      0.265761
   5820000      1.803369      0.103435
   5840000      1.823416      0.110750
   5860000      2.135753     -0.029177
   5880000      2.074548     -0.177444
   5900000      1.945223      0.124785
   5920000      1.993946      0.145809
   5940000      2.223525     -0.283686
   5960000      2.428252     -0.320132
   5980000      2.423446     -0.327369
   6000000      2.254056     -0.317439
