         0      4.000000      0.000000
     20000      4.018645      0.043684
     40000      4.026420      0.035951
     60000      4.036786      0.028101
     80000      4.042631      0.032045
    100000      4.047619      0.023883
    120000      4.061143      0.024413
    140000      4.069293      0.024204
    160000      4.086501      0.023670
    180000      4.099256      0.034069
    200000      4.110226      0.036663
    220000      4.124191      0.034166
    240000      4.134099      0.041209
    260000      4.142889      0.049447
    280000      4.150928      0.060624
    300000      4.161560      0.061492
    320000      4.171568      0.064219
    340000      4.182603      0.094779
    360000      4.184565      0.119530
    380000      4.190856      0.120544
    400000      4.202700      0.128536
    420000      4.212493      0.130370
    440000      4.222011      0.108541
    460000      4.236873      0.103161
    480000      4.252843      0.092550
    500000      4.258894      0.101288
    520000      4.263328      0.114295
    540000      4.276710      0.109176
    560000      4.288367      0.123094
    580000      4.303985      0.126317
    600000      4.316503      0.128259
    620000      4.323146      0.118510
    640000      4.335391      0.121856
    660000      4.337832      0.142610
    680000      4.341870      0.154061
    700000      4.353374      0.153173
    720000      4.357749      0.155843
    740000      4.375956      0.149961
    760000      4.388746      0.154166
    780000      4.400305      0.157031
    800000      4.407347      0.158932
    820000      4.414917      0.160595
    840000      4.423997      0.165849
    860000      4.438500      0.160067
    880000      4.465622      0.139705
    900000      4.478404      0.137898
    920000      4.474455      0.177925
    940000      4.495181      0.181287
    960000      4.502537      0.190926
    980000      4.511529      0.194798
   1000000      4.526430      0.189558
   1020000      4.533292      0.196768
   1040000      4.533760      0.214956
   1060000      4.542107      0.226369
   1080000      4.538380      0.241094
   1100000      4.541060      0.254738
   1120000      4.545987      0.263675
   1140000      4.545659      0.275340
   1160000      4.570303      0.275128
   1180000      4.579994      0.276023
   1200000      4.573827      0.299918
   1220000      4.586868      0.297820
   1240000      4.596651      0.306872
   1260000      4.617339      0.306570
   1280000      4.623536      0.318190
   1300000      4.621719      0.335844
   1320000      4.628410      0.350743
   1340000      4.627543      0.357768
   1360000      4.649424      0.352587
   1380000      4.652016      0.364037
   1400000      4.657334      0.378127
   1420000      4.668383      0.378848
   1440000      4.668028      0.390847
   1460000      4.681951      0.400456
   1480000      4.671967      0.430294
   1500000      4.688852      0.424284
   1520000      4.697217      0.436104
   1540000      4.690395      0.450946
   1560000      4.694483      0.460374
   1580000      4.711402      0.467163
   1600000      4.742458      0.458241
   1620000      4.755141      0.462163
   1640000      4.765549      0.476248
   1660000      4.779741      0.473588
   1680000      4.770275      0.506991
   1700000      4.769475      0.510121
   1720000      4.766316      0.529693
   1740000      4.766936      0.536662
   1760000      4.766718      0.547905
   1780000      4.782334      0.553945
   1800000      4.765808      0.570692
   1820000      4.759948      0.593029
   1840000      4.759008      0.595851
   1860000      4.754965      0.611933
   1880000      4.753411      0.623946
   1900000      4.750242      0.640683
   1920000      4.751595      0.646330
   1940000      4.767857      0.656567
   1960000      4.779014      0.665656
   1980000      4.794661      0.669382
   2000000      4.787372      0.687698
   2020000      4.814204      0.692592
   2040000      4.831979      0.695009
   2060000      4.836723      0.703493
   2080000      4.840251      0.718384
   2100000      4.847082      0.723789
   2120000      4.875475      0.708330
   2140000      4.902635      0.704363
   2160000      4.907608      0.719370
   2180000      4.919855      0.732647
   2200000      4.904227      0.757313
   2220000      4.909648      0.769432
   2240000      4.906528      0.780238
   2260000      4.909540      0.791092
   2280000      4.933897      0.791763
   2300000      4.932071      0.812029
   2320000      4.917058      0.831673
   2340000      4.924552      0.843297
   2360000      4.919487      0.856739
   2380000      4.912660      0.869831
   2400000      4.923903      0.878227
   2420000      4.964293      0.874967
   2440000      4.957505      0.889466
   2460000      4.963465      0.898316
   2480000      4.967085      0.909726
   2500000      4.970191      0.917613
   2520000      4.974698      0.931036
   2540000      4.976990      0.938942
   2560000      4.975728      0.956416
   2580000      5.007166      0.958668
   2600000      5.001576      0.971412
   2620000      5.006764      0.973547
   2640000      5.012882      0.979121
   2660000      5.019261      0.989240
   2680000      5.034561      0.991193
   2700000      5.049934      0.991152
   2720000      5.078696      0.985477
   2740000      5.088852      0.989708
   2760000      5.108960      0.982643
   2780000      5.122629      0.985329
   2800000      5.129846      0.989695
   2820000      5.129922      1.008987
   2840000      5.138245      1.010702
   2860000      5.141148      1.027781
   2880000      5.149408      1.037227
   2900000      5.159750      1.045715
   2920000      5.170981      1.053200
   2940000      5.177748      1.056086
   2960000      5.191074      1.049635
   2980000      5.201472      1.039992
   3000000      5.206678      1.038977
   3020000      5.219948      1.038232
   3040000      5.232320      1.026382
   3060000      5.237320      1.054346
   3080000      5.255900      1.066702
   3100000      5.262484      1.065335
   3120000      5.272264      1.082666
   3140000      5.270522      1.121209
   3160000      5.280623      1.128425
   3180000      5.297019      1.120788
   3200000      5.307460      1.119735
   3220000      5.322718      1.119149
   3240000      5.328334      1.121368
   3260000      5.342354      1.098757
   3280000      5.357868      1.106926
   3300000      5.360482      1.127777
   3320000      5.374335      1.147708
   3340000      5.384411      1.152429
   3360000      5.394980      1.155655
   3380000      5.401328      1.160781
   3400000      5.406043      1.168542
   3420000      5.420895      1.160609
   3440000      5.433253      1.161362
   3460000      5.442866      1.174785
   3480000      5.460312      1.188429
   3500000      5.461384      1.219120
   3520000      5.460731      1.238250
   3540000      5.463940      1.256835
   3560000      5.460976      1.265782
   3580000      5.463723      1.281237
   3600000      5.479913      1.285618
   3620000      5.482022      1.299950
   3640000      5.491217      1.304620
   3660000      5.493592      1.312654
   3680000      5.515759      1.304603
   3700000      5.527678      1.308932
   3720000      5.540297      1.311637
   3740000      5.551568      1.321100
   3760000      5.539887      1.347568
   3780000      5.576576      1.323260
   3800000      5.574111      1.351589
   3820000      5.534759      1.400789
   3840000      5.552533      1.406163
   3860000      5.540942      1.413409
   3880000      5.536903      1.429190
   3900000      5.536596      1.444810
   3920000      5.546921      1.452845
   3940000      5.545228      1.464118
   3960000      5.553630      1.471978
   3980000      5.554531      1.481354
   4000000      5.562804      1.499815
   4020000      5.576617      1.507779
   4040000      5.570760      1.516251
   4060000      5.573179      1.528794
   4080000      5.583354      1.535243
   4100000      5.601434      1.541705
   4120000      5.620165      1.541558
   4140000      5.612660      1.555064
   4160000      5.619376      1.579718
   4180000      5.624020      1.588683
   4200000      5.635023      1.592065
   4220000      5.640398      1.603229
   4240000      5.660308      1.609048
   4260000      5.669548      1.617440
   4280000      5.680371      1.621505
   4300000      5.684858      1.632108
   4320000      5.677027      1.645362
   4340000      5.690640      1.655382
   4360000      5.681440      1.670295
   4380000      5.685007      1.683950
   4400000      5.700755      1.688182
   4420000      5.701643      1.696432
   4440000      5.684171      1.724571
   4460000      5.690393      1.731607
   4480000      5.699629      1.741026
   4500000      5.716642      1.748890
   4520000      5.728310      1.759932
   4540000      5.719506      1.775708
   4560000      5.681416      1.797971
   4580000      5.678525      1.805393
   4600000      5.669957      1.815975
   4620000      5.686629      1.831051
   4640000      5.720513      1.847706
   4660000      5.718682      1.859698
   4680000      5.727339      1.861226
   4700000      5.722506      1.876470
   4720000      5.714438      1.890801
   4740000      5.708376      1.900293
   4760000      5.715810      1.911029
   4780000      5.720292      1.923519
   4800000      5.740938      1.932801
   4820000      5.742919      1.938139
   4840000      5.735221      1.969222
   4860000      5.725897      1.983966
   4880000      5.715278      1.995417
   4900000      5.723129      2.007710
   4920000      5.729728      2.019817
   4940000      5.743208      2.025687
   4960000      5.741110      2.037553
   4980000      5.751712      2.046270
   5000000      5.735518      2.056419
   5020000      5.721313      2.072459
   5040000      5.726191      2.077442
   5060000      5.730920      2.087174
   5080000      5.741958      2.097646
   5100000      5.739462      2.105216
   5120000      5.730763      2.122473
   5140000      5.745759      2.132195
   5160000      5.746004      2.147372
   5180000      5.755989      2.158705
   5200000      5.748682      2.170639
   5220000      5.735827      2.185815
   5240000      5.743558      2.198328
   5260000      5.748495      2.211272
   5280000      5.740658      2.221495
   5300000      5.732632      2.228263
   5320000      5.756253      2.234382
   5340000      5.808997      2.240265
   5360000      5.810070      2.251077
   5380000      5.827872      2.256564
   5400000      5.825563      2.272978
   5420000      5.838191      2.283816
   5440000      5.828227      2.300935
   5460000      5.834142      2.314086
   5480000      5.841498      2.321338
   5500000      5.823501      2.332467
   5520000      5.828681      2.342709
   5540000      5.826086      2.358164
   5560000      5.829837      2.366091
   5580000      5.835613      2.381981
   5600000      5.833396      2.393078
   5620000      5.848752      2.402462
   5640000      5.852375      2.409974
   5660000      5.868021      2.416726
   5680000      5.873580      2.425786
   5700000      5.867751      2.438675
   5720000      5.883009      2.447376
   5740000      5.901103      2.455615
   5760000      5.897105      2.469157
   5780000      5.893311      2.482919
   5800000      5.923210      2.480549
   5820000      5.925022      2.487453
   5840000      5.930459      2.496675
   5860000      5.899568      2.511490
   5880000      5.894925      2.525694
   5900000      5.882315      2.536491
   5920000      5.893404      2.551956
   5940000      5.909991      2.561333
   5960000      5.914816      2.568149
   5980000      5.903851      2.577817
   6000000      5.896284      2.584580
   6020000      5.899422      2.596461
   6040000      5.899520      2.610059
   6060000      5.894052      2.623802
   6080000      5.910254      2.632604
   6100000      5.901424      2.648594
   6120000      5.928692      2.653797
   6140000      5.941768      2.660727
   6160000      5.939221      2.672209
   6180000      5.935609      2.687590
   6200000      5.949499      2.699143
   6220000      5.947711      2.706009
   6240000      5.960944      2.718419
   6260000      5.932106      2.733924
   6280000      5.944426      2.743573
   6300000      5.935618      2.758113
   6320000      5.911325      2.768677
   6340000      5.921561      2.776639
   6360000      5.929802      2.787845
   6380000      5.939825      2.797770
   6400000      5.923324      2.813032
   6420000      5.999850      2.806797
   6440000      6.006276      2.813493
   6460000      6.023490      2.822699
   6480000      6.030127      2.837097
   6500000      6.076908      2.826212
   6520000      6.080198      2.838082
   6540000      6.077745      2.856512
   6560000      6.054005      2.875496
   6580000      6.062740      2.887572
   6600000      6.070986      2.893208
   6620000      6.056961      2.911484
   6640000      6.045306      2.933545
   6660000      6.023176      2.953914
   6680000      6.029973      2.963537
   6700000      6.022446      2.977128
   6720000      6.022196      2.993534
   6740000      6.027193      3.001128
   6760000      6.017598      3.011686
   6780000      6.027310      3.021684
   6800000      6.027212      3.032375
   6820000      6.054011      3.038104
   6840000      6.065809      3.045292
   6860000      6.065135      3.055545
   6880000      6.074171      3.059902
   6900000      6.075107      3.073631
   6920000      6.066097      3.092138
   6940000      6.043338      3.112030
   6960000      6.041256      3.124002
   6980000      6.029058      3.131496
   7000000      6.054134      3.146297
   7020000      6.044071      3.153038
   7040000      6.038272      3.159534
   7060000      6.040804      3.170326
   7080000      6.048885      3.173353
   7100000      6.075068      3.188337
   7120000      6.089239      3.198870
   7140000      6.107223      3.205054
   7160000      6.117806      3.210812
   7180000      6.120056      3.224209
   7200000      6.136867      3.231766
   7220000      6.129644      3.244879
   7240000      6.151702      3.245082
   7260000      6.150090      3.254945
   7280000      6.148249      3.268731
   7300000      6.146235      3.288003
   7320000      6.150963      3.293768
   7340000      6.148371      3.305141
   7360000      6.156158      3.314688
   7380000      6.174835      3.326217
   7400000      6.165096      3.341603
   7420000      6.157338      3.354053
   7440000      6.165948      3.364547
   7460000      6.168330      3.373843
   7480000      6.154046      3.387135
   7500000      6.159364      3.394464
   7520000      6.158402      3.404412
   7540000      6.170070      3.415221
   7560000      6.184254      3.425220
   7580000      6.177517      3.434169
   7600000      6.190055      3.446755
   7620000      6.191665      3.460183
   7640000      6.199910      3.469760
   7660000      6.206056      3.480184
   7680000      6.226175      3.484055
   7700000      6.250825      3.485419
   7720000      6.261475      3.489674
   7740000      6.270570      3.504168
   7760000      6.289781      3.509865
   7780000      6.293583      3.516746
   7800000      6.310800      3.522556
   7820000      6.315584      3.530382
   7840000      6.302761      3.553197
   7860000      6.305310      3.559250
   7880000      6.330739      3.560859
   7900000      6.328092      3.575161
   7920000      6.358221      3.561632
   7940000      6.372596      3.563741
   7960000      6.382258      3.562010
   7980000      6.392217      3.559846
   8000000      6.404582      3.565986
   8020000      6.412711      3.576494
   8040000      6.417593      3.589456
   8060000      6.421108      3.603258
   8080000      6.411485      3.631663
   8100000      6.423440      3.629765
   8120000      6.416863      3.642470
   8140000      6.437949      3.638171
   8160000      6.448335      3.648736
   8180000      6.457719      3.656531
   8200000      6.466495      3.667366
   8220000      6.479339      3.673276
   8240000      6.490193      3.681213
   8260000      6.500932      3.684145
   8280000      6.508622      3.685396
   8300000      6.516393      3.705639
   8320000      6.531386      3.702592
   8340000      6.550479      3.708973
   8360000      6.559123      3.712343
   8380000      6.555848      3.740126
   8400000      6.556480      3.755014
   8420000      6.564317      3.764801
   8440000      6.582181      3.757303
   8460000      6.595560      3.750743
   8480000      6.601908      3.749487
   8500000      6.609743      3.759183
   8520000      6.610761      3.783137
   8540000      6.613378      3.775649
   8560000      6.627263      3.777681
   8580000      6.644306      3.774290
   8600000      6.648444      3.773914
   8620000      6.649574      3.787863
   8640000      6.656819      3.783576
   8660000      6.665736      3.787562
   8680000      6.675389      3.799757
   8700000      6.674091      3.811722
   8720000      6.686139      3.815291
   8740000      6.693126      3.808418
   8760000      6.708161      3.805281
   8780000      6.704711      3.815532
   8800000      6.707611      3.827025
   8820000      6.709718      3.837642
   8840000      6.692847      3.866880
   8860000      6.698444      3.878155
   8880000      6.709932      3.872423
   8900000      6.711952      3.890331
   8920000      6.715649      3.901253
   8940000      6.715879      3.912742
   8960000      6.722633      3.921558
   8980000      6.721968      3.920902
   9000000      6.725683      3.931558
   9020000      6.734316      3.935433
   9040000      6.701488      3.961042
   9060000      6.692053      3.980651
   9080000      6.693905      3.987563
   9100000      6.683714      3.996965
   9120000      6.705724      4.005090
   9140000      6.758235      3.995975
   9160000      6.785858      4.002875
   9180000      6.801049      4.010907
   9200000      6.819535      4.006240
   9220000      6.819402      4.020878
   9240000      6.827429      4.024989
   9260000      6.828969      4.039001
   9280000      6.850475      4.032179
   9300000      6.858222      4.044931
   9320000      6.879701      4.038713
   9340000      6.886958      4.044557
   9360000      6.896772      4.049077
   9380000      6.907979      4.060003
   9400000      6.916671      4.069021
   9420000      6.918414      4.075757
   9440000      6.920039      4.083007
   9460000      6.942004      4.081102
   9480000      6.963065      4.074865
   9500000      6.967505      4.080993
   9520000      6.974114      4.090322
   9540000      6.983565      4.095496
   9560000      6.987459      4.101615
   9580000      6.986222      4.105833
   9600000      7.002656      4.106985
   9620000      7.000379      4.113721
   9640000      6.978920      4.145459
   9660000      6.983730      4.148556
   9680000      6.998070      4.148499
   9700000      7.005841      4.152957
   9720000      7.005073      4.167123
   9740000      7.004163      4.182284
   9760000      6.997391      4.192018
   9780000      6.997935      4.201076
   9800000      6.994244      4.211199
   9820000      7.012426      4.216810
   9840000      7.012733      4.229495
   9860000      6.996232      4.248870
   9880000      6.981689      4.263465
   9900000      6.995572      4.268368
   9920000      7.018101      4.285165
   9940000      7.022159      4.287105
   9960000      7.039551      4.304162
   9980000      7.045915      4.319693
  10000000      7.063786      4.327872
