         0      4.000000      0.000000
     20000      4.035528     -0.018414
     40000      4.119141      0.093854
     60000      4.195456     -0.029936
     80000      4.256634     -0.121985
    100000      4.357751     -0.106899
    120000      4.393135     -0.205416
    140000      4.438840     -0.193590
    160000      4.545494     -0.150258
    180000      4.646171     -0.003212
    200000      4.724023     -0.036831
    220000      4.771467     -0.015072
    240000      4.862345     -0.081601
    260000      4.920808     -0.191290
    280000      4.983063     -0.262648
    300000      5.012012     -0.368111
    320000      5.021449     -0.466124
    340000      4.975580     -0.568038
    360000      5.023967     -0.620057
    380000      5.064907     -0.718069
    400000      5.106942     -0.759987
    420000      5.068209     -0.835089
    440000      5.034860     -0.909490
    460000      5.281881     -0.919070
    480000      5.356524     -0.946472
    500000      5.455253     -0.961132
    520000      5.486280     -1.009445
    540000      5.485622     -1.097069
    560000      5.563272     -1.082823
    580000      5.375563     -1.333837
    600000      5.370168     -1.404806
    620000      5.114507     -1.590987
    640000      5.209391     -1.640833
    660000      5.138799     -1.735661
    680000      5.203610     -1.762467
    700000      5.212524     -1.860683
    720000      5.238487     -1.932183
    740000      5.274453     -2.009933
    760000      5.296273     -2.068610
    780000      5.165771     -2.161154
    800000      5.181988     -2.219010
    820000      5.257024     -2.271921
    840000      5.217325     -2.352868
    860000      4.981739     -2.425621
    880000      4.798037     -2.427970
    900000      4.860506     -2.552863
    920000      4.676274     -2.525032
    940000      4.749501     -2.689798
    960000      4.940167     -2.805857
    980000      4.853690     -2.871999
   1000000      4.601133     -2.878841
   1020000      4.509734     -2.914894
   1040000      4.543456     -3.035309
   1060000      4.498698     -3.089962
   1080000      4.470608     -3.140431
   1100000      4.439345     -3.199324
   1120000      4.469237     -3.275719
   1140000      4.403604     -3.333969
   1160000      4.306178     -3.374284
   1180000      4.585424     -3.491690
   1200000      4.384111     -3.570571
   1220000      4.289593     -3.623744
   1240000      4.331971     -3.683613
   1260000      4.356507     -3.751179
   1280000      4.090050     -3.767766
   1300000      4.010051     -3.797229
   1320000      4.001255     -3.858849
   1340000      3.986417     -3.961922
   1360000      3.902256     -3.966940
   1380000      3.831425     -3.968809
   1400000      3.819808     -4.085056
   1420000      3.714526     -4.097035
   1440000      3.592897     -3.998228
   1460000      3.619604     -4.251722
   1480000      3.589553     -4.338343
   1500000      3.479492     -4.317142
   1520000      3.524074     -4.469704
   1540000      3.472318     -4.537674
   1560000      3.401502     -4.593258
   1580000      3.254075     -4.483206
   1600000      3.205697     -4.498714
   1620000      3.133019     -4.501695
   1640000      3.098091     -4.618146
   1660000      3.017710     -4.594644
   1680000      2.926735     -4.564239
   1700000      2.908644     -4.712022
   1720000      2.853756     -4.763523
   1740000      2.732846     -4.685385
   1760000      2.717913     -4.768045
   1780000      2.582736     -4.656757
   1800000      2.547782     -4.731704
   1820000      2.599648     -4.913016
   1840000      2.545633     -4.938285
   1860000      2.547442     -5.019714
   1880000      2.528734     -5.103659
   1900000      2.427915     -5.154018
   1920000      2.157685     -4.951833
   1940000      2.090252     -4.926925
   1960000      2.043825     -5.024240
   1980000      1.969826     -5.059044
   2000000      1.907980     -5.106346
   2020000      1.871009     -5.179259
   2040000      1.765705     -5.136690
   2060000      1.784746     -5.374455
   2080000      1.706775     -5.392904
   2100000      1.622853     -5.396182
   2120000      1.565837     -5.456650
   2140000      1.569994     -5.556354
   2160000      1.510176     -5.608598
   2180000      1.507056     -5.657252
   2200000      1.331014     -5.589675
   2220000      1.448517     -5.800596
   2240000      1.514644     -5.887063
   2260000      1.273167     -5.877773
   2280000      1.176568     -5.894031
   2300000      1.063417     -5.897620
   2320000      0.845103     -5.735641
   2340000      0.756035     -5.727038
   2360000      0.700906     -5.786638
   2380000      0.612847     -5.804828
   2400000      0.570581     -5.835139
   2420000      0.444199     -5.692163
   2440000      0.390554     -5.733160
   2460000      0.278285     -5.624176
   2480000      0.225699     -5.604758
   2500000      0.188124     -5.340279
   2520000      0.154330     -5.291978
   2540000      0.023291     -5.317765
   2560000     -0.076762     -5.384877
   2580000     -0.174934     -5.585554
   2600000     -0.219813     -5.757108
   2620000     -0.246689     -5.896934
   2640000     -0.275968     -6.016321
   2660000     -0.199560     -6.198239
   2680000     -0.391925     -6.078260
   2700000     -0.332969     -6.303683
   2720000     -0.333824     -6.416908
   2740000     -0.348238     -6.498806
   2760000     -0.381799     -6.570353
   2780000     -0.288802     -6.731994
   2800000     -0.285190     -6.823992
   2820000     -0.314376     -6.870677
   2840000     -0.304647     -6.950233
   2860000     -0.441027     -6.979142
   2880000     -0.399524     -7.074658
   2900000     -0.453594     -7.124399
   2920000     -0.441129     -7.168243
   2940000     -0.463367     -7.227445
   2960000     -0.809599     -7.130053
   2980000     -0.984994     -6.996733
   3000000     -0.991548     -7.162011
   3020000     -1.070074     -7.177070
   3040000     -1.167679     -7.149009
   3060000     -1.289640     -6.920475
   3080000     -1.386164     -7.027782
   3100000     -1.451012     -6.978204
   3120000     -1.518368     -6.928943
   3140000     -1.553229     -6.803434
   3160000     -1.629411     -6.781298
   3180000     -1.703503     -6.721388
   3200000     -1.766670     -6.729543
   3220000     -1.790855     -6.601306
   3240000     -1.920857     -6.707830
   3260000     -1.986458     -6.672581
   3280000     -2.073721     -6.651705
   3300000     -2.183097     -6.740081
   3320000     -2.246054     -6.693980
   3340000     -2.326830     -6.682985
   3360000     -2.400956     -6.616000
   3380000     -2.489266     -6.747265
   3400000     -2.575083     -6.481312
   3420000     -2.686382     -6.607757
   3440000     -2.753331     -6.718020
   3460000     -2.810945     -6.627243
   3480000     -2.880511     -6.679625
   3500000     -2.943097     -6.653250
   3520000     -3.028413     -6.465015
   3540000     -3.119605     -6.473397
   3560000     -3.184955     -6.566793
   3580000     -3.249472     -6.549847
   3600000     -3.328150     -6.689772
   3620000     -3.355046     -6.780683
   3640000     -3.456185     -6.660011
   3660000     -3.488852     -6.730911
   3680000     -3.577414     -6.759920
   3700000     -3.656128     -6.694443
   3720000     -3.719479     -6.767641
   3740000     -3.759283     -6.957912
   3760000     -3.825845     -6.937517
   3780000     -3.899595     -6.823903
   3800000     -3.980391     -6.893628
   3820000     -4.051269     -6.902966
   3840000     -4.113217     -6.849098
   3860000     -4.206901     -6.821608
   3880000     -4.287219     -6.804942
   3900000     -4.311066     -6.979552
   3920000     -4.371836     -6.932216
   3940000     -4.335490     -7.151792
   3960000     -4.262965     -7.306323
   3980000     -4.355519     -7.334616
   4000000     -4.371706     -7.415359
   4020000     -4.371586     -7.509848
   4040000     -4.425785     -7.540142
   4060000     -4.321930     -7.689996
   4080000     -4.334381     -7.747909
   4100000     -4.446192     -7.800143
   4120000     -4.390684     -7.882251
   4140000     -4.446123     -7.932243
   4160000     -4.298085     -8.014789
   4180000     -4.464484     -8.076512
   4200000     -4.559890     -8.118096
   4220000     -4.567664     -8.181936
   4240000     -4.828213     -8.113335
   4260000     -4.713952     -8.280324
   4280000     -4.742785     -8.352556
   4300000     -4.721426     -8.459033
   4320000     -4.622359     -8.588263
   4340000     -4.577982     -8.660229
   4360000     -4.609177     -8.732561
   4380000     -4.717738     -8.800649
   4400000     -4.707585     -8.853384
   4420000     -4.615021     -8.956008
   4440000     -4.705242     -9.022637
   4460000     -4.685234     -9.100114
   4480000     -4.694296     -9.166706
   4500000     -4.647887     -9.244566
   4520000     -4.702786     -9.311243
   4540000     -4.741042     -9.364693
   4560000     -4.648581     -9.443394
   4580000     -4.670553     -9.509135
   4600000     -4.644746     -9.596276
   4620000     -4.674995     -9.649013
   4640000     -4.584247     -9.748675
   4660000     -4.398301     -9.801938
   4680000     -4.390190     -9.848997
   4700000     -4.409430     -9.943143
   4720000     -4.380584    -10.007169
   4740000     -4.356469    -10.065484
   4760000     -4.286911    -10.104386
   4780000     -4.351590    -10.174664
   4800000     -4.179705    -10.202278
   4820000     -4.077002    -10.190831
   4840000     -4.011890    -10.250544
   4860000     -4.012064    -10.341215
   4880000     -3.990679    -10.418614
   4900000     -3.936956    -10.468783
   4920000     -3.927062    -10.537759
   4940000     -3.870327    -10.585745
   4960000     -4.115824    -10.810807
   4980000     -4.142355    -10.868191
   5000000     -4.107528    -10.926515
   5020000     -4.241478    -11.046645
   5040000     -4.491706    -11.113186
   5060000     -4.402482    -11.266616
   5080000     -4.287116    -11.317740
   5100000     -4.276924    -11.391056
   5120000     -4.296072    -11.461303
   5140000     -4.292969    -11.526867
   5160000     -4.182538    -11.588619
   5180000     -4.114652    -11.641879
   5200000     -4.086069    -11.718779
   5220000     -4.097194    -11.797083
   5240000     -4.099061    -11.859917
   5260000     -4.138011    -11.947287
   5280000     -4.032107    -12.012038
   5300000     -4.067177    -12.094970
   5320000     -3.897932    -12.064827
   5340000     -3.940113    -12.189254
   5360000     -3.812435    -12.154276
   5380000     -3.818939    -12.247618
   5400000     -3.631852    -12.146203
   5420000     -3.605538    -12.214392
   5440000     -3.506554    -12.167546
   5460000     -3.456208    -12.229728
   5480000     -3.470880    -12.400172
   5500000     -3.282730    -12.249976
   5520000     -3.242282    -12.292585
   5540000     -3.118400    -12.250638
   5560000     -3.033114    -12.168827
   5580000     -2.984902    -11.983722
   5600000     -2.903731    -12.033021
   5620000     -2.833094    -12.001311
   5640000     -2.758381    -11.999836
   5660000     -2.691799    -12.015602
   5680000     -2.625508    -11.960611
   5700000     -2.544696    -12.128889
   5720000     -2.486495    -12.160896
   5740000     -2.385106    -12.030091
   5760000     -2.329718    -12.203723
   5780000     -2.233440    -11.940506
   5800000     -2.153744    -11.898334
   5820000     -2.085754    -11.831952
   5840000     -1.978828    -11.940785
   5860000     -1.917392    -11.945246
   5880000     -1.849313    -12.024866
   5900000     -1.751020    -12.049400
   5920000     -1.710449    -12.213116
   5940000     -1.652496    -12.235058
   5960000     -1.585239    -12.249429
   5980000     -1.511473    -12.141880
   6000000     -1.433698    -12.169901
