         0      4.000000      0.000000
     20000      4.030443     -0.016661
     40000      4.063978      0.033250
     60000      4.093354      0.017859
     80000      4.122983     -0.010675
    100000      4.148842     -0.019345
    120000      4.164488     -0.085087
    140000      4.204881     -0.059912
    160000      4.220240     -0.114170
    180000      4.265582     -0.051872
    200000      4.290131     -0.099185
    220000      4.306407     -0.141732
    240000      4.349868     -0.095639
    260000      4.385926     -0.097835
    280000      4.427220     -0.095697
    300000      4.458114     -0.085441
    320000      4.483383     -0.097912
    340000      4.503438     -0.158190
    360000      4.541784     -0.172484
    380000      4.592885     -0.141358
    400000      4.631753     -0.152899
    420000      4.662513     -0.101032
    440000      4.687010     -0.083133
    460000      4.719447     -0.059448
    480000      4.740122     -0.022608
    500000      4.763558      0.015753
    520000      4.813385      0.010170
    540000      4.840775      0.026816
    560000      4.874270      0.004420
    580000      4.906995      0.026181
    600000      4.935772      0.022851
    620000      4.974090      0.034417
    640000      4.997209      0.095366
    660000      5.010527      0.136300
    680000      5.021188      0.197094
    700000      5.055349      0.205245
    720000      5.077211      0.223535
    740000      5.080578      0.248461
    760000      5.098343      0.284633
    780000      5.117231      0.312994
    800000      5.192790      0.304713
    820000      5.227379      0.313830
    840000      5.232809      0.357392
    860000      5.280242      0.375210
    880000      5.302224      0.388893
    900000      5.325888      0.413757
    920000      5.340241      0.444175
    940000      5.361407      0.458352
    960000      5.343106      0.517978
    980000      5.346209      0.563937
   1000000      5.370821      0.587127
   1020000      5.397609      0.610840
   1040000      5.412302      0.641208
   1060000      5.482792      0.633420
   1080000      5.492731      0.666861
   1100000      5.511661      0.691706
   1120000      5.542805      0.713575
   1140000      5.555388      0.764823
   1160000      5.603939      0.772410
   1180000      5.634269      0.785603
   1200000      5.663300      0.808028
   1220000      5.658704      0.868563
   1240000      5.713888      0.858216
   1260000      5.760090      0.844047
   1280000      5.762271      0.909285
   1300000      5.790847      0.916284
   1320000      5.807466      0.946687
   1340000      5.839417      0.957149
   1360000      5.844045      0.997912
   1380000      5.869301      1.023538
   1400000      5.886958      1.041791
   1420000      5.936932      1.030626
   1440000      5.968271      1.053970
   1460000      6.012497      1.030704
   1480000      6.035925      1.054108
   1500000      6.059990      1.059394
   1520000      6.086628      1.029365
   1540000      6.113514      1.035965
   1560000      6.134407      1.000435
   1580000      6.183333      1.032648
   1600000      6.220287      1.059234
   1620000      6.253107      1.002572
   1640000      6.267016      0.891823
   1660000      6.247238      1.286791
   1680000      6.296181      1.264707
   1700000      6.337813      1.239015
   1720000      6.363841      1.289124
   1740000      6.398557      1.292062
   1760000      6.416040      1.325751
   1780000      6.447327      1.333066
   1800000      6.489975      1.289702
   1820000      6.514917      1.291535
   1840000      6.557001      1.193180
   1860000      6.580739      1.177790
   1880000      6.617017      1.185577
   1900000      6.641432      1.160015
   1920000      6.677954      1.159657
   1940000      6.712817      1.188629
   1960000      6.738973      1.222732
   1980000      6.763934      1.247226
   2000000      6.766703      1.297181
   2020000      6.793494      1.303074
   2040000      6.851633      1.246556
   2060000      6.863358      1.287103
   2080000      6.852732      1.379934
   2100000      6.916270      1.340653
   2120000      6.896407      1.419926
   2140000      6.941204      1.433526
   2160000      6.947164      1.466484
   2180000      6.948404      1.502782
   2200000      6.941101      1.560995
   2220000      7.029784      1.517097
   2240000      7.059901      1.524928
   2260000      7.096110      1.532048
   2280000      7.079930      1.594187
   2300000      7.134269      1.606868
   2320000      7.139691      1.644686
   2340000      7.267930      1.580729
   2360000      7.296966      1.605919
   2380000      7.400421      1.497937
   2400000      7.433634      1.494291
   2420000      7.466271      1.485359
   2440000      7.489151      1.520546
   2460000      7.517754      1.551423
   2480000      7.549520      1.542670
   2500000      7.605494      1.518687
   2520000      7.634714      1.488429
   2540000      7.669246      1.518082
   2560000      7.713334      1.516987
   2580000      7.741701      1.503234
   2600000      7.781026      1.528680
   2620000      7.821910      1.499131
   2640000      7.838586      1.474093
   2660000      7.872200      1.438100
   2680000      7.929822      1.529303
   2700000      7.970351      1.524154
   2720000      7.999940      1.556428
   2740000      8.035850      1.449312
   2760000      8.066022      1.449261
   2780000      8.094952      1.445437
   2800000      8.094692      1.353322
   2820000      8.118355      1.319140
   2840000      8.185908      1.378001
   2860000      8.226509      1.395835
   2880000      8.261160      1.410668
   2900000      8.292569      1.381678
   2920000      8.327077      1.351875
   2940000      8.350040      1.326777
   2960000      8.398519      1.429821
   2980000      8.438031      1.421194
   3000000      8.452578      1.505536
   3020000      8.479683      1.506868
   3040000      8.533566      1.503569
   3060000      8.554528      1.530961
   3080000      8.579311      1.537408
   3100000      8.593923      1.562602
   3120000      8.637335      1.561828
   3140000      8.702128      1.548669
   3160000      8.719416      1.581462
   3180000      8.770557      1.541541
   3200000      8.797420      1.565521
   3220000      8.818357      1.601707
   3240000      8.843576      1.627566
   3260000      8.823955      1.741490
   3280000      8.888799      1.705926
   3300000      8.931050      1.682359
   3320000      8.953161      1.707469
   3340000      8.946438      1.785667
   3360000      9.008472      1.757446
   3380000      9.027381      1.808282
   3400000      9.064839      1.777775
   3420000      9.086951      1.828221
   3440000      9.121179      1.854187
   3460000      9.170291      1.809733
   3480000      9.195635      1.844007
   3500000      9.238437      1.837970
   3520000      9.265457      1.872524
   3540000      9.296102      1.885205
   3560000      9.323381      1.872924
   3580000      9.328651      1.934585
   3600000      9.386933      1.871028
   3620000      9.344023      2.023250
   3640000      9.372365      2.031587
   3660000      9.399454      2.046354
   3680000      9.464611      2.006841
   3700000      9.495212      2.026292
   3720000      9.505457      2.057327
   3740000      9.549108      2.040360
   3760000      9.583727      2.058593
   3780000      9.597150      2.072985
   3800000      9.611130      2.106555
   3820000      9.624361      2.137086
   3840000      9.644738      2.164177
   3860000      9.675309      2.179153
   3880000      9.689922      2.204644
   3900000      9.736912      2.200351
   3920000      9.765458      2.189741
   3940000      9.785242      2.222422
   3960000      9.807678      2.253409
   3980000      9.836952      2.281491
   4000000      9.859984      2.293475
   4020000      9.892058      2.300733
   4040000      9.937447      2.272885
   4060000      9.966677      2.258421
   4080000      9.981332      2.284187
   4100000     10.001989      2.302238
   4120000     10.031625      2.317707
   4140000     10.036292      2.385433
   4160000     10.044510      2.404044
   4180000     10.090319      2.418567
   4200000     10.173660      2.337517
   4220000     10.215739      2.334609
   4240000     10.253680      2.369643
   4260000     10.266242      2.388278
   4280000     10.278114      2.457145
   4300000     10.294425      2.469640
   4320000     10.330531      2.479305
   4340000     10.367322      2.480559
   4360000     10.418961      2.418889
   4380000     10.438424      2.459912
   4400000     10.447607      2.511244
   4420000     10.491615      2.509874
   4440000     10.525376      2.501605
   4460000     10.517288      2.606994
   4480000     10.535006      2.638697
   4500000     10.587303      2.619259
   4520000     10.618706      2.587013
   4540000     10.614680      2.697176
   4560000     10.673481      2.633528
   4580000     10.643712      2.767441
   4600000     10.751779      2.628544
   4620000     10.760631      2.712557
   4640000     10.784671      2.729070
   4660000     10.814288      2.744103
   4680000     10.807579      2.812474
   4700000     10.788327      2.856090
   4720000     10.796914      2.867847
   4740000     10.844337      2.890842
   4760000     10.960931      2.792359
   4780000     10.978876      2.833836
   4800000     10.956968      2.893464
   4820000     10.973068      2.928131
   4840000     11.001898      2.943491
   4860000     11.053326      2.947905
   4880000     11.084393      2.950606
   4900000     11.053279      3.016011
   4920000     11.064800      3.044105
   4940000     11.069719      3.088725
   4960000     11.103412      3.091641
   4980000     11.124352      3.123523
   5000000     11.102414      3.168109
   5020000     11.114352      3.188618
   5040000     11.138109      3.221926
   5060000     11.181577      3.225661
   5080000     11.165768      3.264649
   5100000     11.199360      3.280573
   5120000     11.208788      3.315498
   5140000     11.227057      3.339361
   5160000     11.253274      3.362359
   5180000     11.245427      3.394428
   5200000     11.296498      3.423906
   5220000     11.302705      3.445931
   5240000     11.310493      3.471131
   5260000     11.337865      3.477944
   5280000     11.292598      3.528759
   5300000     11.313943      3.566974
   5320000     11.362246      3.580011
   5340000     11.413369      3.598008
   5360000     11.420286      3.624944
   5380000     11.413393      3.666807
   5400000     11.393334      3.715711
   5420000     11.437283      3.717816
   5440000     11.477161      3.718914
   5460000     11.436260      3.798173
   5480000     11.495933      3.799885
   5500000     11.523388      3.805800
   5520000     11.603445      3.788977
   5540000     11.612042      3.821967
   5560000     11.627333      3.867577
   5580000     11.653186      3.873988
   5600000     11.700746      3.855535
   5620000     11.683677      3.936071
   5640000     11.750948      3.888892
   5660000     11.713063      4.041356
   5680000     11.735281      4.062489
   5700000     11.776310      4.065776
   5720000     11.790179      4.091088
   5740000     11.788481      4.149514
   5760000     11.810487      4.172522
   5780000     11.811952      4.207351
   5800000     11.838979      4.242506
   5820000     11.893614      4.222002
   5840000     11.918187      4.247166
   5860000     11.939642      4.289573
   5880000     12.013405      4.243561
   5900000     12.038631      4.268073
   5920000     12.034098      4.322621
   5940000     12.092825      4.326474
   5960000     12.146144      4.314710
   5980000     12.190073      4.317159
   6000000     12.204444      4.331080
   6020000     12.220097      4.361137
   6040000     12.240338      4.393354
   6060000     12.248661      4.431536
   6080000     12.263360      4.452717
   6100000     12.303812      4.476624
   6120000     12.278249      4.513469
   6140000     12.308924      4.539081
   6160000     12.289846      4.582990
   6180000     12.375488      4.578784
   6200000     12.384496      4.602558
   6220000     12.393728      4.644022
   6240000     12.383922      4.672160
   6260000     12.440308      4.683381
   6280000     12.484135      4.693336
   6300000     12.519435      4.733092
   6320000     12.528115      4.770230
   6340000     12.530885      4.798494
   6360000     12.539687      4.824481
   6380000     12.540034      4.855017
   6400000     12.576305      4.872999
   6420000     12.563042      4.934421
   6440000     12.520990      4.983356
   6460000     12.502556      5.016373
   6480000     12.552301      5.041010
   6500000     12.594521      5.047223
   6520000     12.598621      5.082473
   6540000     12.576534      5.120291
   6560000     12.574005      5.150819
   6580000     12.544326      5.169206
   6600000     12.720430      5.170163
   6620000     12.775922      5.163065
   6640000     12.840442      5.159061
   6660000     12.873296      5.170107
   6680000     12.797092      5.264363
   6700000     12.769889      5.321970
   6720000     12.794725      5.342317
   6740000     12.804746      5.376652
   6760000     12.783668      5.393650
   6780000     12.767358      5.407560
   6800000     12.814516      5.465111
   6820000     12.909156      5.456912
   6840000     12.891260      5.507193
   6860000     12.894729      5.535864
   6880000     12.999805      5.539457
   6900000     13.023948      5.563889
   6920000     13.119449      5.536839
   6940000     13.129141      5.560359
   6960000     13.161372      5.570340
   6980000     13.136156      5.630153
   7000000     13.146366      5.658585
   7020000     13.157598      5.685929
   7040000     13.164778      5.716848
   7060000     13.193461      5.741294
   7080000     13.210768      5.759856
   7100000     13.194242      5.820571
   7120000     13.208732      5.844837
   7140000     13.210984      5.887726
   7160000     13.206380      5.919522
   7180000     13.222245      5.938167
   7200000     13.220570      5.968521
   7220000     13.209844      5.997030
   7240000     13.219022      6.042232
   7260000     13.235172      6.079915
   7280000     13.209759      6.121483
   7300000     13.284846      6.129385
   7320000     13.207423      6.180893
   7340000     13.214238      6.200877
   7360000     13.144715      6.222635
   7380000     13.217124      6.261613
   7400000     13.179963      6.299144
   7420000     13.212236      6.332254
   7440000     13.225203      6.355058
   7460000     13.219663      6.384022
   7480000     13.205958      6.417984
   7500000     13.305980      6.454245
   7520000     13.343874      6.465206
   7540000     13.314880      6.531131
   7560000     13.387788      6.515536
   7580000     13.375492      6.568459
   7600000     13.416577      6.586935
   7620000     13.373032      6.649338
   7640000     13.388295      6.671421
   7660000     13.377805      6.707002
   7680000     13.360750      6.735198
   7700000     13.422781      6.740220
   7720000     13.472654      6.748789
   7740000     13.388675      6.833409
   7760000     13.397556      6.868094
   7780000     13.416255      6.900541
   7800000     13.518612      6.897288
   7820000     13.549551      6.916175
   7840000     13.616132      6.916234
   7860000     13.636517      6.934685
   7880000     13.657455      6.958159
   7900000     13.673576      6.991360
   7920000     13.670839      7.033893
   7940000     13.709735      7.029296
   7960000     13.750652      7.022314
   7980000     13.767674      7.050879
   8000000     13.801291      7.050833
   8020000     13.753639      7.124223
   8040000     13.767010      7.154597
   8060000     13.775368      7.173698
   8080000     13.809186      7.191250
   8100000     13.857558      7.196319
   8120000     13.840599      7.249150
   8140000     13.842664      7.290880
   8160000     13.845924      7.326091
   8180000     13.856645      7.355686
   8200000     13.894083      7.370010
   8220000     13.948974      7.377969
   8240000     13.962037      7.408835
   8260000     13.906785      7.476726
   8280000     13.896861      7.521065
   8300000     13.988125      7.522178
   8320000     13.983293      7.568261
   8340000     13.973686      7.618946
   8360000     14.044327      7.581691
   8380000     14.026891      7.649991
   8400000     14.026981      7.685505
   8420000     14.071844      7.676066
   8440000     14.082867      7.713189
   8460000     14.079196      7.746199
   8480000     14.107153      7.753800
   8500000     14.089275      7.805378
   8520000     14.092071      7.857672
   8540000     14.124137      7.883529
   8560000     14.152042      7.894160
   8580000     14.039883      8.006247
   8600000     14.068927      8.020604
   8620000     14.045176      8.063044
   8640000     14.051626      8.092340
   8660000     14.081990      8.103378
   8680000     14.103871      8.108688
   8700000     14.096293      8.167852
   8720000     14.019604      8.240980
   8740000     14.030106      8.270689
   8760000     14.069092      8.284066
   8780000     14.077119      8.319429
   8800000     14.033791      8.359375
   8820000     14.027267      8.400770
   8840000     14.024108      8.424205
   8860000     13.995272      8.451512
   8880000     14.036052      8.481366
   8900000     13.949121      8.528595
   8920000     13.976088      8.562567
   8940000     13.934955      8.595080
   8960000     13.915483      8.627880
   8980000     13.897820      8.653835
   9000000     13.916915      8.678443
   9020000     13.859244      8.696385
   9040000     13.864008      8.732748
   9060000     13.885622      8.772235
   9080000     13.882466      8.811558
   9100000     13.917766      8.848358
   9120000     13.877806      8.875766
   9140000     13.899529      8.913581
   9160000     13.861325      8.951435
   9180000     13.834566      8.981143
   9200000     13.790208      9.010984
   9220000     13.756089      9.025445
   9240000     13.770845      9.066593
   9260000     13.721290      9.100886
   9280000     13.689247      9.123546
   9300000     13.713681      9.167542
   9320000     13.731503      9.205778
   9340000     13.731530      9.231360
   9360000     13.769964      9.256614
   9380000     13.670101      9.275774
   9400000     13.562601      9.252903
   9420000     13.534908      9.289674
   9440000     13.507773      9.307214
   9460000     13.476664      9.330765
   9480000     13.466501      9.364125
   9500000     13.517578      9.432505
   9520000     13.484558      9.449099
   9540000     13.437059      9.450485
   9560000     13.389005      9.449462
   9580000     13.373036      9.463698
   9600000     13.330779      9.455370
   9620000     13.322950      9.489596
   9640000     13.293400      9.514303
   9660000     13.297487      9.581679
   9680000     13.214019      9.563919
   9700000     13.237399      9.645850
   9720000     13.220494      9.664607
   9740000     13.278149      9.730412
   9760000     13.292031      9.768675
   9780000     13.294954      9.796407
   9800000     13.325756      9.836787
   9820000     13.245674      9.853750
   9840000     13.211339      9.865308
   9860000     13.230071      9.920114
   9880000     13.226233      9.949345
   9900000     13.207192      9.973138
   9920000     13.243150     10.013293
   9940000     13.230704     10.036561
   9960000     13.254599     10.077607
   9980000     13.296615     10.097559
  10000000     13.329717     10.125821
