         0      4.000000      0.000000
     20000      4.047572     -0.031689
     40000      4.093621      0.025997
     60000      4.152531     -0.067267
     80000      4.220945     -0.443305
    100000      4.278253     -0.501961
    120000      4.334598     -0.596326
    140000      4.388054     -0.623832
    160000      4.412623     -0.723607
    180000      4.395385     -0.761479
    200000      4.576503     -0.520328
    220000      4.639929     -0.649665
    240000      4.733487     -0.569109
    260000      4.773997     -0.610186
    280000      4.797173     -0.864923
    300000      4.881137     -0.837564
    320000      4.858550     -0.994100
    340000      4.911174     -1.000137
    360000      5.026985     -0.895199
    380000      5.025991     -1.048397
    400000      5.090937     -1.057602
    420000      5.169176     -1.060975
    440000      5.157395     -1.242641
    460000      5.263506     -1.158542
    480000      5.304532     -1.191523
    500000      5.391564     -1.157549
    520000      5.432884     -1.208895
    540000      5.557642     -1.093766
    560000      5.608574     -1.114122
    580000      5.674082     -1.128745
    600000      5.731747     -1.137836
    620000      5.795107     -1.125498
    640000      5.877684     -1.016924
    660000      5.924499     -0.991449
    680000      5.972536     -1.247511
    700000      6.036521     -1.227569
    720000      6.128539     -1.194798
    740000      6.148518     -1.342152
    760000      6.281915     -1.169528
    780000      6.345602     -1.178669
    800000      6.416831     -1.082767
    820000      6.483116     -1.114174
    840000      6.546845     -1.112701
    860000      6.591906     -1.094871
    880000      6.589807     -0.852741
    900000      6.731683     -0.963652
    920000      6.791582     -0.984764
    940000      6.866305     -1.002183
    960000      6.876932     -0.839707
    980000      6.975062     -1.149885
   1000000      6.987692     -1.428300
   1020000      6.944234     -1.610172
   1040000      7.092833     -1.590773
   1060000      7.001199     -1.832145
   1080000      7.194610     -1.666748
   1100000      7.314210     -1.543747
   1120000      7.336765     -1.690107
   1140000      7.436604     -1.609006
   1160000      7.515419     -1.548545
   1180000      7.554092     -1.683396
   1200000      7.582875     -1.774243
   1220000      7.627651     -1.842860
   1240000      7.688264     -1.852342
   1260000      7.747078     -1.891043
   1280000      7.790301     -1.915450
   1300000      7.829751     -1.937392
   1320000      7.914870     -1.912950
   1340000      8.055050     -1.749538
   1360000      8.168227     -1.548934
   1380000      8.169380     -1.293710
   1400000      7.949821     -1.480398
   1420000      8.075898     -1.664513
   1440000      8.085921     -2.013330
   1460000      8.166846     -1.956596
   1480000      8.256246     -1.866195
   1500000      8.304132     -2.021006
   1520000      8.304515     -2.130832
   1540000      8.397464     -2.112402
   1560000      8.490783     -2.057530
   1580000      8.549055     -2.057579
   1600000      8.612950     -1.885479
   1620000      8.683297     -2.030663
   1640000      8.705114     -2.077702
   1660000      8.743326     -2.265855
   1680000      8.838156     -2.183194
   1700000      8.883382     -2.203213
   1720000      8.867203     -2.492050
   1740000      8.889568     -2.595334
   1760000      8.907602     -2.663381
   1780000      9.014094     -2.633150
   1800000      9.119802     -2.519737
   1820000      9.175098     -2.505568
   1840000      9.204226     -2.620642
   1860000      9.260988     -2.647606
   1880000      9.230715     -2.871257
   1900000      9.257295     -2.971289
   1920000      9.286011     -3.011612
   1940000      9.304000     -3.066631
   1960000      9.102261     -3.432564
   1980000      9.080274     -3.545835
   2000000      9.140097     -3.584565
   2020000      9.071376     -3.705286
   2040000      9.092274     -3.760143
   2060000      9.146693     -3.823789
   2080000      9.403443     -3.679657
   2100000      9.213385     -3.887577
   2120000      9.136049     -3.960575
   2140000      9.289600     -3.971312
   2160000      9.371232     -4.044363
   2180000      9.294457     -4.093657
   2200000      9.593200     -3.998543
   2220000      9.763678     -3.878075
   2240000      9.935106     -3.710064
   2260000      9.916457     -3.963944
   2280000      9.502580     -4.349301
   2300000      9.807650     -4.230095
   2320000     10.031119     -4.183208
   2340000     10.073188     -4.234522
   2360000     10.340585     -3.778695
   2380000     10.450006     -3.820473
   2400000     10.325113     -3.998980
   2420000      9.894387     -4.454256
   2440000     10.061415     -4.628025
   2460000     10.192080     -4.546982
   2480000     10.392874     -4.299997
   2500000     10.357404     -4.458592
   2520000     10.209138     -4.740070
   2540000     10.271325     -4.791563
   2560000     10.251766     -4.861612
   2580000     10.105117     -5.090143
   2600000     10.213223     -5.238162
   2620000     10.257508     -5.268813
   2640000     10.167329     -5.397235
   2660000     10.153123     -5.461334
   2680000     10.126889     -5.521567
   2700000     10.163941     -5.587110
   2720000     10.158432     -5.642761
   2740000     10.374745     -5.619950
   2760000     10.186581     -5.736918
   2780000      9.975739     -5.795809
   2800000     10.163752     -5.740026
   2820000     10.291884     -5.776283
   2840000     10.273570     -5.850318
   2860000     10.473449     -5.887898
   2880000     10.177431     -5.807512
   2900000     10.173368     -5.588601
   2920000     10.116298     -5.570775
   2940000     10.016894     -5.417855
   2960000      9.844785     -5.556066
   2980000     10.247309     -5.470175
   3000000      9.434538     -5.380493
   3020000      9.190194     -5.220636
   3040000      9.523216     -5.183308
   3060000      9.470500     -4.891522
   3080000      9.704009     -5.044910
   3100000      9.452846     -4.845723
   3120000      9.421890     -5.217674
   3140000      9.346178     -5.311527
   3160000      9.232008     -5.287651
   3180000      9.041755     -5.413548
   3200000      8.847337     -5.371959
   3220000      8.782483     -5.437675
   3240000      8.573916     -5.459960
   3260000      8.750853     -5.511331
   3280000      8.711212     -5.172926
   3300000      8.609861     -5.056279
   3320000      8.821354     -5.250843
   3340000      8.843633     -5.135156
   3360000      8.712846     -4.872498
   3380000      8.725053     -4.868760
   3400000      8.805222     -4.935315
   3420000      8.962484     -5.083002
   3440000      8.723149     -4.947283
   3460000      8.670474     -4.974921
   3480000      8.914502     -4.922102
   3500000      8.694238     -4.715538
   3520000      8.839324     -4.867340
   3540000      9.223528     -4.997541
   3560000      9.434966     -4.894141
   3580000      9.587838     -4.881490
   3600000      9.626214     -4.893326
   3620000      9.928166     -4.869273
   3640000     10.102772     -4.686354
   3660000     10.505575     -4.543734
   3680000     10.639903     -4.379179
   3700000     10.986657     -4.384312
   3720000     11.019612     -4.281541
   3740000     11.257681     -4.193755
   3760000     11.126812     -4.100470
   3780000     10.773581     -4.381839
   3800000     10.617330     -4.397100
   3820000     10.417377     -4.317001
   3840000     10.170102     -4.403695
   3860000     10.177696     -4.072181
   3880000      9.977101     -3.964030
   3900000     10.213737     -4.091604
   3920000     10.165722     -4.435713
   3940000     10.284853     -4.518117
   3960000     10.353375     -4.392019
   3980000     10.396637     -4.173579
   4000000     10.481557     -4.361087
   4020000     10.508168     -4.351897
   4040000     10.808483     -4.121911
   4060000     10.869096     -4.422313
   4080000     10.617028     -4.729619
   4100000     10.751750     -4.753283
   4120000     10.623228     -4.716598
   4140000     10.591635     -4.606570
   4160000     10.778401     -4.335863
   4180000     10.703828     -4.218376
   4200000     10.910177     -4.081920
   4220000     10.658181     -4.371927
   4240000     10.429773     -4.543970
   4260000     10.232827     -4.579763
   4280000     10.088269     -4.585562
   4300000     10.085211     -4.569518
   4320000      9.993490     -4.653827
   4340000      9.938938     -4.756793
   4360000     10.075916     -4.447920
   4380000     10.025265     -4.413077
   4400000     10.119882     -4.482783
   4420000     10.000287     -4.322645
   4440000     10.024768     -4.306672
   4460000     10.083064     -4.316722
   4480000     10.139178     -4.257973
   4500000     10.368171     -4.150013
   4520000     10.346267     -4.221331
   4540000     10.239818     -4.348365
   4560000     10.464463     -4.260028
   4580000     10.594631     -3.918340
   4600000     10.706000     -3.842193
   4620000     10.716097     -3.966430
   4640000     10.478843     -3.870752
   4660000     10.572786     -3.708560
   4680000     10.627530     -3.510099
   4700000     10.511471     -3.574754
   4720000     10.342893     -3.195588
   4740000     10.198201     -3.172947
   4760000     10.076631     -3.212461
   4780000     10.060548     -3.171886
   4800000     10.283250     -3.219528
   4820000     10.367012     -2.919048
   4840000     10.211867     -2.803545
   4860000     10.074281     -2.955772
   4880000     10.082017     -3.008631
   4900000      9.996596     -2.742593
   4920000      9.958303     -2.682663
   4940000      9.990523     -2.503280
   4960000     10.128412     -2.572486
   4980000      9.473918     -2.510170
   5000000      9.971942     -2.672388
   5020000      9.934713     -2.446915
   5040000      9.858234     -2.391003
   5060000      9.990383     -1.939899
   5080000     10.323781     -2.531377
   5100000     10.401834     -2.825628
   5120000      9.810660     -2.879501
   5140000      9.939358     -2.567168
   5160000      9.936900     -2.608094
   5180000      9.893028     -2.502212
   5200000     10.012636     -2.577038
   5220000     10.099048     -2.337312
   5240000     10.028439     -2.083416
   5260000     10.179700     -2.227932
   5280000     10.294635     -2.025966
   5300000     10.047385     -2.274782
   5320000      9.790287     -2.258405
   5340000      9.889671     -1.892264
   5360000     10.005007     -1.988008
   5380000     10.091699     -1.853965
   5400000     10.158318     -1.464639
   5420000     10.609232     -1.643945
   5440000     10.662627     -1.317990
   5460000     10.764413     -1.206719
   5480000     10.867808     -1.037718
   5500000     10.895892     -0.645531
   5520000     10.728365     -0.779075
   5540000     11.114563     -0.800693
   5560000     10.970854     -0.706894
   5580000     10.742353     -0.684864
   5600000     10.587754     -0.415882
   5620000      9.861570     -0.364477
   5640000     10.069928     -0.311116
   5660000     10.344286     -0.196531
   5680000     10.570607     -0.451800
   5700000     10.171447     -0.404010
   5720000      9.968262     -0.590009
   5740000      9.872212     -0.567811
   5760000      9.638540     -0.551284
   5780000      9.422752     -0.570579
   5800000      9.379524     -0.913267
   5820000      9.278730     -0.392624
   5840000      9.094212     -0.605135
   5860000      9.418863     -0.618454
   5880000      9.299794     -0.475232
   5900000      9.101191     -0.299017
   5920000      9.000458     -0.218095
   5940000      9.075075     -0.246976
   5960000      8.824764     -0.457156
   5980000      8.577031     -0.483139
   6000000      8.835972     -0.450324
