         0      4.000000      0.000000
     20000      4.060508     -0.075464
     40000      4.115419     -0.061306
     60000      4.189343     -0.104551
     80000      4.239111     -0.178756
    100000      4.339007      0.008689
    120000      4.415106      0.044549
    140000      4.448855      0.299697
    160000      4.515099      0.260303
    180000      4.578820      0.263382
    200000      4.656751      0.251505
    220000      4.705518      0.297686
    240000      4.779707      0.309089
    260000      4.829907      0.330876
    280000      4.867072      0.415772
    300000      4.840831      0.545363
    320000      5.042960      0.257547
    340000      5.150246      0.259883
    360000      5.206149      0.269677
    380000      5.250922      0.407300
    400000      5.300945      0.484214
    420000      5.397644      0.432449
    440000      5.476259      0.386305
    460000      5.564597      0.273001
    480000      5.627859      0.296295
    500000      5.604773      0.688165
    520000      5.572192      0.838111
    540000      5.727569      0.753520
    560000      5.746600      0.847744
    580000      5.880227      0.769493
    600000      5.929990      0.786943
    620000      6.002019      0.792899
    640000      6.097364      0.723974
    660000      6.168274      0.627728
    680000      6.173825      0.306890
    700000      6.305843      0.515570
    720000      6.375409      0.609283
    740000      6.442690      0.632845
    760000      6.497818      0.638259
    780000      6.535756      0.466798
    800000      6.629542      0.455377
    820000      6.656611      0.343913
    840000      6.741868      0.441259
    860000      6.872913      0.658575
    880000      6.942327      0.478268
    900000      7.023940      0.484493
    920000      7.020623      0.294417
    940000      7.059281      0.242187
    960000      7.101224      0.154087
    980000      7.183183      0.181109
   1000000      7.243954      0.143944
   1020000      7.352764      0.237131
   1040000      7.414411      0.184264
   1060000      7.467304      0.141909
   1080000      7.527567      0.162365
   1100000      7.646825      0.387017
   1120000      7.679661      0.099389
   1140000      7.727258      0.030450
   1160000      7.737812     -0.078643
   1180000      7.863045      0.031257
   1200000      7.919911     -0.005659
   1220000      7.955543     -0.092226
   1240000      8.078492      0.041907
   1260000      8.191797      0.040513
   1280000      8.222568     -0.032144
   1300000      8.337281      0.206528
   1320000      8.409488      0.179938
   1340000      8.466108      0.260633
   1360000      8.555411      0.235567
   1380000      8.632561      0.266497
   1400000      8.694401      0.228413
   1420000      8.770069      0.188301
   1440000      8.839141      0.123443
   1460000      8.887470      0.099273
   1480000      8.907629      0.010664
   1500000      9.042371      0.228765
   1520000      9.079590      0.270757
   1540000      9.149762      0.341824
   1560000      9.211280      0.346054
   1580000      9.255597      0.376098
   1600000      9.373658      0.096927
   1620000      9.429002      0.167043
   1640000      9.471722     -0.028682
   1660000      9.499631     -0.098499
   1680000      9.630877      0.238602
   1700000      9.671378      0.347631
   1720000      9.754300      0.291210
   1740000      9.811267      0.374846
   1760000      9.885274      0.322387
   1780000      9.952912      0.405265
   1800000      9.884676      0.669150
   1820000     10.074499      0.458582
   1840000     10.116853      0.520674
   1860000     10.214978      0.476043
   1880000     10.252995      0.616771
   1900000     10.341462      0.552510
   1920000     10.381627      0.641270
   1940000     10.456322      0.580997
   1960000     10.546818      0.538262
   1980000     10.605735      0.563636
   2000000     10.690300      0.565731
   2020000     10.704362      0.746357
   2040000     10.809700      0.649847
   2060000     10.889649      0.619310
   2080000     10.948435      0.666237
   2100000     11.000374      0.703075
   2120000     11.093014      0.631971
   2140000     11.174077      0.572215
   2160000     11.247976      0.536322
   2180000     11.288331      0.403007
   2200000     11.252804      0.217371
   2220000     11.264224      0.158772
   2240000     11.238630      0.068100
   2260000     11.443558      0.122871
   2280000     11.514557      0.116293
   2300000     11.548608      0.044781
   2320000     11.661510      0.083969
   2340000     11.658648     -0.002343
   2360000     11.797921      0.109360
   2380000     11.841421      0.012779
   2400000     11.900179      0.040647
   2420000     11.949347     -0.013221
   2440000     11.949821     -0.176611
   2460000     12.038673     -0.136244
   2480000     12.071881     -0.171548
   2500000     12.114430     -0.260748
   2520000     12.187012     -0.231763
   2540000     12.211415     -0.330579
   2560000     12.274666     -0.374810
   2580000     12.325075     -0.413720
   2600000     12.247020     -0.640732
   2620000     12.304627     -0.684248
   2640000     12.435122     -0.600001
   2660000     12.427115     -0.723065
   2680000     12.433348     -0.836815
   2700000     12.531620     -0.820659
   2720000     12.618810     -0.803767
   2740000     12.650924     -0.877272
   2760000     12.529907     -1.122544
   2780000     12.714224     -1.010043
   2800000     12.731347     -1.131582
   2820000     12.785449     -1.180192
   2840000     12.924545     -1.049427
   2860000     12.948187     -1.167335
   2880000     13.072717     -1.089317
   2900000     13.058839     -1.203103
   2920000     13.201490     -1.170879
   2940000     13.224895     -1.251082
   2960000     13.244117     -1.327817
   2980000     13.421649     -1.126575
   3000000     13.487375     -1.102194
   3020000     13.530951     -1.194643
   3040000     13.598627     -1.188352
   3060000     13.616455     -1.245573
   3080000     13.711479     -1.179576
   3100000     13.730816     -1.315746
   3120000     13.792570     -1.307566
   3140000     13.885800     -1.210612
   3160000     13.933568     -1.175800
   3180000     13.942628     -1.354854
   3200000     14.126503     -1.249938
   3220000     14.176088     -1.334754
   3240000     14.246216     -1.340507
   3260000     14.292223     -1.376026
   3280000     14.417609     -1.144173
   3300000     14.478401     -1.147355
   3320000     14.556141     -1.226928
   3340000     14.636498     -1.088743
   3360000     14.717389     -1.106846
   3380000     14.772963     -1.155268
   3400000     14.803135     -1.450170
   3420000     14.883796     -1.285994
   3440000     14.920265     -1.459036
   3460000     14.965883     -1.527733
   3480000     15.021592     -1.549950
   3500000     15.091084     -1.561720
   3520000     15.179593     -1.488028
   3540000     15.221818     -1.376159
   3560000     15.303781     -1.406104
   3580000     15.363128     -1.363732
   3600000     15.423455     -1.320338
   3620000     15.477781     -1.265857
   3640000     15.538885     -1.285580
   3660000     15.603114     -1.296272
   3680000     15.598720     -1.197065
   3700000     15.773867     -1.425510
   3720000     15.826894     -1.411189
   3740000     15.890515     -1.426970
   3760000     15.890449     -1.230656
   3780000     15.956501     -1.188522
   3800000     16.028303     -1.195189
   3820000     16.155170     -1.325648
   3840000     16.230087     -1.284339
   3860000     16.310985     -1.335639
   3880000     16.365947     -1.415846
   3900000     16.424481     -1.383613
   3920000     16.460103     -1.176648
   3940000     16.504353     -1.146606
   3960000     16.570973     -1.051048
   3980000     16.605110     -0.975083
   4000000     16.649516     -0.908257
   4020000     16.728488     -0.881780
   4040000     16.697955     -0.723601
   4060000     16.746846     -0.668248
   4080000     16.912477     -0.829299
   4100000     16.978330     -0.855790
   4120000     17.038969     -0.803041
   4140000     17.108557     -0.793096
   4160000     17.169947     -0.829511
   4180000     17.220340     -0.853583
   4200000     17.280343     -0.842122
   4220000     17.356246     -0.805255
   4240000     17.410914     -0.851705
   4260000     17.483551     -0.830361
   4280000     17.527477     -0.762191
   4300000     17.612948     -0.719820
   4320000     17.691923     -0.681520
   4340000     17.767733     -0.662457
   4360000     17.846487     -0.691929
   4380000     17.902197     -0.599058
   4400000     17.962502     -0.633102
   4420000     18.023589     -0.583455
   4440000     18.070973     -0.529859
   4460000     18.160934     -0.602927
   4480000     18.210661     -0.639794
   4500000     18.292911     -0.693225
   4520000     18.372648     -0.729835
   4540000     18.432047     -0.666634
   4560000     18.488401     -0.704038
   4580000     18.530433     -0.639285
   4600000     18.618826     -0.759462
   4620000     18.691417     -0.685850
   4640000     18.762992     -0.695676
   4660000     18.815419     -0.755324
   4680000     18.879729     -0.710881
   4700000     18.947403     -0.616130
   4720000     19.004175     -0.588244
   4740000     19.086445     -0.585652
   4760000     19.150113     -0.581687
   4780000     19.187945     -0.531671
   4800000     19.233619     -0.494444
   4820000     19.285494     -0.436126
   4840000     19.424282     -0.617454
   4860000     19.494931     -0.707465
   4880000     19.569817     -0.667364
   4900000     19.629403     -0.688432
   4920000     19.695868     -0.701793
   4940000     19.771624     -0.796406
   4960000     19.795441     -0.946569
   4980000     19.885059     -0.900405
   5000000     19.952195     -0.678668
   5020000     20.007703     -0.672245
   5040000     20.057659     -0.918835
   5060000     20.109375     -0.944427
   5080000     20.208566     -0.913749
   5100000     20.295876     -0.891380
   5120000     20.356619     -0.743966
   5140000     20.432401     -0.794409
   5160000     20.494658     -0.751145
   5180000     20.549442     -0.708057
   5200000     20.592724     -0.570178
   5220000     20.638887     -0.584720
   5240000     20.674182     -0.476790
   5260000     20.713872     -0.425056
   5280000     20.762060     -0.332425
   5300000     20.798116     -0.296678
   5320000     20.735012     -0.202439
   5340000     20.840444     -0.191217
   5360000     20.933816     -0.157951
   5380000     21.133482     -0.277697
   5400000     21.218298     -0.354145
   5420000     21.186452     -0.065805
   5440000     21.275719     -0.089500
   5460000     21.350694     -0.061947
   5480000     21.438667     -0.119994
   5500000     21.497779     -0.083758
   5520000     21.531750      0.000618
   5540000     21.557318      0.062420
   5560000     21.728366     -0.287961
   5580000     21.785377     -0.343727
   5600000     21.842892     -0.169223
   5620000     21.888725     -0.129404
   5640000     21.942886     -0.008947
   5660000     22.005819     -0.202864
   5680000     22.064813     -0.211524
   5700000     22.147812     -0.201775
   5720000     22.215421     -0.244464
   5740000     22.297317     -0.048150
   5760000     22.362060     -0.053304
   5780000     22.428904     -0.091210
   5800000     22.494787     -0.082379
   5820000     22.537266     -0.056729
   5840000     22.573024      0.017684
   5860000     22.607689      0.105937
   5880000     22.754078     -0.014745
   5900000     22.826438     -0.066843
   5920000     22.881829     -0.019048
   5940000     22.947976     -0.061416
   5960000     23.007102     -0.080726
   5980000     23.090506     -0.265755
   6000000     23.157760     -0.153912
