         0      4.000000      0.000000
     20000      4.044338     -0.074353
     40000      4.091692     -0.140004
     60000      4.165312     -0.078476
     80000      4.187197     -0.178482
    100000      4.296680     -0.119196
    120000      4.358393     -0.130794
    140000      4.397047     -0.226769
    160000      4.447382     -0.295967
    180000      4.564927     -0.275947
    200000      4.675320     -0.206650
    220000      4.697814     -0.304429
    240000      4.664806     -0.439566
    260000      4.720769     -0.483794
    280000      4.866464     -0.435176
    300000      4.883661     -0.516389
    320000      4.839594     -0.639698
    340000      4.818075     -0.708918
    360000      4.942425     -0.740206
    380000      4.916071     -0.826151
    400000      5.047446     -0.808415
    420000      4.824872     -1.038830
    440000      4.896827     -1.080189
    460000      4.970724     -1.123456
    480000      5.155787     -1.062136
    500000      5.230498     -1.060435
    520000      5.282324     -1.118439
    540000      5.307215     -1.211552
    560000      5.425623     -1.203583
    580000      5.474439     -1.230915
    600000      5.591834     -1.181742
    620000      5.607834     -1.286937
    640000      5.692603     -1.257193
    660000      5.761316     -1.308095
    680000      5.788531     -1.412052
    700000      5.887039     -1.397665
    720000      6.010520     -1.318860
    740000      6.046134     -1.367061
    760000      6.133512     -1.376305
    780000      6.189854     -1.449083
    800000      6.253003     -1.462686
    820000      6.292301     -1.593434
    840000      6.451047     -1.332464
    860000      6.509678     -1.262564
    880000      6.547082     -1.528589
    900000      6.609334     -1.605095
    920000      6.648700     -1.683644
    940000      6.659649     -1.768052
    960000      6.712739     -1.829020
    980000      6.765987     -1.881467
   1000000      6.874670     -1.836038
   1020000      6.952812     -1.880658
   1040000      7.025139     -1.882950
   1060000      7.158118     -1.774737
   1080000      7.265734     -1.617165
   1100000      7.328481     -1.670004
   1120000      7.378463     -1.744000
   1140000      7.471478     -1.648281
   1160000      7.551248     -1.484831
   1180000      7.592253     -1.719379
   1200000      7.709439     -1.559672
   1220000      7.776696     -1.480001
   1240000      7.805915     -1.402188
   1260000      7.880830     -1.389313
   1280000      7.919885     -1.395140
   1300000      8.001508     -1.503086
   1320000      8.036607     -1.700165
   1340000      8.085438     -1.930997
   1360000      8.148170     -2.056817
   1380000      8.206552     -2.063584
   1400000      8.252684     -2.039186
   1420000      8.227617     -2.321135
   1440000      8.285565     -2.354624
   1460000      8.386855     -2.331617
   1480000      8.336467     -2.528349
   1500000      8.327814     -2.601303
   1520000      8.404329     -2.634099
   1540000      8.446565     -2.691769
   1560000      8.407607     -2.783509
   1580000      8.372602     -2.810097
   1600000      8.627785     -2.796690
   1620000      8.722198     -2.819689
   1640000      8.842489     -2.791375
   1660000      8.810489     -2.912235
   1680000      8.949631     -2.927831
   1700000      8.986512     -2.965625
   1720000      9.175801     -2.836919
   1740000      9.246735     -2.827359
   1760000      9.331725     -2.763449
   1780000      9.290488     -3.005540
   1800000      9.313275     -3.087477
   1820000      9.405922     -3.070006
   1840000      9.458441     -3.144335
   1860000      9.527508     -3.139226
   1880000      9.478322     -3.351575
   1900000      9.403389     -3.471269
   1920000      9.614684     -3.379659
   1940000      9.630757     -3.469911
   1960000      9.631521     -3.537197
   1980000      9.714821     -3.545122
   2000000      9.838872     -3.501887
   2020000      9.886937     -3.517305
   2040000      9.935829     -3.587195
   2060000     10.043047     -3.531039
   2080000     10.156812     -3.460588
   2100000     10.217858     -3.434041
   2120000     10.207322     -3.713786
   2140000     10.239533     -3.772136
   2160000     10.316876     -3.779113
   2180000     10.354036     -3.853019
   2200000     10.202782     -4.072795
   2220000     10.391448     -4.013179
   2240000     10.516744     -3.973779
   2260000     10.491200     -4.126332
   2280000     10.618181     -4.092519
   2300000     10.706908     -4.054730
   2320000     10.703287     -4.138884
   2340000     10.920724     -3.866698
   2360000     10.988494     -3.903902
   2380000     11.027702     -3.941458
   2400000     11.105345     -3.937014
   2420000     11.152586     -4.059376
   2440000     11.215947     -4.078214
   2460000     11.308194     -3.994020
   2480000     11.374396     -4.019752
   2500000     11.460503     -3.969102
   2520000     11.536042     -3.961033
   2540000     11.591749     -3.969660
   2560000     11.644937     -3.889272
   2580000     11.713541     -3.918103
   2600000     11.793359     -3.934311
   2620000     11.866125     -3.974127
   2640000     11.950906     -4.095475
   2660000     12.024401     -4.024734
   2680000     12.094862     -4.036799
   2700000     12.138139     -3.973180
   2720000     12.205398     -4.025370
   2740000     12.274313     -4.129513
   2760000     12.331890     -4.181860
   2780000     12.380914     -4.315870
   2800000     12.399478     -4.441830
   2820000     12.447472     -4.520321
   2840000     12.512390     -4.504593
   2860000     12.556043     -4.558439
   2880000     12.645788     -4.558570
   2900000     12.730922     -4.515246
   2920000     12.816195     -4.394832
   2940000     12.849690     -4.503244
   2960000     12.886779     -4.540621
   2980000     12.859365     -4.683191
   3000000     12.961163     -4.661194
   3020000     13.033420     -4.687372
   3040000     13.137379     -4.625518
   3060000     13.220472     -4.608765
   3080000     13.301652     -4.638036
   3100000     13.368002     -4.608559
   3120000     13.479466     -4.433008
   3140000     13.552775     -4.556048
   3160000     13.607348     -4.612210
   3180000     13.663872     -4.599177
   3200000     13.714468     -4.689931
   3220000     13.738017     -4.763333
   3240000     13.858353     -4.655723
   3260000     13.918922     -4.655006
   3280000     13.942827     -4.782861
   3300000     14.054328     -4.605430
   3320000     14.093570     -4.527426
   3340000     14.130784     -4.464591
   3360000     14.226524     -4.735807
   3380000     14.248577     -4.833898
   3400000     14.358684     -4.775659
   3420000     14.377070     -4.877007
   3440000     14.421614     -4.908048
   3460000     14.579772     -4.639013
   3480000     14.575689     -4.907399
   3500000     14.682632     -4.723169
   3520000     14.764318     -4.494274
   3540000     14.830813     -4.527187
   3560000     14.889312     -4.649785
   3580000     14.960781     -4.693879
   3600000     15.025724     -4.683646
   3620000     15.096347     -4.521997
   3640000     15.100596     -4.280655
   3660000     15.150639     -4.207792
   3680000     15.194634     -4.154371
   3700000     15.234748     -4.093581
   3720000     15.266823     -4.020934
   3740000     15.332509     -3.953931
   3760000     15.177415     -3.698396
   3780000     15.242202     -3.671791
   3800000     15.231345     -3.590895
   3820000     15.186670     -3.513131
   3840000     15.308708     -3.497310
   3860000     15.348392     -3.448364
   3880000     15.147882     -3.354290
   3900000     15.160160     -3.260905
   3920000     15.289699     -3.196936
   3940000     15.304306     -3.147095
   3960000     15.233076     -3.071503
   3980000     15.325980     -3.015053
   4000000     15.323341     -2.952275
   4020000     15.215219     -2.880034
   4040000     15.140825     -2.832345
   4060000     15.054069     -2.787574
   4080000     15.025312     -2.741789
   4100000     15.165342     -2.616454
   4120000     14.965866     -2.624414
   4140000     15.032703     -2.515924
   4160000     14.731789     -2.497595
   4180000     14.662875     -2.477645
   4200000     14.733706     -2.369281
   4220000     14.580876     -2.388986
   4240000     14.700987     -2.276071
   4260000     14.356321     -2.421161
   4280000     14.418026     -2.229492
   4300000     14.505718     -2.131692
   4320000     14.190072     -2.232800
   4340000     14.113378     -2.214059
   4360000     14.065000     -2.170528
   4380000     14.038371     -2.149126
   4400000     13.975162     -2.128352
   4420000     13.991774     -1.981951
   4440000     14.068544     -1.835698
   4460000     13.987981     -1.813350
   4480000     13.879318     -1.793252
   4500000     13.804939     -1.785309
   4520000     13.851591     -1.633037
   4540000     13.827800     -1.569966
   4560000     13.928328     -1.457376
   4580000     13.645947     -1.486551
   4600000     13.593735     -1.429822
   4620000     13.772324     -1.263451
   4640000     13.636545     -1.247608
   4660000     13.709752     -1.187017
   4680000     13.639725     -1.136927
   4700000     13.569242     -1.081432
   4720000     13.456585     -1.041233
   4740000     13.493845     -0.928158
   4760000     13.547810     -0.847495
   4780000     13.371204     -0.811357
   4800000     13.475593     -0.701606
   4820000     13.469359     -0.654395
   4840000     13.496787     -0.565840
   4860000     13.591762     -0.505533
   4880000     13.491689     -0.425090
   4900000     13.482578     -0.361795
   4920000     13.501093     -0.311580
   4940000     13.629900     -0.251574
   4960000     13.669587     -0.191733
   4980000     13.850357     -0.194903
   5000000     13.792259     -0.091866
   5020000     13.934868     -0.073031
   5040000     13.981504     -0.040932
   5060000     14.031717     -0.013627
   5080000     14.053504      0.051778
   5100000     13.923978      0.200909
   5120000     14.029632      0.237974
   5140000     14.179143      0.213650
   5160000     14.200684      0.292970
   5180000     14.288606      0.305136
   5200000     14.373877      0.334569
   5220000     14.416631      0.374089
   5240000     14.327869      0.579408
   5260000     14.407540      0.605350
   5280000     14.468437      0.645102
   5300000     14.548441      0.625176
   5320000     14.578844      0.678905
   5340000     14.604126      0.761916
   5360000     14.660082      0.802148
   5380000     14.720711      0.797656
   5400000     14.781794      0.881804
   5420000     14.788294      0.993811
   5440000     14.787639      1.063478
   5460000     14.843916      1.119958
   5480000     14.924114      1.136574
   5500000     14.947377      1.181887
   5520000     15.043572      1.127881
   5540000     15.108939      1.155385
   5560000     15.131560      1.220685
   5580000     15.154416      1.298224
   5600000     15.270036      1.213162
   5620000     15.308957      1.293820
   5640000     15.320535      1.383760
   5660000     15.355285      1.449158
   5680000     15.447990      1.449390
   5700000     15.432365      1.567656
   5720000     15.456930      1.639628
   5740000     15.562349      1.581517
   5760000     15.641225      1.588033
   5780000     15.751595      1.537503
   5800000     15.783665      1.609234
   5820000     15.826243      1.622931
   5840000     15.851262      1.703530
   5860000     15.967039      1.641028
   5880000     16.066250      1.587599
   5900000     16.163072      1.456070
   5920000     16.204552      1.493081
   5940000     16.281659      1.315509
   5960000     16.331219      1.237727
   5980000     16.423545      1.423629
   6000000     16.496952      1.403891
