         0      4.000000      0.000000
     20000      4.002892     -0.109051
     40000      3.999867     -0.140310
     60000      4.020291     -0.166102
     80000      4.016429     -0.188536
    100000      4.104890     -0.127965
    120000      4.172905     -0.105713
    140000      4.187256     -0.174316
    160000      4.216761     -0.199556
    180000      4.260851     -0.164701
    200000      4.297176     -0.181287
    220000      4.311378     -0.209137
    240000      4.358257     -0.131058
    260000      4.392230     -0.070761
    280000      4.416560     -0.076915
    300000      4.458186     -0.029688
    320000      4.465528      0.009084
    340000      4.499140      0.007849
    360000      4.554628     -0.041037
    380000      4.602746     -0.109301
    400000      4.639671     -0.130641
    420000      4.658334     -0.086016
    440000      4.700489     -0.082278
    460000      4.738894     -0.128009
    480000      4.774923     -0.172864
    500000      4.796904     -0.240637
    520000      4.835803     -0.195657
    540000      4.854469     -0.144991
    560000      4.900124     -0.241889
    580000      4.931729     -0.251317
    600000      4.957480     -0.285899
    620000      4.973967     -0.319583
    640000      4.990103     -0.344274
    660000      4.987975     -0.353998
    680000      5.003846     -0.363567
    700000      5.029977     -0.383159
    720000      5.163603     -0.096515
    740000      5.185506     -0.139443
    760000      5.207736     -0.159220
    780000      5.265926     -0.142883
    800000      5.279692     -0.061266
    820000      5.288141     -0.000672
    840000      5.301750      0.029954
    860000      5.403408     -0.052429
    880000      5.422002     -0.005427
    900000      5.436999      0.002055
    920000      5.471296      0.005583
    940000      5.508608      0.017578
    960000      5.521183      0.055542
    980000      5.520201      0.122025
   1000000      5.556688      0.136665
   1020000      5.561324      0.182492
   1040000      5.571147      0.227673
   1060000      5.602281      0.234379
   1080000      5.608039      0.276151
   1100000      5.646139      0.275236
   1120000      5.696594      0.281900
   1140000      5.725539      0.287988
   1160000      5.760079      0.280313
   1180000      5.800430      0.293238
   1200000      5.834531      0.336913
   1220000      5.836811      0.375400
   1240000      5.859778      0.411238
   1260000      5.909262      0.373816
   1280000      5.941174      0.373153
   1300000      5.900331      0.524259
   1320000      5.957440      0.510895
   1340000      5.945050      0.564714
   1360000      6.027703      0.539051
   1380000      6.061509      0.559471
   1400000      6.064624      0.612281
   1420000      6.004951      0.708819
   1440000      6.039856      0.726661
   1460000      6.061845      0.748756
   1480000      6.068299      0.784204
   1500000      6.084109      0.815202
   1520000      6.092759      0.836086
   1540000      6.110016      0.862564
   1560000      6.197767      0.828356
   1580000      6.214400      0.869256
   1600000      6.224770      0.901794
   1620000      6.291370      0.894486
   1640000      6.351430      0.884962
   1660000      6.398149      0.866998
   1680000      6.395347      0.939106
   1700000      6.437993      0.947849
   1720000      6.482580      0.940692
   1740000      6.497991      0.966590
   1760000      6.572599      0.914240
   1780000      6.607757      0.913087
   1800000      6.611584      0.970799
   1820000      6.702416      0.899412
   1840000      6.740583      0.885585
   1860000      6.744118      0.977579
   1880000      6.739343      1.017013
   1900000      6.730943      1.120468
   1920000      6.779209      1.117660
   1940000      6.830391      1.100635
   1960000      6.856033      1.119509
   1980000      6.868921      1.144846
   2000000      6.899511      1.147066
   2020000      6.967587      1.093611
   2040000      7.016156      1.127995
   2060000      7.008639      1.225283
   2080000      7.032611      1.241174
   2100000      7.075483      1.239579
   2120000      7.094686      1.265749
   2140000      7.120270      1.276162
   2160000      7.157781      1.265682
   2180000      7.164071      1.338581
   2200000      7.134784      1.416354
   2220000      7.177272      1.424324
   2240000      7.192376      1.448749
   2260000      7.201876      1.474631
   2280000      7.266785      1.458992
   2300000      7.287887      1.495079
   2320000      7.315382      1.521172
   2340000      7.334168      1.547043
   2360000      7.356057      1.574855
   2380000      7.362578      1.599068
   2400000      7.406789      1.605413
   2420000      7.398579      1.646328
   2440000      7.411760      1.700855
   2460000      7.505293      1.667651
   2480000      7.503110      1.723963
   2500000      7.581945      1.683249
   2520000      7.577403      1.743194
   2540000      7.617182      1.734526
   2560000      7.548134      1.843967
   2580000      7.498653      1.923524
   2600000      7.519531      1.962108
   2620000      7.601733      1.951908
   2640000      7.588703      1.997627
   2660000      7.551374      2.061711
   2680000      7.524601      2.104369
   2700000      7.531781      2.132797
   2720000      7.533091      2.164085
   2740000      7.505550      2.194999
   2760000      7.512869      2.224893
   2780000      7.568449      2.256207
   2800000      7.601227      2.289662
   2820000      7.668213      2.294100
   2840000      7.661437      2.323771
   2860000      7.660435      2.356890
   2880000      7.543739      2.384706
   2900000      7.562488      2.430851
   2920000      7.689025      2.455402
   2940000      7.730597      2.477687
   2960000      7.733503      2.511713
   2980000      7.736781      2.539069
   3000000      7.726300      2.580410
   3020000      7.757391      2.598325
   3040000      7.756160      2.654310
   3060000      7.720809      2.700759
   3080000      7.785006      2.715223
   3100000      7.828383      2.725690
   3120000      7.832206      2.760363
   3140000      7.863063      2.766400
   3160000      7.883431      2.772794
   3180000      7.892936      2.818255
   3200000      7.917267      2.850841
   3220000      7.924319      2.885757
   3240000      7.969579      2.891767
   3260000      7.984210      2.925108
   3280000      7.899833      3.015235
   3300000      7.909906      3.043008
   3320000      8.014235      3.032444
   3340000      8.065098      3.031229
   3360000      8.089612      3.052906
   3380000      8.109114      3.068482
   3400000      8.151354      3.068614
   3420000      8.166461      3.095676
   3440000      8.195034      3.095093
   3460000      8.236965      3.088184
   3480000      8.268247      3.116225
   3500000      8.286299      3.151375
   3520000      8.287990      3.181181
   3540000      8.251218      3.266630
   3560000      8.264365      3.295542
   3580000      8.288535      3.332050
   3600000      8.283686      3.369753
   3620000      8.401153      3.332639
   3640000      8.445675      3.332125
   3660000      8.432603      3.401068
   3680000      8.445049      3.437199
   3700000      8.431749      3.468755
   3720000      8.496552      3.472045
   3740000      8.549838      3.474227
   3760000      8.620302      3.439137
   3780000      8.643680      3.455212
   3800000      8.636621      3.498163
   3820000      8.659084      3.520714
   3840000      8.697241      3.481522
   3860000      8.679919      3.609377
   3880000      8.673263      3.658778
   3900000      8.680986      3.690979
   3920000      8.688224      3.722049
   3940000      8.671475      3.769553
   3960000      8.622215      3.838593
   3980000      8.609566      3.884086
   4000000      8.646196      3.907654
   4020000      8.661454      3.928021
   4040000      8.717372      3.931537
   4060000      8.711853      3.984776
   4080000      8.747414      4.001713
   4100000      8.755835      4.030064
   4120000      8.779263      4.054767
   4140000      8.807127      4.070253
   4160000      8.837998      4.089504
   4180000      8.816668      4.139092
   4200000      8.847401      4.160508
   4220000      8.899628      4.154565
   4240000      8.868314      4.218478
   4260000      8.900048      4.230437
   4280000      8.963310      4.225034
   4300000      8.980705      4.250951
   4320000      8.979477      4.287622
   4340000      8.976663      4.312447
   4360000      8.931363      4.369819
   4380000      9.036622      4.337937
   4400000      9.091565      4.335305
   4420000      9.070061      4.390836
   4440000      9.058235      4.433432
   4460000      9.162698      4.401985
   4480000      9.196480      4.406405
   4500000      9.223873      4.427759
   4520000      9.227431      4.455184
   4540000      9.234710      4.502590
   4560000      9.281093      4.502791
   4580000      9.319406      4.506191
   4600000      9.340346      4.537099
   4620000      9.357986      4.566313
   4640000      9.396101      4.545191
   4660000      9.445541      4.540344
   4680000      9.423634      4.630347
   4700000      9.487884      4.579556
   4720000      9.447794      4.719040
   4740000      9.446607      4.770913
   4760000      9.451069      4.791592
   4780000      9.401646      4.840991
   4800000      9.354547      4.884714
   4820000      9.326464      4.922734
   4840000      9.482685      4.935763
   4860000      9.539545      4.936486
   4880000      9.567704      4.956469
   4900000      9.632342      4.952329
   4920000      9.648027      4.986281
   4940000      9.668252      5.004686
   4960000      9.655953      5.050045
   4980000      9.702842      5.048762
   5000000      9.740717      5.066886
   5020000      9.795785      5.041874
   5040000      9.800734      5.084978
   5060000      9.793209      5.130386
   5080000      9.842351      5.125593
   5100000      9.869983      5.140264
   5120000      9.911483      5.148790
   5140000      9.959013      5.153392
   5160000      9.949871      5.196282
   5180000      9.963139      5.223223
   5200000     10.063974      5.168975
   5220000     10.070162      5.223429
   5240000     10.145688      5.181645
   5260000     10.157075      5.228418
   5280000     10.159398      5.271104
   5300000     10.173075      5.308368
   5320000     10.205405      5.311757
   5340000     10.241814      5.307027
   5360000     10.166087      5.471804
   5380000     10.072018      5.558778
   5400000     10.171678      5.536667
   5420000     10.215555      5.545940
   5440000     10.195163      5.587693
   5460000     10.253513      5.613830
   5480000     10.309012      5.610846
   5500000     10.305927      5.660106
   5520000     10.254944      5.711703
   5540000     10.370787      5.700497
   5560000     10.474984      5.632271
   5580000     10.501695      5.644519
   5600000     10.534431      5.645638
   5620000     10.543536      5.705194
   5640000     10.516163      5.781836
   5660000     10.546984      5.806526
   5680000     10.585156      5.812554
   5700000     10.588526      5.863242
   5720000     10.655280      5.829878
   5740000     10.667509      5.845678
   5760000     10.699983      5.831473
   5780000     10.752785      5.770609
   5800000     10.709123      5.951992
   5820000     10.705596      6.001707
   5840000     10.730635      6.023899
   5860000     10.771305      6.031881
   5880000     10.760570      6.066397
   5900000     10.744404      6.103907
   5920000     10.798136      6.127570
   5940000     10.868867      6.110833
   5960000     10.877396      6.151127
   5980000     10.895497      6.181841
   6000000     10.908974      6.222045
   6020000     10.952236      6.224036
   6040000     10.968493      6.254110
   6060000     11.009087      6.273120
   6080000     11.048606      6.277551
   6100000     11.018846      6.351118
   6120000     11.007839      6.387694
   6140000     11.015150      6.419394
   6160000     11.068289      6.432233
   6180000     11.082778      6.453965
   6200000     11.114334      6.468540
   6220000     11.120317      6.494715
   6240000     11.157485      6.512797
   6260000     11.156801      6.571904
   6280000     11.095245      6.640873
   6300000     11.143223      6.661638
   6320000     11.161841      6.687746
   6340000     11.180583      6.710619
   6360000     11.217606      6.717761
   6380000     11.213215      6.755646
   6400000     11.248174      6.774977
   6420000     11.273832      6.792162
   6440000     11.281847      6.832766
   6460000     11.294549      6.853049
   6480000     11.324682      6.873156
   6500000     11.383790      6.876218
   6520000     11.392336      6.906370
   6540000     11.430395      6.918105
   6560000     11.436756      6.942061
   6580000     11.500903      6.945633
   6600000     11.447870      7.024729
   6620000     11.469238      7.047428
   6640000     11.532829      7.059872
   6660000     11.529138      7.095076
   6680000     11.535272      7.129465
   6700000     11.545930      7.154268
   6720000     11.521249      7.196165
   6740000     11.527714      7.226593
   6760000     11.551221      7.247709
   6780000     11.599614      7.251113
   6800000     11.588795      7.285088
   6820000     11.589540      7.329585
   6840000     11.580246      7.364152
   6860000     11.588379      7.385888
   6880000     11.601177      7.402428
   6900000     11.543430      7.458758
   6920000     11.594075      7.477211
   6940000     11.627690      7.495459
   6960000     11.463829      7.559387
   6980000     11.449230      7.590206
   7000000     11.466801      7.631310
   7020000     11.478517      7.657903
   7040000     11.465194      7.694905
   7060000     11.426341      7.699018
   7080000     11.430126      7.729932
   7100000     11.471848      7.778232
   7120000     11.498186      7.811449
   7140000     11.605978      7.820685
   7160000     11.623992      7.843242
   7180000     11.667480      7.851671
   7200000     11.582433      7.922246
   7220000     11.575850      7.955952
   7240000     11.616044      7.974677
   7260000     11.608127      8.008694
   7280000     11.562740      8.039673
   7300000     11.617434      8.085645
   7320000     11.625719      8.111894
   7340000     11.653954      8.143170
   7360000     11.648778      8.162445
   7380000     11.677172      8.177465
   7400000     11.783939      8.154662
   7420000     11.772150      8.206793
   7440000     11.783224      8.231698
   7460000     11.947782      8.178387
   7480000     12.005640      8.157889
   7500000     12.033508      8.178778
   7520000     12.002273      8.255471
   7540000     12.074212      8.235133
   7560000     12.109445      8.241655
   7580000     12.143358      8.243618
   7600000     12.167557      8.248882
   7620000     12.110219      8.375436
   7640000     12.066185      8.423826
   7660000     12.102135      8.439360
   7680000     12.079362      8.467584
   7700000     12.154748      8.493406
   7720000     12.141550      8.515923
   7740000     12.151539      8.563549
   7760000     12.325574      8.480601
   7780000     12.357431      8.460351
   7800000     12.394665      8.483623
   7820000     12.431358      8.489118
   7840000     12.464088      8.499654
   7860000     12.528035      8.447910
   7880000     12.545893      8.477169
   7900000     12.574957      8.478086
   7920000     12.642682      8.401734
   7940000     12.678785      8.397489
   7960000     12.697266      8.417610
   7980000     12.735587      8.386922
   8000000     12.761700      8.384577
   8020000     12.797491      8.397203
   8040000     12.833380      8.385363
   8060000     12.855648      8.453705
   8080000     12.904560      8.339363
   8100000     12.936528      8.423608
   8120000     12.956564      8.453177
   8140000     12.979349      8.456353
   8160000     12.997784      8.489724
   8180000     13.046411      8.468486
   8200000     13.086960      8.443585
   8220000     13.136936      8.416169
   8240000     13.177941      8.403935
   8260000     13.191572      8.514899
   8280000     13.200981      8.579444
   8300000     13.232998      8.605195
   8320000     13.239097      8.644279
   8340000     13.250195      8.693085
   8360000     13.240750      8.748276
   8380000     13.265035      8.766496
   8400000     13.237928      8.837566
   8420000     13.298216      8.833571
   8440000     13.275980      8.894263
   8460000     13.196717      8.976391
   8480000     13.192994      9.029137
   8500000     13.554772      8.764422
   8520000     13.582249      8.763848
   8540000     13.617167      8.797042
   8560000     13.653639      8.785009
   8580000     13.688096      8.804234
   8600000     13.719587      8.806187
   8620000     13.741738      8.830480
   8640000     13.768351      8.815190
   8660000     13.825615      8.865945
   8680000     13.859671      8.835883
   8700000     13.900158      8.743371
   8720000     13.920638      8.731484
   8740000     13.950407      8.704494
   8760000     13.979734      8.874335
   8780000     14.020810      8.833486
   8800000     14.047048      8.794454
   8820000     14.064060      8.767246
   8840000     14.098202      8.879207
   8860000     14.121591      8.884805
   8880000     14.138460      8.917238
   8900000     14.179715      8.891935
   8920000     14.207176      8.902843
   8940000     14.222635      8.935562
   8960000     14.254480      8.929795
   8980000     14.283912      8.943464
   9000000     14.308603      8.931735
   9020000     14.349387      8.925765
   9040000     14.322903      9.113447
   9060000     14.331423      9.145842
   9080000     14.382826      9.139076
   9100000     14.396093      9.179978
   9120000     14.451789      9.174979
   9140000     14.484236      9.180706
   9160000     14.466140      9.248530
   9180000     14.488735      9.272045
   9200000     14.511017      9.277714
   9220000     14.575802      9.259128
   9240000     14.626353      9.229416
   9260000     14.663012      9.230330
   9280000     14.689907      9.218416
   9300000     14.689056      9.334994
   9320000     14.674837      9.404110
   9340000     14.672521      9.441724
   9360000     14.705575      9.456234
   9380000     14.733570      9.473326
   9400000     14.737985      9.507074
   9420000     14.728227      9.568375
   9440000     14.764873      9.561187
   9460000     14.764692      9.601947
   9480000     14.784298      9.624183
   9500000     14.843230      9.625667
   9520000     14.870249      9.636291
   9540000     14.913448      9.639189
   9560000     14.937897      9.660582
   9580000     14.978875      9.685777
   9600000     14.923719      9.770570
   9620000     14.925371      9.801876
   9640000     15.011884      9.803020
   9660000     15.052737      9.808579
   9680000     15.036124      9.852221
   9700000     15.153417      9.827431
   9720000     15.190644      9.841564
   9740000     15.190072      9.888790
   9760000     15.214019      9.908404
   9780000     15.261916      9.903372
   9800000     15.305899      9.895736
   9820000     15.352836      9.875299
   9840000     15.327656      9.967623
   9860000     15.378525      9.940612
   9880000     15.404825      9.961784
   9900000     15.428533      9.979252
   9920000     15.443564     10.021488
   9940000     15.461150     10.043928
   9960000     15.533460     10.020965
   9980000     15.605715      9.970728
  10000000     15.633491      9.988999
