         0      4.000000      0.000000
     20000      3.999348      0.004359
     40000      4.001027      0.001449
     60000      4.002513      0.014538
     80000      4.001042      0.001956
    100000      4.001726      0.012814
    120000      4.001623      0.004765
    140000      4.003498      0.006405
    160000      4.002265      0.007976
    180000      4.000979     -0.002557
    200000      4.002491      0.001441
    220000      3.999568      0.007002
    240000      4.000800      0.005814
    260000      4.001834      0.006079
    280000      4.002439      0.011233
    300000      4.001714      0.006454
    320000      4.000948      0.003942
    340000      3.999642      0.009073
    360000      4.001523      0.010154
    380000      4.001423      0.001070
    400000      4.001255      0.007768
    420000      3.999034      0.011055
    440000      4.000501     -0.022850
    460000      4.000787     -0.020786
    480000      3.999255     -0.025800
    500000      4.002403     -0.028498
    520000      4.000406     -0.024042
    540000      4.000102     -0.025671
    560000      4.001033     -0.021465
    580000      3.999128     -0.009994
    600000      3.998251     -0.032570
    620000      3.999354     -0.031648
    640000      4.000284     -0.020700
    660000      4.000304     -0.029054
    680000      4.000566     -0.029525
    700000      3.999126     -0.030789
    720000      3.997342     -0.033440
    740000      3.998722     -0.033327
    760000      3.999989     -0.023924
    780000      4.001223     -0.030171
    800000      4.000701     -0.023231
    820000      3.999636     -0.034632
    840000      3.999369     -0.032771
    860000      4.002527     -0.032058
    880000      4.000931     -0.026997
    900000      3.998835     -0.030086
    920000      3.999691     -0.035688
    940000      4.000558     -0.027645
    960000      4.000492     -0.031788
    980000      3.998180     -0.026160
   1000000      3.999357     -0.029426
   1020000      3.998875     -0.028285
   1040000      4.000137     -0.034511
   1060000      3.999276     -0.035699
   1080000      4.001460     -0.028970
   1100000      4.000301     -0.013183
   1120000      3.998264     -0.034204
   1140000      3.998841     -0.029624
   1160000      4.000525     -0.025186
   1180000      3.998321     -0.034697
   1200000      4.002144     -0.022657
   1220000      4.000956     -0.022394
   1240000      3.998379     -0.036480
   1260000      4.000445     -0.024546
   1280000      4.001796     -0.014694
   1300000      4.000162     -0.030638
   1320000      4.000094     -0.023861
   1340000      4.000831     -0.026791
   1360000      4.001895     -0.023973
   1380000      3.999752     -0.028036
   1400000      4.001702     -0.015669
   1420000      4.002418     -0.020581
   1440000      4.001502     -0.020344
   1460000      3.999248     -0.033358
   1480000      4.000898     -0.021688
   1500000      4.000766     -0.029838
   1520000      3.999950     -0.028476
   1540000      4.000431     -0.028667
   1560000      4.000223     -0.024089
   1580000      4.000607     -0.030235
   1600000      3.998196     -0.022533
   1620000      4.001019     -0.021812
   1640000      3.997316     -0.037842
   1660000      3.999759     -0.019196
   1680000      3.999061     -0.024472
   1700000      4.000273     -0.034451
   1720000      3.998679     -0.024809
   1740000      4.000469     -0.031275
   1760000      4.000683     -0.027103
   1780000      4.000099     -0.035223
   1800000      4.000099     -0.018016
   1820000      4.000394     -0.012801
   1840000      3.999782     -0.020725
   1860000      4.000607     -0.020900
   1880000      3.999430     -0.029509
   1900000      3.998683     -0.036486
   1920000      3.999887     -0.023404
   1940000      4.000161     -0.024312
   1960000      4.001157     -0.015107
   1980000      4.000876     -0.023251
   2000000      4.000964     -0.022370
   2020000      4.000430     -0.027673
   2040000      3.998261     -0.030969
   2060000      3.996892     -0.036813
   2080000      4.000096     -0.022420
   2100000      3.998659     -0.037629
   2120000      3.999118     -0.024234
   2140000      4.000129     -0.018967
   2160000      3.999750     -0.021450
   2180000      3.998909     -0.027382
   2200000      4.001662     -0.028967
   2220000      3.997154     -0.038029
   2240000      4.001116     -0.029970
   2260000      4.001682     -0.029442
   2280000      4.001632     -0.028779
   2300000      4.000061     -0.026060
   2320000      4.001180     -0.027720
   2340000      4.000879     -0.016654
   2360000      4.001262     -0.021963
   2380000      4.002702     -0.030761
   2400000      4.000402     -0.031527
   2420000      3.999036     -0.020026
   2440000      4.000988     -0.031040
   2460000      3.999148     -0.029833
   2480000      4.001006     -0.030143
   2500000      3.999271     -0.020308
   2520000      4.003660     -0.018076
   2540000      3.998346     -0.032915
   2560000      4.000254     -0.028985
   2580000      4.002400     -0.026040
   2600000      4.000081     -0.021503
   2620000      3.999347     -0.028417
   2640000      4.000823     -0.026767
   2660000      4.000271     -0.041050
   2680000      4.000352     -0.028408
   2700000      4.001213     -0.020452
   2720000      4.002265     -0.024444
   2740000      4.001436     -0.031454
   2760000      4.000328     -0.030753
   2780000      4.001660     -0.024864
   2800000      4.000624     -0.023431
   2820000      3.999770     -0.029242
   2840000      4.001559     -0.019557
   2860000      4.002345     -0.013559
   2880000      3.999399     -0.030144
   2900000      3.998772     -0.028311
   2920000      3.999365     -0.034625
   2940000      3.999776     -0.031494
   2960000      3.998685     -0.027154
   2980000      3.997940     -0.038827
   3000000      3.999439     -0.032981
   3020000      3.998848     -0.042646
   3040000      3.998708     -0.025986
   3060000      4.002274     -0.016959
   3080000      3.998791     -0.028469
   3100000      3.999818     -0.029905
   3120000      4.002099     -0.019717
   3140000      3.999178     -0.044797
   3160000      3.999175     -0.021908
   3180000      3.998505     -0.028584
   3200000      3.999125     -0.023195
   3220000      4.000722     -0.022679
   3240000      4.001065     -0.032730
   3260000      3.998623     -0.032759
   3280000      3.999135     -0.039231
   3300000      4.001069     -0.026982
   3320000      3.999672     -0.026803
   3340000      3.999701     -0.029243
   3360000      4.001829     -0.024485
   3380000      4.002469     -0.026317
   3400000      3.999570     -0.032736
   3420000      4.000587     -0.025072
   3440000      4.000907     -0.028845
   3460000      4.000167     -0.028436
   3480000      3.998821     -0.024932
   3500000      4.003287     -0.018311
   3520000      4.000637     -0.029310
   3540000      4.001403     -0.024080
   3560000      3.999731     -0.027087
   3580000      3.996833     -0.035236
   3600000      3.999304     -0.032761
   3620000      3.999810     -0.031208
   3640000      3.998654     -0.032568
   3660000      4.001572     -0.013037
   3680000      3.999130     -0.031754
   3700000      4.002015     -0.023007
   3720000      4.001220     -0.025393
   3740000      4.001124     -0.031048
   3760000      3.999466     -0.040882
   3780000      3.998959     -0.021091
   3800000      3.998863     -0.033674
   3820000      3.999458     -0.025818
   3840000      4.000037     -0.023542
   3860000      4.000087     -0.018516
   3880000      3.998969     -0.020264
   3900000      3.999868     -0.020962
   3920000      3.999643     -0.026959
   3940000      4.001104     -0.029120
   3960000      4.000256     -0.020482
   3980000      4.001684     -0.022502
   4000000      3.999690     -0.020499
   4020000      4.000083     -0.020410
   4040000      4.001680     -0.024671
   4060000      4.001577     -0.026079
   4080000      3.999599     -0.035952
   4100000      3.999325     -0.034521
   4120000      4.000293     -0.020903
   4140000      4.000776     -0.022788
   4160000      3.999394     -0.040146
   4180000      3.999872     -0.030586
   4200000      4.001343     -0.031480
   4220000      4.001183     -0.037952
   4240000      4.001310     -0.026019
   4260000      3.999236     -0.027437
   4280000      4.000312     -0.015678
   4300000      4.000957     -0.026840
   4320000      3.999528     -0.031248
   4340000      4.000707     -0.028454
   4360000      4.001217     -0.019194
   4380000      4.000532     -0.025653
   4400000      4.000210     -0.021311
   4420000      4.000961     -0.019138
   4440000      3.998042     -0.033979
   4460000      3.999503     -0.030774
   4480000      4.001069     -0.024988
   4500000      3.997856     -0.026448
   4520000      3.998556     -0.039636
   4540000      3.999978     -0.032359
   4560000      3.999188     -0.021575
   4580000      4.000521     -0.011966
   4600000      4.001961     -0.026523
   4620000      4.002509     -0.019177
   4640000      3.999704     -0.026910
   4660000      3.999279     -0.029932
   4680000      4.000971     -0.012054
   4700000      3.997626     -0.038057
   4720000      4.000368     -0.028034
   4740000      3.999830     -0.036519
   4760000      3.999947     -0.038440
   4780000      4.001785     -0.022241
   4800000      3.999551     -0.035508
   4820000      3.998584     -0.037263
   4840000      3.999761     -0.031260
   4860000      4.001282     -0.031892
   4880000      3.998899     -0.036802
   4900000      4.001144     -0.026868
   4920000      3.999977     -0.032376
   4940000      4.000084     -0.036990
   4960000      3.998100     -0.019131
   4980000      3.998293     -0.033879
   5000000      4.001271     -0.008869
   5020000      3.998386     -0.028210
   5040000      4.000065     -0.027766
   5060000      4.001100     -0.030121
   5080000      3.997741     -0.036289
   5100000      4.001564     -0.028903
   5120000      4.001496     -0.033235
   5140000      3.999784     -0.024016
   5160000      3.999620     -0.024951
   5180000      4.000236     -0.012846
   5200000      4.000006     -0.024539
   5220000      3.999445     -0.029655
   5240000      3.997712     -0.026191
   5260000      4.002372     -0.025026
   5280000      4.000590     -0.027371
   5300000      4.000652     -0.018764
   5320000      3.999752     -0.029915
   5340000      3.999751     -0.032515
   5360000      4.000271     -0.032349
   5380000      4.001122     -0.018782
   5400000      4.001783     -0.024841
   5420000      4.001251     -0.023026
   5440000      4.001467     -0.034574
   5460000      4.000234     -0.019170
   5480000      4.000869     -0.025842
   5500000      4.000749     -0.028458
   5520000      3.999002     -0.014594
   5540000      4.001261     -0.029112
   5560000      4.002954     -0.040224
   5580000      3.999638     -0.037196
   5600000      4.000373     -0.029306
   5620000      3.999047     -0.026350
   5640000      4.000791     -0.030562
   5660000      4.001249     -0.038960
   5680000      3.998552     -0.034386
   5700000      4.000219     -0.041482
   5720000      4.002566     -0.029748
   5740000      3.999506     -0.023586
   5760000      3.998693     -0.024520
   5780000      3.999990     -0.032842
   5800000      4.001663     -0.026627
   5820000      4.001131     -0.022690
   5840000      3.999168     -0.028090
   5860000      4.001301     -0.021474
   5880000      4.002589     -0.032537
   5900000      4.000658     -0.019887
   5920000      3.999362     -0.025729
   5940000      4.001836     -0.020279
   5960000      4.000741     -0.019146
   5980000      3.999434     -0.027959
   6000000      3.998323     -0.032834
   6020000      3.999792     -0.020000
   6040000      3.999748     -0.038040
   6060000      4.001093     -0.014325
   6080000      3.999165     -0.036343
   6100000      3.999790     -0.038257
   6120000      3.999839     -0.030188
   6140000      4.001773     -0.018371
   6160000      4.001301     -0.026228
   6180000      3.997570     -0.042741
   6200000      4.001869     -0.031675
   6220000      4.002951     -0.021523
   6240000      4.000477     -0.030847
   6260000      4.000793     -0.020256
   6280000      4.001928     -0.036018
   6300000      4.001545     -0.016863
   6320000      3.999598     -0.014805
   6340000      3.999860     -0.031939
   6360000      3.998734     -0.028865
   6380000      4.000116     -0.027628
   6400000      3.999110     -0.036446
   6420000      3.999964     -0.035880
   6440000      4.000729     -0.026022
   6460000      4.002970     -0.022611
   6480000      4.000871     -0.020163
   6500000      4.002003     -0.019361
   6520000      3.999083     -0.036236
   6540000      3.998467     -0.032037
   6560000      3.998518     -0.034780
   6580000      3.996641     -0.026696
   6600000      4.001059     -0.026513
   6620000      4.000180     -0.035898
   6640000      3.999613     -0.033570
   6660000      4.000968     -0.030594
   6680000      4.001519     -0.026621
   6700000      4.002188     -0.011646
   6720000      4.001647     -0.009120
   6740000      3.999432     -0.023390
   6760000      4.000976     -0.024415
   6780000      3.998838     -0.023212
   6800000      4.001312     -0.025410
   6820000      4.000427     -0.032108
   6840000      4.000281     -0.013599
   6860000      3.998197     -0.040045
   6880000      4.000995     -0.021154
   6900000      4.002344     -0.032375
   6920000      3.999007     -0.028811
   6940000      3.999583     -0.037003
   6960000      3.999608     -0.024939
   6980000      3.999759     -0.027001
   7000000      3.999415     -0.021758
   7020000      3.998871     -0.030043
   7040000      4.000539     -0.026642
   7060000      4.000775     -0.039741
   7080000      4.000919     -0.022363
   7100000      3.998382     -0.030026
   7120000      4.000771     -0.030408
   7140000      3.997618     -0.037674
   7160000      4.002544     -0.034986
   7180000      3.998402     -0.031567
   7200000      3.998420     -0.031405
   7220000      3.998013     -0.023205
   7240000      3.999498     -0.024577
   7260000      3.997302     -0.039885
   7280000      3.999443     -0.020228
   7300000      3.999289     -0.034266
   7320000      4.001799     -0.025068
   7340000      4.000213     -0.023361
   7360000      4.001283     -0.019002
   7380000      4.001905     -0.019228
   7400000      4.000610     -0.037835
   7420000      4.001544     -0.027077
   7440000      4.000962     -0.020230
   7460000      3.999299     -0.032823
   7480000      4.002780     -0.010964
   7500000      4.001008     -0.031356
   7520000      4.001278     -0.023531
   7540000      4.000797     -0.031087
   7560000      3.999356     -0.033383
   7580000      3.999764     -0.031747
   7600000      3.997960     -0.032535
   7620000      4.001985     -0.016351
   7640000      3.999489     -0.023779
   7660000      4.001000     -0.021380
   7680000      3.999643     -0.029558
   7700000      4.000708     -0.018290
   7720000      4.000495     -0.027287
   7740000      3.999721     -0.026915
   7760000      3.998549     -0.029402
   7780000      3.999983     -0.029146
   7800000      4.000056     -0.032212
   7820000      4.000115     -0.026481
   7840000      4.001433     -0.018361
   7860000      3.997909     -0.023302
   7880000      3.999428     -0.025702
   7900000      4.000587     -0.023502
   7920000      3.998768     -0.019188
   7940000      4.001694     -0.035499
   7960000      4.000997     -0.029077
   7980000      3.998970     -0.038457
   8000000      3.999492     -0.021903
   8020000      3.999441     -0.019160
   8040000      4.000675     -0.014000
   8060000      3.999779     -0.026488
   8080000      3.999393     -0.036029
   8100000      4.000574     -0.031565
   8120000      4.003188     -0.018514
   8140000      4.000005     -0.029852
   8160000      4.000968     -0.028871
   8180000      4.000366     -0.021552
   8200000      4.001277     -0.027182
   8220000      4.001379     -0.016796
   8240000      3.997423     -0.031449
   8260000      4.001142     -0.025123
   8280000      4.000454     -0.027545
   8300000      4.003437     -0.027344
   8320000      4.000849     -0.032974
   8340000      3.999528     -0.034207
   8360000      3.999732     -0.041853
   8380000      3.999864     -0.038765
   8400000      4.001106     -0.027146
   8420000      3.999893     -0.032144
   8440000      4.000424     -0.033694
   8460000      4.001131     -0.029388
   8480000      4.000705     -0.028166
   8500000      4.001071     -0.021707
   8520000      4.000025     -0.030365
   8540000      3.999423     -0.032520
   8560000      3.999438     -0.032629
   8580000      3.999219     -0.030202
   8600000      4.000739     -0.022775
   8620000      4.001488     -0.024523
   8640000      3.998854     -0.036811
   8660000      4.001075     -0.008033
   8680000      4.002315     -0.010204
   8700000      3.998624     -0.039091
   8720000      3.999314     -0.032568
   8740000      3.997436     -0.035601
   8760000      3.999571     -0.024362
   8780000      3.998652     -0.036251
   8800000      4.000877     -0.021988
   8820000      4.000604     -0.026616
   8840000      3.999074     -0.035208
   8860000      3.999109     -0.035087
   8880000      3.999122     -0.035595
   8900000      3.999287     -0.029952
   8920000      4.000302     -0.019828
   8940000      4.001475     -0.023982
   8960000      3.999699     -0.036212
   8980000      4.002793     -0.010381
   9000000      3.999487     -0.011617
   9020000      3.999149     -0.008447
   9040000      4.000463     -0.029641
   9060000      4.001677     -0.029948
   9080000      4.001377     -0.026048
   9100000      3.999734     -0.030154
   9120000      3.998475     -0.028945
   9140000      4.000761     -0.021983
   9160000      4.000743     -0.021022
   9180000      4.001848     -0.024164
   9200000      4.002677     -0.025770
   9220000      4.002104     -0.026760
   9240000      4.000039     -0.017109
   9260000      3.997354     -0.027295
   9280000      4.000612     -0.029031
   9300000      4.000540     -0.024230
   9320000      4.000734     -0.029608
   9340000      3.998465     -0.029577
   9360000      3.998158     -0.027477
   9380000      3.997528     -0.026374
   9400000      4.001233     -0.024030
   9420000      3.998382     -0.026109
   9440000      3.996920     -0.031462
   9460000      3.996553     -0.038718
   9480000      4.002293     -0.023209
   9500000      4.000190     -0.024033
   9520000      3.999931     -0.029024
   9540000      4.002397     -0.019658
   9560000      3.999049     -0.026859
   9580000      3.999714     -0.027445
   9600000      3.999467     -0.011324
   9620000      4.000832     -0.019247
   9640000      4.002587     -0.024353
   9660000      4.000028     -0.026463
   9680000      3.998850     -0.036389
   9700000      3.998479     -0.034060
   9720000      3.999760     -0.020927
   9740000      4.000502     -0.023047
   9760000      4.000712     -0.022579
   9780000      3.998488     -0.030707
   9800000      3.999168     -0.031108
   9820000      3.998366     -0.031718
   9840000      3.999310     -0.035080
   9860000      4.000648     -0.027215
   9880000      3.999752     -0.030651
   9900000      4.001327     -0.016854
   9920000      3.999105     -0.032250
   9940000      3.998971     -0.028654
   9960000      4.002677     -0.031735
   9980000      4.001125     -0.022446
  10000000      3.999258     -0.035391
