         0      4.000000      0.000000
     20000      4.043662     -0.084888
     40000      4.123708     -0.024392
     60000      4.191213     -0.085881
     80000      4.254838     -0.104382
    100000      4.316455     -0.144559
    120000      4.367598     -0.214096
    140000      4.409589     -0.302644
    160000      4.463674     -0.391518
    180000      4.509876     -0.421223
    200000      4.564042     -0.473262
    220000      4.583488     -0.538323
    240000      4.650093     -0.578290
    260000      4.718641     -0.600683
    280000      4.644299     -0.743068
    300000      4.716559     -0.799684
    320000      4.769673     -0.849414
    340000      4.728348     -0.966865
    360000      4.819263     -0.999204
    380000      4.718391     -1.114386
    400000      4.839127     -1.182125
    420000      4.791891     -1.276501
    440000      4.859063     -1.342547
    460000      4.839971     -1.417837
    480000      4.859179     -1.477604
    500000      4.943282     -1.522349
    520000      5.005724     -1.589597
    540000      5.036306     -1.656327
    560000      5.064220     -1.723886
    580000      5.152861     -1.745630
    600000      5.086444     -1.827427
    620000      5.191111     -1.861113
    640000      5.362663     -1.850251
    660000      5.343766     -1.965146
    680000      5.417073     -1.996906
    700000      5.495090     -1.970467
    720000      5.536746     -2.037063
    740000      5.595329     -2.082087
    760000      5.675391     -2.092135
    780000      5.733668     -2.097923
    800000      5.820956     -2.161897
    820000      5.903546     -2.182519
    840000      5.928038     -2.259093
    860000      5.994346     -2.286932
    880000      6.114309     -2.241996
    900000      6.206075     -2.214978
    920000      6.271853     -2.268052
    940000      6.363115     -2.232174
    960000      6.426528     -2.259934
    980000      6.449390     -2.404538
   1000000      6.438111     -2.511636
   1020000      6.555907     -2.521983
   1040000      6.403771     -2.779989
   1060000      6.403698     -2.845848
   1080000      6.518063     -2.864023
   1100000      6.583719     -2.920590
   1120000      6.612296     -2.960625
   1140000      6.689216     -3.010572
   1160000      6.720388     -3.060519
   1180000      6.726933     -3.154409
   1200000      6.804633     -3.201288
   1220000      6.865815     -3.256556
   1240000      6.799453     -3.335689
   1260000      6.676684     -3.427864
   1280000      6.803651     -3.497913
   1300000      6.882969     -3.567383
   1320000      6.904372     -3.635618
   1340000      6.790209     -3.744140
   1360000      6.879073     -3.778339
   1380000      6.736026     -3.896990
   1400000      6.803715     -3.953055
   1420000      6.793791     -4.006231
   1440000      6.936224     -4.048889
   1460000      6.771439     -4.169017
   1480000      6.763718     -4.234902
   1500000      6.830420     -4.284924
   1520000      6.798776     -4.348363
   1540000      6.870234     -4.406312
   1560000      6.840655     -4.466600
   1580000      6.862311     -4.537027
   1600000      6.870907     -4.590965
   1620000      6.883620     -4.646464
   1640000      6.843758     -4.713449
   1660000      6.772307     -4.773436
   1680000      6.826325     -4.854612
   1700000      6.813459     -4.923828
   1720000      6.845656     -4.971601
   1740000      6.704509     -5.030486
   1760000      6.778074     -5.097480
   1780000      6.730657     -5.171688
   1800000      6.642553     -5.237241
   1820000      6.690696     -5.292901
   1840000      6.725641     -5.363956
   1860000      6.595576     -5.449164
   1880000      6.541392     -5.546100
   1900000      6.589328     -5.621622
   1920000      6.602904     -5.687668
   1940000      6.488520     -5.739308
   1960000      6.520685     -5.802309
   1980000      6.525037     -5.861983
   2000000      6.531868     -5.939678
   2020000      6.552612     -6.022126
   2040000      6.540492     -6.070409
   2060000      6.511690     -6.151338
   2080000      6.538061     -6.234067
   2100000      6.528597     -6.302956
   2120000      6.481727     -6.365145
   2140000      6.627356     -6.425829
   2160000      6.625227     -6.495485
   2180000      6.640304     -6.550468
   2200000      6.617514     -6.618319
   2220000      6.601367     -6.677341
   2240000      6.577213     -6.745266
   2260000      6.523386     -6.806356
   2280000      6.462675     -6.882103
   2300000      6.451912     -6.942531
   2320000      6.408674     -6.997606
   2340000      6.394781     -7.058800
   2360000      6.407324     -7.161142
   2380000      6.423609     -7.236345
   2400000      6.410308     -7.303952
   2420000      6.321692     -7.372276
   2440000      6.263465     -7.420940
   2460000      6.315974     -7.501898
   2480000      6.285976     -7.560748
   2500000      6.241178     -7.611151
   2520000      6.223830     -7.675109
   2540000      6.338978     -7.784373
   2560000      6.331867     -7.851810
   2580000      6.306143     -7.914564
   2600000      6.289952     -7.971848
   2620000      6.318205     -8.055184
   2640000      6.296049     -8.119553
   2660000      6.291611     -8.166850
   2680000      6.444098     -8.252323
   2700000      6.509873     -8.301126
   2720000      6.510389     -8.342285
   2740000      6.610995     -8.391727
   2760000      6.648700     -8.441201
   2780000      6.688930     -8.515952
   2800000      6.803644     -8.548530
   2820000      6.864630     -8.561522
   2840000      6.893103     -8.649194
   2860000      6.879300     -8.748930
   2880000      6.911471     -8.813206
   2900000      6.954575     -8.869974
   2920000      6.953057     -8.967574
   2940000      7.074406     -8.980149
   2960000      7.065657     -9.085994
   2980000      7.075705     -9.162002
   3000000      7.156263     -9.196153
   3020000      7.217900     -9.210841
   3040000      7.121712     -9.351433
   3060000      7.115709     -9.416228
   3080000      7.199344     -9.485259
   3100000      7.245166     -9.549865
   3120000      7.291264     -9.597780
   3140000      7.236228     -9.704412
   3160000      7.287078     -9.752370
   3180000      7.407368     -9.780109
   3200000      7.493651     -9.786688
   3220000      7.572026     -9.789108
   3240000      7.660743     -9.718833
   3260000      7.733102     -9.714980
   3280000      7.801394     -9.727301
   3300000      7.829653     -9.893694
   3320000      7.896094     -9.956547
   3340000      7.956448     -9.970845
   3360000      8.025884     -9.958483
   3380000      8.014549    -10.122849
   3400000      8.119945    -10.107618
   3420000      8.194142    -10.119837
   3440000      8.249610    -10.185193
   3460000      8.293018    -10.265887
   3480000      8.407886    -10.158481
   3500000      8.415550    -10.336026
   3520000      8.471989    -10.365361
   3540000      8.532834    -10.415629
   3560000      8.600735    -10.434531
   3580000      8.647479    -10.482129
   3600000      8.730009    -10.480628
   3620000      8.793432    -10.476930
   3640000      8.787473    -10.606282
   3660000      8.790450    -10.682599
   3680000      8.871442    -10.708868
   3700000      8.884900    -10.805664
   3720000      8.932199    -10.837922
   3740000      8.859173    -10.926483
   3760000      8.823859    -11.002637
   3780000      8.857255    -11.074087
   3800000      8.818545    -11.129451
   3820000      8.881461    -11.203079
   3840000      8.835472    -11.293766
   3860000      8.868689    -11.360687
   3880000      8.858210    -11.425136
   3900000      8.870310    -11.491369
   3920000      8.818563    -11.560099
   3940000      9.024412    -11.586690
   3960000      9.081998    -11.620864
   3980000      9.092176    -11.695204
   4000000      9.196930    -11.730247
   4020000      9.323710    -11.727928
   4040000      9.321190    -11.842774
   4060000      9.311982    -11.916716
   4080000      9.416692    -11.906334
   4100000      9.434967    -11.987974
   4120000      9.434617    -12.119980
   4140000      9.447605    -12.177491
   4160000      9.448290    -12.234420
   4180000      9.466488    -12.303141
   4200000      9.462337    -12.395873
   4220000      9.554631    -12.426938
   4240000      9.612466    -12.496564
   4260000      9.726585    -12.502019
   4280000      9.782616    -12.544093
   4300000      9.780588    -12.652021
   4320000      9.834167    -12.686173
   4340000      9.898106    -12.662996
   4360000      9.908564    -12.802945
   4380000      9.961167    -12.774213
   4400000     10.005491    -12.819733
   4420000     10.042392    -12.866086
   4440000     10.067333    -13.034209
   4460000      9.991355    -13.188776
   4480000     10.022808    -13.253543
   4500000     10.215923    -13.193243
   4520000     10.325044    -13.144402
   4540000     10.381437    -13.158603
   4560000     10.412923    -13.199477
   4580000     10.488294    -13.253333
   4600000     10.452505    -13.417392
   4620000     10.414390    -13.508954
   4640000     10.504282    -13.556870
   4660000     10.516457    -13.647613
   4680000     10.568039    -13.695891
   4700000     10.562568    -13.795148
   4720000     10.650919    -13.826045
   4740000     10.678906    -13.901600
   4760000     10.665234    -13.976103
   4780000     10.700247    -14.025426
   4800000     10.636193    -14.136781
   4820000     10.605179    -14.205028
   4840000     10.663513    -14.259759
   4860000     10.680008    -14.320489
   4880000     10.716075    -14.387857
   4900000     10.788330    -14.478503
   4920000     10.850026    -14.524581
   4940000     10.898125    -14.559847
   4960000     10.861773    -14.657278
   4980000     10.862145    -14.740768
   5000000     11.017399    -14.729667
   5020000     10.926693    -14.860350
   5040000     10.876265    -14.941386
   5060000     10.892567    -15.027256
   5080000     10.940408    -15.080929
   5100000     11.045603    -15.141222
   5120000     11.148416    -15.155211
   5140000     11.181281    -15.212875
   5160000     11.094522    -15.311844
   5180000     11.142331    -15.374470
   5200000     11.125679    -15.455947
   5220000     11.165290    -15.505175
   5240000     11.206792    -15.556189
   5260000     11.252131    -15.602552
   5280000     11.075134    -15.725877
   5300000     11.000048    -15.805921
   5320000     10.950670    -15.859819
   5340000     10.893230    -15.883194
   5360000     11.055459    -16.002580
   5380000     10.942592    -16.055984
   5400000     11.026364    -16.132806
   5420000     11.023099    -16.197800
   5440000     10.978569    -16.254968
   5460000     10.963741    -16.326413
   5480000     11.009652    -16.402944
   5500000     10.970677    -16.471443
   5520000     10.917395    -16.524272
   5540000     10.862592    -16.582677
   5560000     10.926003    -16.669891
   5580000     10.876926    -16.742325
   5600000     11.015882    -16.817766
   5620000     11.008915    -16.877095
   5640000     11.046459    -16.933343
   5660000     11.129589    -16.964464
   5680000     11.155423    -17.021696
   5700000     11.225925    -17.064927
   5720000     11.195672    -17.149900
   5740000     11.230599    -17.227975
   5760000     11.089406    -17.335235
   5780000     11.120591    -17.402762
   5800000     11.336189    -17.380100
   5820000     11.379874    -17.408676
   5840000     11.441311    -17.431704
   5860000     11.363910    -17.605593
   5880000     11.322940    -17.700581
   5900000     11.335628    -17.786560
   5920000     11.333050    -17.845494
   5940000     11.395848    -17.908954
   5960000     11.383518    -17.977193
   5980000     11.411359    -18.034093
   6000000     11.434389    -18.087371
