         0      4.000000      0.000000
     20000      4.039225      0.058668
     40000      4.103237      0.095313
     60000      4.178161      0.055557
     80000      4.237920      0.139619
    100000      4.334656      0.071730
    120000      4.399843      0.056615
    140000      4.469100      0.057026
    160000      4.529970      0.136372
    180000      4.595978      0.160827
    200000      4.666937      0.074655
    220000      4.756411      0.109777
    240000      4.825194      0.112121
    260000      4.882281      0.207124
    280000      4.909970      0.294131
    300000      4.957493      0.343877
    320000      5.042571      0.358050
    340000      5.065242      0.473478
    360000      5.213317      0.353229
    380000      5.299576      0.291538
    400000      5.344030      0.409639
    420000      5.384992      0.501110
    440000      5.444698      0.529994
    460000      5.537702      0.478809
    480000      5.594656      0.545543
    500000      5.574198      0.707624
    520000      5.726588      0.620196
    540000      5.635921      0.840238
    560000      5.694712      0.903594
    580000      5.746537      0.949306
    600000      5.809342      0.981006
    620000      5.846230      1.033412
    640000      5.889649      1.101031
    660000      5.941399      1.152319
    680000      5.969273      1.213832
    700000      6.114210      1.174711
    720000      6.061013      1.319734
    740000      6.144354      1.340544
    760000      6.153869      1.401379
    780000      6.185759      1.484811
    800000      6.184018      1.553144
    820000      6.266936      1.556475
    840000      6.333660      1.614328
    860000      6.374731      1.657592
    880000      6.431056      1.731013
    900000      6.453221      1.809681
    920000      6.541211      1.823700
    940000      6.583418      1.882897
    960000      6.614915      1.929517
    980000      6.584057      2.080072
   1000000      6.627806      2.149321
   1020000      6.662749      2.224691
   1040000      6.633705      2.337480
   1060000      6.746510      2.340927
   1080000      6.768259      2.406769
   1100000      6.822318      2.421418
   1120000      6.884414      2.473032
   1140000      6.855195      2.592440
   1160000      6.862913      2.668155
   1180000      6.817525      2.734007
   1200000      7.019633      2.729582
   1220000      7.059074      2.802512
   1240000      7.121118      2.833447
   1260000      7.109197      2.912894
   1280000      7.162070      2.964568
   1300000      7.202835      3.005999
   1320000      7.074889      3.069520
   1340000      7.336003      3.082292
   1360000      7.467614      3.050456
   1380000      7.550275      3.052796
   1400000      7.491273      3.219775
   1420000      7.462037      3.323100
   1440000      7.398546      3.416735
   1460000      7.625783      3.355771
   1480000      7.686138      3.382374
   1500000      7.516118      3.609982
   1520000      7.402101      3.703086
   1540000      7.362072      3.764442
   1560000      7.326995      3.801697
   1580000      7.497864      3.931135
   1600000      7.377180      4.016221
   1620000      7.351295      4.070703
   1640000      7.437604      4.156349
   1660000      7.473887      4.223646
   1680000      7.574786      4.293651
   1700000      7.648760      4.339672
   1720000      7.477366      4.441771
   1740000      7.550836      4.494620
   1760000      7.458912      4.539221
   1780000      7.489468      4.627411
   1800000      7.691600      4.672119
   1820000      7.694864      4.751412
   1840000      7.687766      4.830596
   1860000      7.733034      4.872760
   1880000      7.715427      4.946147
   1900000      7.749734      5.006507
   1920000      7.749637      5.065609
   1940000      7.766984      5.137969
   1960000      7.762849      5.217470
   1980000      7.804881      5.263150
   2000000      7.857893      5.329116
   2020000      7.803305      5.371162
   2040000      8.026293      5.433989
   2060000      7.991770      5.512043
   2080000      7.959357      5.571366
   2100000      8.005493      5.637627
   2120000      7.990227      5.699735
   2140000      7.961161      5.764088
   2160000      8.012145      5.841400
   2180000      7.942008      5.891814
   2200000      8.106829      5.979516
   2220000      8.015865      6.041185
   2240000      8.085180      6.110105
   2260000      8.047741      6.174380
   2280000      7.970740      6.220377
   2300000      7.902257      6.282676
   2320000      7.853272      6.328080
   2340000      7.880219      6.411691
   2360000      7.843376      6.447626
   2380000      7.786217      6.467644
   2400000      7.754277      6.488707
   2420000      7.815983      6.614602
   2440000      7.751362      6.655480
   2460000      7.718475      6.708215
   2480000      7.672893      6.799181
   2500000      7.647225      6.854515
   2520000      7.680205      6.952247
   2540000      7.576519      6.949217
   2560000      7.523590      7.005778
   2580000      7.540317      7.101032
   2600000      7.538284      7.173111
   2620000      7.368848      7.151345
   2640000      7.493897      7.321507
   2660000      7.650840      7.415216
   2680000      7.529771      7.474332
   2700000      7.500543      7.535561
   2720000      7.426620      7.558764
   2740000      7.385382      7.624173
   2760000      7.395224      7.701045
   2780000      7.345328      7.738438
   2800000      7.305088      7.817229
   2820000      7.242584      7.858764
   2840000      7.235851      7.928173
   2860000      7.174957      7.985835
   2880000      7.139796      8.057133
   2900000      7.130401      8.128633
   2920000      7.028306      8.147412
   2940000      7.005868      8.200313
   2960000      6.856399      8.138663
   2980000      6.796630      8.157649
   3000000      6.688138      8.113595
   3020000      6.663603      8.283722
   3040000      6.612966      8.351951
   3060000      6.593509      8.431197
   3080000      6.610730      8.527256
   3100000      6.525735      8.538882
   3120000      6.441876      8.537546
   3140000      6.366211      8.530259
   3160000      6.380616      8.703657
   3180000      6.347882      8.759339
   3200000      6.315581      8.820045
   3220000      6.326122      8.908099
   3240000      6.282824      8.947691
   3260000      6.324955      9.028169
   3280000      6.291107      9.095098
   3300000      6.251359      9.139957
   3320000      6.260375      9.232018
   3340000      6.251049      9.297554
   3360000      6.243178      9.355382
   3380000      6.193342      9.407036
   3400000      6.141870      9.472665
   3420000      6.066023      9.506980
   3440000      5.970498      9.496424
   3460000      6.063691      9.662851
   3480000      5.953968      9.698757
   3500000      5.907229      9.723862
   3520000      5.814708      9.679720
   3540000      5.867536      9.879729
   3560000      5.804011      9.930308
   3580000      5.768416      9.987389
   3600000      5.872684     10.093738
   3620000      5.789235     10.159166
   3640000      5.746769     10.251368
   3660000      5.771530     10.318791
   3680000      5.796355     10.403914
   3700000      5.889187     10.463946
   3720000      5.896599     10.524043
   3740000      5.892273     10.582838
   3760000      5.847685     10.629807
   3780000      5.859471     10.700251
   3800000      5.744804     10.697893
   3820000      5.799234     10.812610
   3840000      6.006164     10.886000
   3860000      5.955762     10.960976
   3880000      6.027274     11.008614
   3900000      6.038732     11.112289
   3920000      6.057582     11.188302
   3940000      6.126803     11.237608
   3960000      6.219656     11.254864
   3980000      6.231568     11.317394
   4000000      6.281138     11.373669
   4020000      6.346840     11.396853
   4040000      6.424619     11.362882
   4060000      6.480043     11.383343
   4080000      6.507803     11.477707
   4100000      6.557152     11.506639
   4120000      6.618369     11.515950
   4140000      6.653176     11.591350
   4160000      6.719933     11.597492
   4180000      6.739381     11.682784
   4200000      6.739146     11.757719
   4220000      6.857398     11.784774
   4240000      6.759814     11.871829
   4260000      6.964697     11.858613
   4280000      7.029387     11.908223
   4300000      7.071646     11.950949
   4320000      7.104933     12.011185
   4340000      7.100182     12.114292
   4360000      7.112168     12.180056
   4380000      7.154567     12.214726
   4400000      7.107889     12.290782
   4420000      7.172818     12.341549
   4440000      7.233175     12.401632
   4460000      7.214308     12.493682
   4480000      7.212882     12.566889
   4500000      7.250394     12.636347
   4520000      7.420936     12.617375
   4540000      7.388884     12.731166
   4560000      7.411798     12.784729
   4580000      7.376189     12.845114
   4600000      7.570392     12.845806
   4620000      7.620429     12.876608
   4640000      7.464874     13.051219
   4660000      7.481163     13.128433
   4680000      7.562104     13.181868
   4700000      7.537238     13.251350
   4720000      7.690396     13.241988
   4740000      7.607861     13.358581
   4760000      7.574190     13.441202
   4780000      7.597289     13.521004
   4800000      7.697256     13.551217
   4820000      7.756613     13.596314
   4840000      7.698230     13.701930
   4860000      7.712422     13.765999
   4880000      7.783905     13.805072
   4900000      7.825680     13.885785
   4920000      7.839437     13.951965
   4940000      7.872177     14.006328
   4960000      7.891589     14.062518
   4980000      7.797434     14.183971
   5000000      7.737405     14.244829
   5020000      7.992446     14.247259
   5040000      7.977113     14.320191
   5060000      8.058862     14.357396
   5080000      8.052855     14.415974
   5100000      8.106550     14.474686
   5120000      8.187345     14.505877
   5140000      8.225582     14.560103
   5160000      8.301949     14.587716
   5180000      8.360780     14.628971
   5200000      8.426644     14.667756
   5220000      8.489070     14.693150
   5240000      8.371405     14.889267
   5260000      8.379582     14.936676
   5280000      8.308264     15.072832
   5300000      8.323451     15.145039
   5320000      8.358201     15.205354
   5340000      8.364439     15.281235
   5360000      8.371567     15.355779
   5380000      8.320529     15.432019
   5400000      8.339927     15.509022
   5420000      8.056764     15.626700
   5440000      8.050657     15.698054
   5460000      8.020761     15.746372
   5480000      8.042907     15.832346
   5500000      8.016207     15.905766
   5520000      8.067917     15.974560
   5540000      8.142664     16.052307
   5560000      8.179819     16.124874
   5580000      8.082100     16.188968
   5600000      8.096007     16.234480
   5620000      8.121551     16.298495
   5640000      8.005756     16.362657
   5660000      8.102199     16.451686
   5680000      8.033019     16.521487
   5700000      8.071119     16.617707
   5720000      8.137449     16.677249
   5740000      8.016224     16.747922
   5760000      7.978689     16.810647
   5780000      7.950953     16.865346
   5800000      7.926616     16.930684
   5820000      7.891534     16.986377
   5840000      7.754256     16.987016
   5860000      7.733387     17.054269
   5880000      7.664609     17.100197
   5900000      7.688857     17.184356
   5920000      7.545590     17.193679
   5940000      7.461025     17.196598
   5960000      7.377773     17.169263
   5980000      7.305097     17.188183
   6000000      7.240184     17.173649
