         0      4.000000      0.000000
     20000      4.041896     -0.125086
     40000      4.088046     -0.168797
     60000      4.204819     -0.095012
     80000      4.270706     -0.171186
    100000      4.313694     -0.307135
    120000      4.380756     -0.351186
    140000      4.461912     -0.355163
    160000      4.547229     -0.346827
    180000      4.590813     -0.392755
    200000      4.621770     -0.482993
    220000      4.696457     -0.497369
    240000      4.776348     -0.478063
    260000      4.861391     -0.498296
    280000      4.936246     -0.506900
    300000      5.030223     -0.468102
    320000      5.111005     -0.489385
    340000      5.172946     -0.540514
    360000      5.157368     -0.737078
    380000      5.253909     -0.758011
    400000      5.275343     -0.824051
    420000      5.432138     -0.736070
    440000      5.419271     -0.875958
    460000      5.441637     -0.941717
    480000      5.470327     -1.014572
    500000      5.719304     -0.866214
    520000      5.783955     -0.893007
    540000      5.746641     -1.055242
    560000      5.770293     -1.157726
    580000      5.987090     -1.016874
    600000      6.044580     -1.073518
    620000      6.011808     -1.206339
    640000      6.127936     -1.223316
    660000      6.241269     -1.195259
    680000      6.353557     -1.143089
    700000      6.421327     -1.204791
    720000      6.467696     -1.297692
    740000      6.588603     -1.192770
    760000      6.653984     -1.202779
    780000      6.748778     -1.220257
    800000      6.802910     -1.326769
    820000      6.881527     -1.300239
    840000      6.947850     -1.279457
    860000      7.021812     -1.265159
    880000      7.111931     -1.174249
    900000      7.190849     -1.299685
    920000      7.293217     -1.249826
    940000      7.346275     -1.358653
    960000      7.431810     -1.261381
    980000      7.499602     -1.304644
   1000000      7.564490     -1.248903
   1020000      7.640351     -1.242918
   1040000      7.659070     -1.078955
   1060000      7.773442     -1.100354
   1080000      7.849399     -1.031485
   1100000      7.949233     -1.060417
   1120000      7.955831     -0.928663
   1140000      8.063970     -0.979897
   1160000      8.094313     -0.837940
   1180000      8.206676     -0.926882
   1200000      8.293895     -0.918978
   1220000      8.402283     -1.068582
   1240000      8.463851     -1.055190
   1260000      8.525953     -1.010169
   1280000      8.615640     -0.995706
   1300000      8.680498     -0.948872
   1320000      8.754527     -1.055386
   1340000      8.827149     -1.003919
   1360000      8.913051     -0.985797
   1380000      8.988532     -1.003735
   1400000      9.059779     -1.019354
   1420000      9.132236     -1.020075
   1440000      9.198579     -1.065504
   1460000      9.268984     -1.046023
   1480000      9.351569     -1.094288
   1500000      9.354952     -1.315164
   1520000      9.443986     -1.312685
   1540000      9.465934     -1.400816
   1560000      9.561125     -1.366363
   1580000      9.649911     -1.387812
   1600000      9.645139     -1.545688
   1620000      9.717455     -1.548919
   1640000      9.787141     -1.568902
   1660000      9.820051     -1.659297
   1680000      9.838855     -1.721687
   1700000      9.910153     -1.738513
   1720000      9.925869     -1.827466
   1740000      9.908710     -1.939001
   1760000      9.953521     -2.025872
   1780000      9.944040     -2.119260
   1800000     10.048697     -2.157074
   1820000     10.034878     -2.263471
   1840000     10.104977     -2.300430
   1860000     10.147192     -2.353305
   1880000     10.269383     -2.334897
   1900000     10.308777     -2.378787
   1920000     10.333143     -2.420390
   1940000     10.405768     -2.423436
   1960000     10.452116     -2.498245
   1980000     10.522298     -2.411777
   2000000     10.602602     -2.408346
   2020000     10.667852     -2.479975
   2040000     10.746566     -2.390172
   2060000     10.818573     -2.483236
   2080000     10.890369     -2.457100
   2100000     10.963234     -2.398026
   2120000     11.015183     -2.408469
   2140000     11.082135     -2.707986
   2160000     11.143895     -2.730979
   2180000     11.214343     -2.736123
   2200000     11.271471     -2.805345
   2220000     11.321592     -2.865193
   2240000     11.351695     -2.975141
   2260000     11.387874     -3.041450
   2280000     11.491214     -3.030132
   2300000     11.521858     -3.137748
   2320000     11.583248     -3.178974
   2340000     11.546240     -3.313572
   2360000     11.598817     -3.359586
   2380000     11.596858     -3.449780
   2400000     11.538600     -3.547757
   2420000     11.606519     -3.585448
   2440000     11.662923     -3.647440
   2460000     11.831687     -3.669939
   2480000     11.814154     -3.758702
   2500000     11.755929     -3.856925
   2520000     11.740505     -3.934362
   2540000     11.642103     -4.007950
   2560000     11.627345     -4.077694
   2580000     11.818373     -4.163909
   2600000     11.830808     -4.258722
   2620000     11.853527     -4.342463
   2640000     11.948965     -4.385187
   2660000     11.959918     -4.455847
   2680000     12.018263     -4.488939
   2700000     12.117253     -4.512778
   2720000     12.023327     -4.670974
   2740000     11.843734     -4.794417
   2760000     11.914150     -4.859068
   2780000     11.877988     -4.948413
   2800000     11.846508     -5.018863
   2820000     11.920942     -5.082684
   2840000     11.955912     -5.179896
   2860000     11.946950     -5.246836
   2880000     12.011627     -5.275679
   2900000     12.020614     -5.370921
   2920000     12.147151     -5.393517
   2940000     12.205238     -5.409694
   2960000     12.166569     -5.546969
   2980000     12.219962     -5.596912
   3000000     12.110444     -5.744612
   3020000     12.212620     -5.800441
   3040000     12.312494     -5.830120
   3060000     12.074328     -5.969754
   3080000     12.210549     -6.044401
   3100000     12.305016     -6.089387
   3120000     12.249799     -6.158796
   3140000     12.294736     -6.249616
   3160000     12.241071     -6.310212
   3180000     12.269227     -6.368821
   3200000     12.227655     -6.433121
   3220000     12.172295     -6.486495
   3240000     12.108313     -6.538529
   3260000     12.009141     -6.567792
   3280000     11.934226     -6.578801
   3300000     11.929488     -6.667199
   3320000     11.887007     -6.721541
   3340000     11.813797     -6.748073
   3360000     11.766355     -6.793802
   3380000     11.799714     -6.946422
   3400000     11.822942     -7.044867
   3420000     11.799922     -7.129864
   3440000     11.778759     -7.192624
   3460000     11.999304     -7.315212
   3480000     12.094705     -7.366100
   3500000     12.099430     -7.461269
   3520000     12.065470     -7.549211
   3540000     11.962786     -7.614522
   3560000     12.120902     -7.670538
   3580000     12.149726     -7.742690
   3600000     12.177737     -7.797085
   3620000     11.791049     -7.920730
   3640000     11.755573     -7.993804
   3660000     11.719128     -8.053068
   3680000     11.755081     -8.128232
   3700000     11.837125     -8.215574
   3720000     11.693894     -8.295621
   3740000     11.654134     -8.357141
   3760000     11.612621     -8.422120
   3780000     11.631465     -8.520411
   3800000     11.673046     -8.597655
   3820000     11.754713     -8.646807
   3840000     11.721635     -8.724893
   3860000     11.750014     -8.785565
   3880000     11.736366     -8.874792
   3900000     11.831139     -8.934887
   3920000     11.867589     -9.001295
   3940000     11.819244     -9.086557
   3960000     11.880878     -9.132026
   3980000     11.951348     -9.198922
   4000000     11.965432     -9.258092
   4020000     11.863594     -9.354434
   4040000     11.927465     -9.413332
   4060000     11.901135     -9.494455
   4080000     12.033996     -9.553277
   4100000     11.970863     -9.641856
   4120000     12.038369     -9.691341
   4140000     12.082649     -9.741884
   4160000     12.055169     -9.806708
   4180000     12.035989     -9.875994
   4200000     12.097415     -9.958730
   4220000     12.146766    -10.024297
   4240000     12.210239    -10.078002
   4260000     12.335001    -10.098669
   4280000     12.347215    -10.183088
   4300000     12.304700    -10.307329
   4320000     12.373102    -10.370152
   4340000     12.425302    -10.409931
   4360000     12.496086    -10.447155
   4380000     12.491169    -10.536924
   4400000     12.534721    -10.611064
   4420000     12.596693    -10.645775
   4440000     12.588053    -10.758423
   4460000     12.845943    -10.667762
   4480000     12.951061    -10.639304
   4500000     12.931260    -10.793622
   4520000     12.998192    -10.842950
   4540000     13.143911    -10.781009
   4560000     13.195845    -10.848208
   4580000     13.220500    -10.955192
   4600000     13.275471    -10.990874
   4620000     13.294666    -11.096049
   4640000     13.369026    -11.138339
   4660000     13.445365    -11.170239
   4680000     13.533084    -11.195028
   4700000     13.568018    -11.264069
   4720000     13.595676    -11.326487
   4740000     13.599625    -11.399742
   4760000     13.615631    -11.456078
   4780000     13.643079    -11.539307
   4800000     13.675319    -11.609487
   4820000     13.722797    -11.669601
   4840000     13.627655    -11.763300
   4860000     13.612361    -11.834533
   4880000     13.789252    -11.879125
   4900000     13.776963    -11.945663
   4920000     13.764624    -12.000268
   4940000     13.804993    -12.072509
   4960000     13.850313    -12.136809
   4980000     13.909849    -12.201508
   5000000     13.925810    -12.271374
   5020000     13.908150    -12.356081
   5040000     14.006235    -12.420084
   5060000     13.897231    -12.536838
   5080000     13.928118    -12.623603
   5100000     13.968688    -12.685565
   5120000     13.897478    -12.776791
   5140000     13.975229    -12.838778
   5160000     13.973169    -12.913595
   5180000     13.989531    -12.981565
   5200000     14.106922    -13.014713
   5220000     14.139047    -13.082823
   5240000     14.174150    -13.137900
   5260000     14.170601    -13.220900
   5280000     14.232450    -13.273061
   5300000     14.288900    -13.321118
   5320000     14.282322    -13.409022
   5340000     14.287333    -13.479924
   5360000     14.373511    -13.525523
   5380000     14.337187    -13.629677
   5400000     14.312734    -13.699617
   5420000     14.457700    -13.760109
   5440000     14.471977    -13.853322
   5460000     14.427293    -13.956737
   5480000     14.434489    -14.030936
   5500000     14.509608    -14.089918
   5520000     14.418918    -14.209084
   5540000     14.410646    -14.283042
   5560000     14.598437    -14.309507
   5580000     14.691385    -14.349869
   5600000     14.590710    -14.451173
   5620000     14.542586    -14.523197
   5640000     14.529720    -14.605842
   5660000     14.582762    -14.691465
   5680000     14.662786    -14.758080
   5700000     14.656912    -14.826119
   5720000     14.759942    -14.897041
   5740000     14.717139    -14.998142
   5760000     14.810729    -15.051795
   5780000     14.714120    -15.154543
   5800000     14.817693    -15.209151
   5820000     14.773000    -15.301150
   5840000     14.771541    -15.364971
   5860000     14.828450    -15.420497
   5880000     14.927611    -15.452823
   5900000     15.048808    -15.479088
   5920000     15.058652    -15.558875
   5940000     15.124750    -15.600274
   5960000     15.151825    -15.652355
   5980000     15.080399    -15.801808
   6000000     15.066993    -15.881091
