         0      4.000000      0.000000
     20000      4.004855     -0.011288
     40000      4.006579     -0.016603
     60000      4.011860     -0.009322
     80000      4.012758     -0.002446
    100000      4.011601     -0.003719
    120000      4.005784      0.000867
    140000      4.011822     -0.000884
    160000      4.010153     -0.012801
    180000      4.011085     -0.006556
    200000      4.010215     -0.009613
    220000      4.014285     -0.002365
    240000      4.013410      0.005150
    260000      4.013138     -0.014370
    280000      4.013619      0.003023
    300000      4.013444     -0.001844
    320000      4.015531     -0.005414
    340000      4.012505     -0.011491
    360000      4.012373     -0.003667
    380000      4.014288     -0.000858
    400000      4.013510      0.005475
    420000      4.012455     -0.006722
    440000      4.015129     -0.000801
    460000      4.012546      0.001622
    480000      4.014496     -0.008452
    500000      4.014452     -0.000149
    520000      4.013006      0.001775
    540000      4.014184      0.000782
    560000      4.013773     -0.009509
    580000      4.011162     -0.003345
    600000      4.013243     -0.011644
    620000      4.013572     -0.014678
    640000      4.015483     -0.006342
    660000      4.011832     -0.000227
    680000      4.018462     -0.004140
    700000      4.015560     -0.008694
    720000      4.017339     -0.006464
    740000      4.014206     -0.004269
    760000      4.009579      0.006078
    780000      4.014700     -0.000122
    800000      4.013689      0.004768
    820000      4.009853     -0.004312
    840000      4.009361     -0.001798
    860000      4.019555     -0.009956
    880000      4.024977     -0.058311
    900000      4.068924      0.016014
    920000      4.073603      0.110208
    940000      4.025576      0.357098
    960000      4.060666      0.310242
    980000      4.056649      0.396594
   1000000      4.002638      0.504283
   1020000      4.007560      0.516537
   1040000      4.037757      0.526988
   1060000      4.073635      0.530197
   1080000      4.013807      0.600462
   1100000      4.076487      0.523731
   1120000      4.449282      0.244160
   1140000      4.505512      0.225306
   1160000      4.553433      0.224348
   1180000      4.551692      0.218050
   1200000      4.585437      0.335318
   1220000      4.647877      0.279141
   1240000      4.553018      0.471976
   1260000      4.729036      0.145321
   1280000      4.804584      0.199028
   1300000      4.839653      0.195139
   1320000      4.867264      0.206154
   1340000      4.912417      0.100362
   1360000      4.920437      0.243349
   1380000      4.828479      0.418875
   1400000      5.038461      0.110169
   1420000      4.912172      0.316592
   1440000      4.963872      0.363437
   1460000      4.835529      0.538386
   1480000      4.972769      0.534025
   1500000      5.013432      0.529350
   1520000      5.194906      0.305486
   1540000      5.222468      0.324431
   1560000      5.249932      0.283764
   1580000      5.252097      0.377271
   1600000      5.245508      0.516634
   1620000      5.291752      0.493239
   1640000      5.290294      0.557146
   1660000      5.425582      0.401609
   1680000      5.483554      0.351272
   1700000      5.476001      0.420760
   1720000      5.573548      0.283181
   1740000      5.596291      0.268783
   1760000      5.651303      0.252026
   1780000      5.683088      0.254800
   1800000      5.704555      0.300258
   1820000      5.740025      0.288119
   1840000      5.760574      0.212706
   1860000      5.787794      0.289061
   1880000      5.790925      0.009538
   1900000      5.850898      0.071184
   1920000      5.893914      0.286082
   1940000      5.928305      0.259047
   1960000      5.953254      0.105342
   1980000      5.992952      0.180367
   2000000      6.021237      0.205179
   2020000      6.063346      0.060207
   2040000      6.114039      0.046182
   2060000      6.150278      0.055730
   2080000      6.171095      0.020747
   2100000      6.212986      0.100556
   2120000      6.248501     -0.129523
   2140000      6.311666      0.195111
   2160000      6.332300     -0.057005
   2180000      6.335977      0.426331
   2200000      6.394989     -0.006053
   2220000      6.451364      0.100476
   2240000      6.493522      0.142261
   2260000      6.517090      0.083053
   2280000      6.547917      0.060676
   2300000      6.592864      0.182959
   2320000      6.618270      0.062864
   2340000      6.648049      0.096679
   2360000      6.657893      0.290343
   2380000      6.701947      0.213016
   2400000      6.734413      0.267274
   2420000      6.778243      0.283688
   2440000      6.807620      0.289385
   2460000      6.836068      0.304349
   2480000      6.837376      0.390112
   2500000      6.868244      0.383227
   2520000      6.906228      0.202487
   2540000      6.888244     -0.216272
   2560000      6.957460     -0.076471
   2580000      7.029520      0.107012
   2600000      6.987075     -0.181656
   2620000      7.066633     -0.060686
   2640000      6.997890     -0.073014
   2660000      7.127825     -0.065068
   2680000      7.085777     -0.271423
   2700000      7.076092     -0.324934
   2720000      7.074208     -0.365984
   2740000      7.096560     -0.383389
   2760000      7.075360     -0.447424
   2780000      7.138675     -0.441202
   2800000      7.087695     -0.518682
   2820000      7.334791     -0.219692
   2840000      7.344895     -0.280918
   2860000      7.343558     -0.374066
   2880000      7.356291     -0.427399
   2900000      7.390938     -0.422485
   2920000      7.402086     -0.449651
   2940000      7.363943     -0.493134
   2960000      7.489110     -0.392091
   2980000      7.596477     -0.236195
   3000000      7.553744     -0.368168
   3020000      7.650231     -0.270565
   3040000      7.666461     -0.242272
   3060000      7.755024     -0.032925
   3080000      7.787515     -0.039869
   3100000      7.799534     -0.029023
   3120000      7.817690     -0.231667
   3140000      7.874822     -0.106933
   3160000      7.909133     -0.093550
   3180000      7.942996     -0.158904
   3200000      7.985208     -0.076963
   3220000      8.017696     -0.091987
   3240000      8.025734     -0.177796
   3260000      8.070114     -0.108260
   3280000      8.056740     -0.059150
   3300000      8.119274     -0.246667
   3320000      8.152171     -0.054111
   3340000      8.206551     -0.146509
   3360000      8.216425     -0.207386
   3380000      8.253470     -0.159882
   3400000      8.277676     -0.189222
   3420000      8.291997     -0.188269
   3440000      8.316955      0.009265
   3460000      8.348397     -0.063788
   3480000      8.370475      0.099783
   3500000      8.392969      0.110736
   3520000      8.405331     -0.012940
   3540000      8.450808      0.115129
   3560000      8.487988      0.003899
   3580000      8.504183      0.121784
   3600000      8.498888      0.235480
   3620000      8.549275      0.095835
   3640000      8.581584      0.144154
   3660000      8.588373      0.155059
   3680000      8.633809      0.204318
   3700000      8.664149      0.140197
   3720000      8.693593      0.154424
   3740000      8.715723      0.141543
   3760000      8.732871      0.190210
   3780000      8.749275      0.069001
   3800000      8.782856      0.003288
   3820000      8.817086      0.272291
   3840000      8.861018      0.222690
   3860000      8.885111      0.162596
   3880000      8.910487      0.169936
   3900000      8.940439      0.240034
   3920000      8.962943      0.232573
   3940000      8.987330      0.256902
   3960000      9.033111      0.214359
   3980000      9.051728      0.199649
   4000000      9.061766      0.150557
   4020000      9.089434      0.145299
   4040000      9.114042      0.152194
   4060000      9.148911      0.138284
   4080000      9.127652     -0.013306
   4100000      9.224375      0.314786
   4120000      9.252198      0.415774
   4140000      9.276047      0.449669
   4160000      9.274827      0.549669
   4180000      9.246689      0.594741
   4200000      9.390093      0.457114
   4220000      9.430760      0.334837
   4240000      9.414600      0.548565
   4260000      9.411121      0.591517
   4280000      9.486491      0.545844
   4300000      9.512087      0.586563
   4320000      9.589897      0.473748
   4340000      9.637801      0.438521
   4360000      9.619032      0.577314
   4380000      9.657504      0.585105
   4400000      9.603918      0.683362
   4420000      9.647151      0.692753
   4440000      9.801945      0.453621
   4460000      9.721627      0.678426
   4480000      9.830378      0.516893
   4500000      9.883506      0.409677
   4520000      9.945437      0.290374
   4540000      9.972648      0.279989
   4560000      9.998333      0.271875
   4580000     10.019330      0.097225
   4600000     10.053373      0.096122
   4620000     10.065879      0.086250
   4640000     10.103346      0.096874
   4660000     10.145720      0.129248
   4680000     10.171523      0.075836
   4700000     10.201728      0.077610
   4720000     10.235515      0.185074
   4740000     10.257552      0.085004
   4760000     10.282459      0.132406
   4780000     10.322726      0.065343
   4800000     10.338965      0.245972
   4820000     10.383041      0.447418
   4840000     10.423431      0.453736
   4860000     10.448358      0.338026
   4880000     10.486854      0.379373
   4900000     10.518619      0.373782
   4920000     10.508153      0.217106
   4940000     10.581215      0.418615
   4960000     10.618926      0.457309
   4980000     10.644012      0.456346
   5000000     10.661285      0.314239
   5020000     10.685767      0.517323
   5040000     10.700782      0.534662
   5060000     10.731726      0.531188
   5080000     10.756573      0.492635
   5100000     10.737053      0.650280
   5120000     10.694497      0.779599
   5140000     10.723157      0.802715
   5160000     10.861003      0.419377
   5180000     10.918018      0.346446
   5200000     10.956554      0.195800
   5220000     10.979696      0.203939
   5240000     11.010671      0.261318
   5260000     11.029276      0.117014
   5280000     11.040677      0.313577
   5300000     11.077810      0.310369
   5320000     11.112013      0.303874
   5340000     11.099737      0.376234
   5360000     11.178570      0.228356
   5380000     11.167524     -0.001735
   5400000     11.193048      0.332511
   5420000     11.201137      0.392655
   5440000     11.274960      0.309034
   5460000     11.304903      0.218518
   5480000     11.325187      0.188575
   5500000     11.343774      0.182224
   5520000     11.352586      0.415351
   5540000     11.417585      0.275951
   5560000     11.430489      0.323516
   5580000     11.484917      0.205116
   5600000     11.514994      0.183438
   5620000     11.564195      0.266645
   5640000     11.618407      0.108972
   5660000     11.654076      0.162758
   5680000     11.678447      0.134080
   5700000     11.699384      0.271819
   5720000     11.716896      0.338179
   5740000     11.727578      0.430357
   5760000     11.665807      0.652029
   5780000     11.688859      0.674651
   5800000     11.709836      0.682122
   5820000     11.763783      0.664976
   5840000     11.734253      0.763519
   5860000     11.766586      0.760638
   5880000     11.908137      0.536969
   5900000     11.869779      0.716383
   5920000     11.790445      0.873794
   5940000     11.789966      0.949045
   5960000     11.791130      0.980003
   5980000     11.902022      0.882818
   6000000     11.940539      0.892607
   6020000     11.984229      0.875611
   6040000     12.109025      0.758953
   6060000     12.156670      0.723726
   6080000     12.197396      0.594827
   6100000     12.240371      0.604644
   6120000     12.253884      0.634178
   6140000     12.286450      0.631538
   6160000     12.311879      0.648393
   6180000     12.350509      0.691145
   6200000     12.376956      0.812934
   6220000     12.445885      0.667248
   6240000     12.371596      0.942365
   6260000     12.382276      1.059043
   6280000     12.416494      1.037665
   6300000     12.438531      1.072042
   6320000     12.555608      0.891888
   6340000     12.575036      0.923049
   6360000     12.646826      0.840429
   6380000     12.693585      0.814184
   6400000     12.673381      0.924829
   6420000     12.704227      0.908172
   6440000     12.744660      0.995987
   6460000     12.811794      0.774784
   6480000     12.636972      1.281305
   6500000     12.650347      1.351446
   6520000     12.700690      1.376209
   6540000     12.635051      1.500837
   6560000     12.663742      1.515226
   6580000     12.691071      1.514641
   6600000     12.714261      1.527913
   6620000     12.708156      1.585542
   6640000     12.733068      1.601473
   6660000     12.808379      1.558230
   6680000     12.822575      1.594507
   6700000     12.811219      1.643030
   6720000     12.798454      1.678238
   6740000     12.897525      1.639124
   6760000     12.806286      1.721998
   6780000     12.845132      1.729379
   6800000     13.073444      1.615999
   6820000     13.182495      1.544074
   6840000     13.203745      1.564954
   6860000     13.100953      1.703391
   6880000     13.231328      1.577954
   6900000     13.271859      1.618552
   6920000     13.253926      1.669043
   6940000     13.279307      1.679342
   6960000     13.258813      1.753629
   6980000     13.274682      1.772623
   7000000     13.525601      1.292442
   7020000     13.545265      1.261661
   7040000     13.573256      1.310785
   7060000     13.500904      1.595218
   7080000     13.574725      1.611697
   7100000     13.527234      1.732655
   7120000     13.580502      1.702042
   7140000     13.609251      1.700811
   7160000     13.669266      1.677816
   7180000     13.516043      1.894553
   7200000     13.332189      2.048197
   7220000     13.403089      2.090471
   7240000     13.452423      2.057217
   7260000     13.408699      2.134472
   7280000     13.523059      2.091589
   7300000     13.593511      2.096168
   7320000     13.581173      2.132873
   7340000     13.753305      1.940634
   7360000     13.787386      1.950473
   7380000     13.784980      2.010401
   7400000     13.817236      2.007910
   7420000     13.834272      2.061909
   7440000     13.853315      2.084486
   7460000     13.887163      2.084844
   7480000     13.855571      2.196652
   7500000     13.806303      2.281067
   7520000     13.955843      2.169969
   7540000     14.047824      2.094833
   7560000     14.088589      2.071697
   7580000     14.124423      2.081764
   7600000     14.125096      2.065262
   7620000     13.933795      2.445517
   7640000     13.841226      2.584815
   7660000     13.762973      2.638491
   7680000     13.941419      2.560413
   7700000     14.029144      2.483383
   7720000     13.963672      2.610920
   7740000     13.963608      2.661592
   7760000     13.975163      2.684311
   7780000     13.977944      2.729916
   7800000     14.115834      2.652379
   7820000     14.152457      2.681644
   7840000     14.169389      2.690563
   7860000     14.189417      2.713472
   7880000     14.052938      2.883971
   7900000     14.077172      2.899439
   7920000     14.078466      2.938591
   7940000     14.221843      2.849529
   7960000     14.223563      2.903509
   7980000     14.240176      2.928741
   8000000     14.196219      3.012695
   8020000     14.241968      3.007751
   8040000     14.255527      3.019945
   8060000     14.264950      3.059870
   8080000     14.450119      2.935901
   8100000     14.465428      2.966420
   8120000     14.466273      3.017559
   8140000     14.246652      3.170939
   8160000     14.398801      3.140073
   8180000     14.662705      2.954477
   8200000     14.535544      3.059912
   8220000     14.469176      3.210159
   8240000     14.462413      3.237801
   8260000     14.306247      3.333115
   8280000     14.282032      3.371367
   8300000     14.323424      3.392797
   8320000     14.368156      3.415748
   8340000     14.427958      3.417566
   8360000     14.464375      3.411942
   8380000     14.393039      3.481283
   8400000     14.337355      3.541285
   8420000     14.458589      3.537110
   8440000     14.388034      3.614914
   8460000     14.494104      3.596862
   8480000     14.321394      3.693402
   8500000     14.235633      3.763888
   8520000     14.550061      3.640236
   8540000     14.235467      3.776996
   8560000     14.334686      3.688790
   8580000     14.354840      3.822036
   8600000     14.243338      3.740459
   8620000     14.448729      3.730126
   8640000     14.400078      3.767279
   8660000     14.716275      3.689656
   8680000     14.936895      3.716917
   8700000     14.651160      3.924295
   8720000     14.803200      3.891785
   8740000     14.812195      3.891567
   8760000     14.964469      3.872851
   8780000     15.019108      3.841616
   8800000     14.960838      3.952850
   8820000     14.929474      4.005833
   8840000     15.014486      3.962016
   8860000     14.733614      4.180110
   8880000     14.635108      4.246382
   8900000     14.633364      4.292008
   8920000     14.733148      4.279991
   8940000     14.829969      4.210173
   8960000     14.872138      4.257138
   8980000     14.796334      4.326698
   9000000     14.760182      4.377394
   9020000     14.960927      4.305983
   9040000     14.960966      4.333779
   9060000     14.857500      4.428918
   9080000     14.957194      4.418282
   9100000     15.106854      4.339293
   9120000     15.099744      4.395372
   9140000     14.968517      4.534071
   9160000     14.755656      4.654708
   9180000     14.537529      4.659527
   9200000     14.854980      4.648757
   9220000     15.028474      4.504529
   9240000     15.207861      4.450210
   9260000     15.461464      4.488012
   9280000     15.474847      4.521471
   9300000     15.450099      4.567735
   9320000     15.447850      4.628874
   9340000     15.424738      4.674840
   9360000     15.356459      4.718013
   9380000     15.359956      4.736684
   9400000     15.452278      4.736176
   9420000     15.430059      4.783185
   9440000     15.535149      4.770384
   9460000     15.531075      4.805820
   9480000     15.500625      4.838887
   9500000     15.335440      4.909251
   9520000     15.446016      4.918284
   9540000     15.356899      4.968555
   9560000     15.509031      4.961190
   9580000     15.503333      4.998520
   9600000     15.339417      5.046929
   9620000     15.386404      5.079594
   9640000     15.444770      5.106576
   9660000     15.539720      5.108820
   9680000     15.588590      5.121473
   9700000     15.659340      5.142853
   9720000     15.597329      5.197867
   9740000     15.712085      5.180158
   9760000     15.651678      5.232136
   9780000     15.704450      5.252679
   9800000     15.664914      5.289732
   9820000     15.493507      5.331398
   9840000     15.864059      5.260636
   9860000     15.850404      5.309425
   9880000     16.039535      5.227073
   9900000     15.738103      5.388368
   9920000     15.489761      5.440861
   9940000     15.730956      5.476409
   9960000     15.779837      5.500312
   9980000     15.767665      5.533622
  10000000     15.739891      5.566395
