         0      4.000000      0.000000
     20000      4.041504      0.090363
     40000      4.111487      0.050725
     60000      4.154495      0.131344
     80000      4.240789     -0.056081
    100000      4.286206     -0.214000
    120000      4.372131     -0.124472
    140000      4.423107     -0.100531
    160000      4.395967      0.270403
    180000      4.516386      0.421319
    200000      4.624541      0.222924
    220000      4.688292      0.307473
    240000      4.792947      0.226793
    260000      4.850574      0.174209
    280000      4.839170      0.505391
    300000      4.838897      0.609619
    320000      4.832628      0.675712
    340000      5.001029      0.562287
    360000      4.986710      0.694565
    380000      5.096353      0.674936
    400000      5.190136      0.682595
    420000      5.189298      0.786838
    440000      5.276446      0.783471
    460000      5.332938      0.836386
    480000      5.375760      0.879002
    500000      5.405603      0.944290
    520000      5.487166      0.955720
    540000      5.552377      0.975168
    560000      5.623491      0.952339
    580000      5.696445      0.964531
    600000      5.754585      0.970461
    620000      5.745721      1.119334
    640000      5.730607      1.235917
    660000      5.867917      1.168251
    680000      5.974562      1.152951
    700000      6.087384      1.047890
    720000      6.154046      1.099063
    740000      6.233064      1.017381
    760000      6.177080      1.371995
    780000      6.223169      1.404552
    800000      6.296524      1.384680
    820000      6.350295      1.424525
    840000      6.413438      1.462479
    860000      6.479928      1.526639
    880000      6.572009      1.469020
    900000      6.631163      1.429872
    920000      6.706271      1.423394
    940000      6.768768      1.384981
    960000      6.848717      1.346401
    980000      6.910950      1.287994
   1000000      6.889042      1.657224
   1020000      7.026667      1.520543
   1040000      7.104026      1.626722
   1060000      7.160938      1.522930
   1080000      7.209793      1.371536
   1100000      7.222842      1.270547
   1120000      7.215080      1.140818
   1140000      7.414430      1.506511
   1160000      7.441416      1.676159
   1180000      7.534386      1.567991
   1200000      7.573787      1.660329
   1220000      7.643265      1.414996
   1240000      7.678505      1.318278
   1260000      7.732788      1.240061
   1280000      7.830677      1.454159
   1300000      7.886450      1.391707
   1320000      7.943636      1.488506
   1340000      7.996049      1.516030
   1360000      8.045310      1.709590
   1380000      8.116068      1.563244
   1400000      8.197526      1.657094
   1420000      8.241846      1.795336
   1440000      8.304801      1.803721
   1460000      8.408558      1.699212
   1480000      8.440730      1.585092
   1500000      8.537208      1.690497
   1520000      8.592967      1.824191
   1540000      8.638507      1.898703
   1560000      8.686779      1.922291
   1580000      8.750468      1.919355
   1600000      8.826164      1.988109
   1620000      8.901404      1.941765
   1640000      8.960765      1.828975
   1660000      9.050522      1.896337
   1680000      9.099461      1.974647
   1700000      9.149441      1.719820
   1720000      9.212911      1.693744
   1740000      9.250495      1.653129
   1760000      9.360708      1.823365
   1780000      9.388396      1.668466
   1800000      9.462975      1.635929
   1820000      9.463360      1.519481
   1840000      9.512853      1.429672
   1860000      9.560605      1.403789
   1880000      9.742627      1.986263
   1900000      9.734352      2.152258
   1920000      9.783085      2.180776
   1940000      9.841576      2.204320
   1960000      9.895624      2.206988
   1980000      9.964410      2.272526
   2000000     10.109932      2.194758
   2020000     10.159658      2.220148
   2040000     10.265103      2.151619
   2060000     10.345123      2.164981
   2080000     10.418907      2.136163
   2100000     10.488861      2.177416
   2120000     10.538814      2.182322
   2140000     10.566671      2.334543
   2160000     10.681796      2.237666
   2180000     10.737928      2.278459
   2200000     10.752357      2.353892
   2220000     10.795637      2.291438
   2240000     10.810621      2.445576
   2260000     10.852426      2.502869
   2280000     10.961735      2.479767
   2300000     11.069746      2.404811
   2320000     11.147559      2.388419
   2340000     11.220048      2.328787
   2360000     11.298433      2.275349
   2380000     11.359659      2.115529
   2400000     11.440493      2.152813
   2420000     11.484502      2.188653
   2440000     11.518199      2.085669
   2460000     11.559310      1.998211
   2480000     11.612824      1.996943
   2500000     11.745214      2.358047
   2520000     11.825081      2.366758
   2540000     11.913721      2.271067
   2560000     11.982589      2.286236
   2580000     11.997277      2.515341
   2600000     11.935128      2.734158
   2620000     12.038890      2.719210
   2640000     12.146393      2.647957
   2660000     12.246566      2.595565
   2680000     12.404571      2.311010
   2700000     12.429733      2.470620
   2720000     12.534625      2.448122
   2740000     12.577562      2.521692
   2760000     12.647245      2.556495
   2780000     12.733017      2.559472
   2800000     12.778260      2.589647
   2820000     12.764814      2.861697
   2840000     12.713761      2.979042
   2860000     12.830415      2.962877
   2880000     12.883108      2.978901
   2900000     12.753571      3.166975
   2920000     12.963194      3.098391
   2940000     13.100517      2.999948
   2960000     13.069710      3.151158
   2980000     13.078252      3.239882
   3000000     13.027845      3.338143
   3020000     12.878840      3.521920
   3040000     13.043869      3.527483
   3060000     13.310130      3.350585
   3080000     13.333938      3.465942
   3100000     13.266033      3.615312
   3120000     13.271634      3.689574
   3140000     13.466993      3.611701
   3160000     13.455870      3.706146
   3180000     13.838482      3.369854
   3200000     13.839811      3.539917
   3220000     13.727446      3.720773
   3240000     13.721504      3.781000
   3260000     13.866680      3.763899
   3280000     13.967021      3.783434
   3300000     14.044457      3.785228
   3320000     14.034863      3.879654
   3340000     14.134772      3.876303
   3360000     14.236542      3.845081
   3380000     14.187197      4.035655
   3400000     14.165774      4.124376
   3420000     14.114883      4.210294
   3440000     14.294317      4.179473
   3460000     14.246487      4.280236
   3480000     14.339756      4.320658
   3500000     14.424156      4.332052
   3520000     14.532704      4.320665
   3540000     14.602913      4.344318
   3560000     14.626754      4.421626
   3580000     14.587649      4.516414
   3600000     14.629274      4.550135
   3620000     14.637666      4.624291
   3640000     14.472101      4.734131
   3660000     14.728763      4.734650
   3680000     14.718180      4.802458
   3700000     14.835134      4.808691
   3720000     14.913401      4.819577
   3740000     15.056076      4.757575
   3760000     14.995486      4.918340
   3780000     15.236453      4.735998
   3800000     15.182507      4.907160
   3820000     14.936495      5.148399
   3840000     15.043128      5.199576
   3860000     15.184891      5.193859
   3880000     15.111701      5.316512
   3900000     15.101262      5.397304
   3920000     15.122393      5.454883
   3940000     14.924819      5.617926
   3960000     15.004125      5.657736
   3980000     14.904650      5.824994
   4000000     15.091775      5.820453
   4020000     15.186258      5.808778
   4040000     15.249255      5.841991
   4060000     15.308432      5.861671
   4080000     15.347492      5.912389
   4100000     15.367519      5.977542
   4120000     15.393471      6.047164
   4140000     15.453511      6.101246
   4160000     15.520087      6.135898
   4180000     15.509481      6.237856
   4200000     15.590862      6.262830
   4220000     15.610343      6.263703
   4240000     15.766554      6.227168
   4260000     15.758542      6.351367
   4280000     15.846321      6.360569
   4300000     15.908198      6.378191
   4320000     15.857247      6.538197
   4340000     16.000254      6.474034
   4360000     15.916588      6.632922
   4380000     16.058574      6.599684
   4400000     16.070999      6.679586
   4420000     16.229427      6.599862
   4440000     16.239747      6.734543
   4460000     16.251621      6.817646
   4480000     16.310238      6.839817
   4500000     16.425214      6.778750
   4520000     16.383949      6.930244
   4540000     16.575043      6.809701
   4560000     16.362562      7.098008
   4580000     16.450759      7.119680
   4600000     16.212096      7.356762
   4620000     16.297554      7.378624
   4640000     16.439017      7.415208
   4660000     16.526048      7.399553
   4680000     16.443973      7.529947
   4700000     16.469665      7.585893
   4720000     16.360361      7.671411
   4740000     16.301462      7.729696
   4760000     16.270071      7.803228
   4780000     16.563151      7.839062
   4800000     16.421861      7.946262
   4820000     16.477357      7.992995
   4840000     16.522258      8.061161
   4860000     16.569161      8.112200
   4880000     16.540386      8.190232
   4900000     16.528288      8.258240
   4920000     16.488297      8.348243
   4940000     16.543081      8.398377
   4960000     16.538616      8.476228
   4980000     16.455100      8.550130
   5000000     16.511931      8.602726
   5020000     16.447113      8.658905
   5040000     16.453157      8.730833
   5060000     16.509630      8.786931
   5080000     16.156197      8.729283
   5100000     16.102988      8.770329
   5120000     16.080630      8.859540
   5140000     16.161742      9.005464
   5160000     16.190265      9.102197
   5180000     16.196360      9.167944
   5200000     16.325404      9.249800
   5220000     16.169491      9.298910
   5240000     16.009740      9.297713
   5260000     16.009725      9.373833
   5280000     15.959840      9.388091
   5300000     15.927774      9.436335
   5320000     15.888296      9.481629
   5340000     15.810497      9.521504
   5360000     15.808942      9.601047
   5380000     15.773589      9.660353
   5400000     15.772936      9.716727
   5420000     15.839588      9.846643
   5440000     15.798381      9.902988
   5460000     15.813476      9.969174
   5480000     15.646692      9.958687
   5500000     15.608735      9.998531
   5520000     15.628409     10.145261
   5540000     15.569910     10.172666
   5560000     15.569740     10.240658
   5580000     15.525768     10.286160
   5600000     15.326749     10.048076
   5620000     15.273780     10.134895
   5640000     15.209203     10.228226
   5660000     15.348599     10.462256
   5680000     15.347497     10.552900
   5700000     15.254892     10.604076
   5720000     15.438224     10.757089
   5740000     15.488821     10.805131
   5760000     15.378513     10.866812
   5780000     15.222642     10.909773
   5800000     15.258904     10.994044
   5820000     15.135667     10.992216
   5840000     15.037049     11.009760
   5860000     14.998953     11.089568
   5880000     15.109764     11.248351
   5900000     15.054934     11.300837
   5920000     15.058146     11.376072
   5940000     15.104249     11.454129
   5960000     15.212691     11.538594
   5980000     15.242820     11.598962
   6000000     15.333308     11.652360
