         0      4.000000      0.000000
     20000      4.056366     -0.084319
     40000      4.105272      0.035187
     60000      4.163966     -0.225034
     80000      4.229793     -0.290793
    100000      4.315133     -0.259155
    120000      4.362333     -0.308160
    140000      4.457797     -0.207827
    160000      4.518818     -0.262623
    180000      4.602368     -0.257446
    200000      4.658489     -0.318695
    220000      4.705182     -0.407169
    240000      4.814683     -0.255193
    260000      4.875469     -0.203309
    280000      4.965526     -0.232735
    300000      5.015832     -0.392079
    320000      5.019821     -0.547947
    340000      5.093810     -0.545521
    360000      5.083301     -0.677416
    380000      5.238021     -0.634013
    400000      5.306973     -0.662864
    420000      5.368942     -0.664041
    440000      5.329637     -0.778868
    460000      5.313623     -0.844850
    480000      5.383066     -0.899156
    500000      5.366339     -0.978653
    520000      5.344178     -1.053303
    540000      5.399739     -1.104744
    560000      5.224063     -1.180357
    580000      5.196707     -1.226956
    600000      5.266835     -1.303843
    620000      5.143472     -1.354532
    640000      5.070551     -1.415372
    660000      5.052156     -1.469900
    680000      4.915281     -1.465928
    700000      4.855463     -1.494969
    720000      4.835636     -1.585144
    740000      4.794947     -1.628998
    760000      4.800444     -1.748900
    780000      4.778674     -1.817327
    800000      4.889560     -1.961347
    820000      4.654477     -1.883671
    840000      4.625981     -1.940025
    860000      4.595328     -2.009112
    880000      4.555489     -2.096368
    900000      4.432884     -1.965927
    920000      4.360338     -1.961517
    940000      4.308878     -2.081813
    960000      4.257082     -2.132204
    980000      4.173041     -2.090501
   1000000      4.123608     -2.128983
   1020000      4.084076     -2.158686
   1040000      4.013808     -2.168740
   1060000      3.949503     -2.095964
   1080000      3.894702     -2.049339
   1100000      3.827279     -2.048723
   1120000      3.786990     -1.939218
   1140000      3.731327     -1.920483
   1160000      3.678786     -1.821828
   1180000      3.647037     -1.780067
   1200000      3.488448     -2.115979
   1220000      3.425899     -2.138670
   1240000      3.382481     -2.146775
   1260000      3.285630     -2.118229
   1280000      3.219290     -2.188541
   1300000      3.158752     -2.176812
   1320000      3.096916     -2.220093
   1340000      3.058047     -2.298835
   1360000      3.036556     -2.343012
   1380000      2.933549     -2.311299
   1400000      2.817357     -2.241998
   1420000      2.725757     -2.227610
   1440000      2.692871     -2.124625
   1460000      2.647496     -2.094281
   1480000      2.562689     -2.207197
   1500000      2.493610     -2.155695
   1520000      2.404815     -2.218912
   1540000      2.327229     -2.250590
   1560000      2.258083     -2.177825
   1580000      2.184337     -2.157388
   1600000      2.129671     -2.091398
   1620000      2.059538     -2.222117
   1640000      1.981970     -2.242096
   1660000      1.911852     -2.261024
   1680000      1.813199     -2.187107
   1700000      1.759606     -2.168097
   1720000      1.696860     -2.108805
   1740000      1.624026     -2.058539
   1760000      1.572508     -1.998955
   1780000      1.481990     -2.039789
   1800000      1.413819     -2.001220
   1820000      1.354820     -2.054155
   1840000      1.290279     -2.075634
   1860000      1.239760     -1.956720
   1880000      1.181794     -1.873756
   1900000      1.118855     -1.874833
   1920000      1.055535     -1.816610
   1940000      1.000135     -1.782971
   1960000      0.933823     -1.777638
   1980000      0.884750     -1.725622
   2000000      0.817808     -1.685187
   2020000      0.752327     -1.611773
   2040000      0.710604     -1.553290
   2060000      0.647994     -1.513201
   2080000      0.518986     -1.626914
   2100000      0.447742     -1.649624
   2120000      0.381325     -1.713570
   2140000      0.327110     -1.519291
   2160000      0.271356     -1.442801
   2180000      0.210592     -1.459180
   2200000      0.152083     -1.433318
   2220000      0.115048     -1.292657
   2240000      0.053906     -1.281379
   2260000      0.015253     -1.206657
   2280000     -0.129679     -1.334549
   2300000     -0.205941     -1.408207
   2320000     -0.252358     -1.441512
   2340000     -0.307117     -1.432224
   2360000     -0.360081     -1.239303
   2380000     -0.444895     -1.284229
   2400000     -0.498032     -1.196276
   2420000     -0.574171     -1.217642
   2440000     -0.673510     -1.374889
   2460000     -0.743470     -1.369953
   2480000     -0.810038     -1.352007
   2500000     -0.885195     -1.338663
   2520000     -0.956508     -1.296842
   2540000     -1.033390     -1.278873
   2560000     -1.080899     -1.330233
   2580000     -1.179085     -1.244117
   2600000     -1.247927     -1.272485
   2620000     -1.268154     -0.989501
   2640000     -1.308085     -0.926321
   2660000     -1.465901     -1.108204
   2680000     -1.520551     -1.027910
   2700000     -1.588127     -1.004664
   2720000     -1.631742     -0.949252
   2740000     -1.740191     -1.075045
   2760000     -1.782502     -1.103366
   2780000     -1.854506     -0.982848
   2800000     -1.959871     -1.023494
   2820000     -2.016010     -0.922971
   2840000     -2.111291     -0.953571
   2860000     -2.088035     -0.757202
   2880000     -2.056213     -0.572326
   2900000     -2.059401     -0.516464
   2920000     -2.112803     -0.479621
   2940000     -2.160614     -0.417980
   2960000     -2.248736     -0.402251
   2980000     -2.353972     -0.458080
   3000000     -2.499402     -0.547451
   3020000     -2.571775     -0.587873
   3040000     -2.623924     -0.645170
   3060000     -2.685772     -0.552969
   3080000     -2.704073     -0.434956
   3100000     -2.797875     -0.461414
   3120000     -2.822166     -0.287335
   3140000     -2.850441     -0.211897
   3160000     -2.950234     -0.326504
   3180000     -3.015157     -0.341301
   3200000     -3.096075     -0.286231
   3220000     -3.162130     -0.323293
   3240000     -3.227358     -0.257082
   3260000     -3.263740     -0.181280
   3280000     -3.336090     -0.211946
   3300000     -3.367243     -0.126687
   3320000     -3.401072     -0.041172
   3340000     -3.395632      0.052084
   3360000     -3.549169     -0.024104
   3380000     -3.592185      0.022501
   3400000     -3.635115      0.087440
   3420000     -3.735672      0.087526
   3440000     -3.837588      0.034681
   3460000     -3.834991      0.156620
   3480000     -3.854773      0.264075
   3500000     -3.891076      0.334235
   3520000     -3.814667      0.461282
   3540000     -3.917592      0.481119
   3560000     -4.024584      0.482587
   3580000     -4.216789      0.333269
   3600000     -4.241277      0.431304
   3620000     -4.284597      0.517165
   3640000     -4.368497      0.528706
   3660000     -4.469347      0.468373
   3680000     -4.522000      0.510022
   3700000     -4.584095      0.472173
   3720000     -4.628594      0.514765
   3740000     -4.687298      0.515888
   3760000     -4.764926      0.423818
   3780000     -4.811605      0.397879
   3800000     -4.812670      0.782703
   3820000     -4.888076      0.784472
   3840000     -4.927043      0.847502
   3860000     -5.015417      0.876199
   3880000     -5.062923      0.911427
   3900000     -5.152803      0.887163
   3920000     -5.161527      1.027054
   3940000     -5.323705      0.825109
   3960000     -5.341765      0.890467
   3980000     -5.450946      0.767906
   4000000     -5.521293      0.801266
   4020000     -5.580919      0.805362
   4040000     -5.658095      0.708471
   4060000     -5.702686      0.693235
   4080000     -5.772316      0.654202
   4100000     -5.812608      0.667722
   4120000     -5.850466      0.486785
   4140000     -5.911101      0.471121
   4160000     -5.999713      0.539405
   4180000     -6.047340      0.504981
   4200000     -6.114078      0.509031
   4220000     -6.130325      0.452583
   4240000     -6.231931      0.489569
   4260000     -6.290008      0.471028
   4280000     -6.341314      0.421649
   4300000     -6.401341      0.638425
   4320000     -6.495424      0.581654
   4340000     -6.562885      0.530525
   4360000     -6.620825      0.588209
   4380000     -6.678148      0.437830
   4400000     -6.743590      0.410565
   4420000     -6.801763      0.317148
   4440000     -6.880055      0.316859
   4460000     -6.949780      0.323726
   4480000     -7.025398      0.264661
   4500000     -7.072994      0.203289
   4520000     -7.106328      0.153209
   4540000     -7.226783      0.233969
   4560000     -7.285684      0.359628
   4580000     -7.341752      0.467408
   4600000     -7.392176      0.459662
   4620000     -7.473155      0.456676
   4640000     -7.531273      0.477788
   4660000     -7.642940      0.402811
   4680000     -7.710467      0.359840
   4700000     -7.798349      0.293494
   4720000     -7.872097      0.247841
   4740000     -7.934605      0.244348
   4760000     -7.985916      0.315393
   4780000     -7.999957      0.432441
   4800000     -8.107204      0.420383
   4820000     -8.159286      0.437781
   4840000     -8.229891      0.439495
   4860000     -8.308978      0.434611
   4880000     -8.355769      0.453880
   4900000     -8.346483      0.609779
   4920000     -8.332587      0.695315
   4940000     -8.473701      0.679788
   4960000     -8.558280      0.683636
   4980000     -8.632166      0.687042
   5000000     -8.717669      0.693729
   5020000     -8.781620      0.729533
   5040000     -8.768197      0.869390
   5060000     -8.777314      0.971187
   5080000     -8.789483      1.054063
   5100000     -8.854122      1.106520
   5120000     -8.948259      1.140538
   5140000     -9.117115      1.055595
   5160000     -9.190856      1.072395
   5180000     -9.164598      1.172945
   5200000     -9.287745      1.152337
   5220000     -9.342800      1.166147
   5240000     -9.380675      1.229771
   5260000     -9.408345      1.310080
   5280000     -9.467868      1.340235
   5300000     -9.473598      1.429745
   5320000     -9.465616      1.507484
   5340000     -9.459286      1.595379
   5360000     -9.477687      1.664819
   5380000     -9.602517      1.664390
   5400000     -9.675397      1.679761
   5420000     -9.679456      1.792928
   5440000     -9.750284      1.777122
   5460000     -9.733672      1.908180
   5480000     -9.853140      1.855686
   5500000     -9.897159      1.910155
   5520000     -9.918807      1.978742
   5540000     -9.960942      2.051303
   5560000    -10.052806      2.070492
   5580000    -10.044028      2.188319
   5600000    -10.024750      2.282411
   5620000     -9.943794      2.389518
   5640000     -9.885996      2.464650
   5660000     -9.934445      2.530651
   5680000     -9.963192      2.587192
   5700000     -9.981738      2.640702
   5720000    -10.042209      2.677781
   5740000    -10.025807      2.757528
   5760000     -9.828948      2.890194
   5780000     -9.889596      2.938545
   5800000     -9.920992      3.009235
   5820000     -9.891511      3.089707
   5840000     -9.979537      3.135801
   5860000    -10.031895      3.181864
   5880000     -9.969082      3.288918
   5900000     -9.998438      3.348297
   5920000     -9.919390      3.415449
   5940000     -9.800298      3.502521
   5960000     -9.898527      3.568975
   5980000     -9.816923      3.622509
   6000000     -9.866358      3.713094
