         0      4.000000      0.000000
     20000      4.016654     -0.007959
     40000      4.036532      0.013188
     60000      4.075807      0.005223
     80000      4.102816     -0.016725
    100000      4.121636     -0.067863
    120000      4.144117     -0.086170
    140000      4.173042     -0.042988
    160000      4.204324     -0.053620
    180000      4.227372     -0.016941
    200000      4.233454      0.064603
    220000      4.259512     -0.086569
    240000      4.286430     -0.076902
    260000      4.302980     -0.092744
    280000      4.314929     -0.157940
    300000      4.359923     -0.076156
    320000      4.399784      0.015154
    340000      4.424426     -0.053647
    360000      4.442146     -0.054182
    380000      4.472888     -0.041746
    400000      4.500807     -0.008114
    420000      4.524563     -0.093439
    440000      4.546942     -0.085915
    460000      4.570747     -0.129776
    480000      4.601509     -0.021437
    500000      4.619390      0.035117
    520000      4.646899      0.033186
    540000      4.670697     -0.000459
    560000      4.690658     -0.004182
    580000      4.700151     -0.020939
    600000      4.731725     -0.012847
    620000      4.751092     -0.044903
    640000      4.782389     -0.031058
    660000      4.808888     -0.066325
    680000      4.844864      0.040396
    700000      4.871546      0.014417
    720000      4.896220      0.043810
    740000      4.914303      0.025508
    760000      4.945370      0.014976
    780000      4.975297      0.023494
    800000      5.006688      0.000728
    820000      5.037212     -0.010685
    840000      5.064347     -0.033541
    860000      5.094527      0.013205
    880000      5.121925      0.030777
    900000      5.149003      0.022796
    920000      5.172048      0.012527
    940000      5.192495     -0.012378
    960000      5.216617      0.027200
    980000      5.238511      0.017042
   1000000      5.265717     -0.057916
   1020000      5.286320     -0.076508
   1040000      5.318096     -0.089450
   1060000      5.323484     -0.147936
   1080000      5.361385     -0.112282
   1100000      5.372518     -0.132829
   1120000      5.406839     -0.120827
   1140000      5.418761     -0.171105
   1160000      5.421298     -0.216936
   1180000      5.441831     -0.242056
   1200000      5.468594     -0.239559
   1220000      5.417282     -0.371428
   1240000      5.413964     -0.396145
   1260000      5.459024     -0.393976
   1280000      5.406204     -0.471565
   1300000      5.429945     -0.485351
   1320000      5.452221     -0.502305
   1340000      5.587882     -0.419662
   1360000      5.595744     -0.451974
   1380000      5.650209     -0.418503
   1400000      5.670812     -0.424791
   1420000      5.623743     -0.519910
   1440000      5.650790     -0.531388
   1460000      5.653575     -0.567340
   1480000      5.676488     -0.586765
   1500000      5.679328     -0.623673
   1520000      5.725124     -0.619479
   1540000      5.786120     -0.569067
   1560000      5.801549     -0.596252
   1580000      5.820376     -0.591163
   1600000      5.834142     -0.650536
   1620000      5.847160     -0.713861
   1640000      5.866793     -0.733544
   1660000      5.923107     -0.675237
   1680000      5.950612     -0.662518
   1700000      5.978551     -0.640324
   1720000      6.004493     -0.646487
   1740000      6.023124     -0.689687
   1760000      6.054358     -0.658281
   1780000      6.085736     -0.655227
   1800000      6.129488     -0.692916
   1820000      6.157304     -0.684505
   1840000      6.194445     -0.636448
   1860000      6.185790     -0.791659
   1880000      6.194313     -0.835735
   1900000      6.196521     -0.854960
   1920000      6.267865     -0.808474
   1940000      6.315453     -0.794085
   1960000      6.343950     -0.771673
   1980000      6.361220     -0.774562
   2000000      6.343120     -0.892157
   2020000      6.366311     -0.893665
   2040000      6.355651     -0.938513
   2060000      6.372587     -0.952195
   2080000      6.384081     -0.968012
   2100000      6.461273     -0.937835
   2120000      6.488771     -0.940524
   2140000      6.522333     -0.937295
   2160000      6.549670     -0.943767
   2180000      6.586610     -0.933432
   2200000      6.611603     -0.925116
   2220000      6.619522     -0.963081
   2240000      6.671685     -0.891410
   2260000      6.696296     -0.882635
   2280000      6.715430     -0.916136
   2300000      6.742971     -0.903540
   2320000      6.789071     -0.788687
   2340000      6.808397     -0.839916
   2360000      6.836422     -0.811912
   2380000      6.859711     -0.807418
   2400000      6.882523     -0.817822
   2420000      6.901834     -0.772011
   2440000      6.916493     -0.742813
   2460000      6.959228     -0.806480
   2480000      6.989837     -0.795193
   2500000      7.010019     -0.798122
   2520000      7.023269     -0.767482
   2540000      7.049486     -0.763181
   2560000      7.092141     -0.876977
   2580000      7.113453     -0.880387
   2600000      7.134717     -0.869574
   2620000      7.162090     -0.883687
   2640000      7.177268     -0.875542
   2660000      7.204154     -0.876393
   2680000      7.228298     -0.884731
   2700000      7.246212     -0.809705
   2720000      7.276176     -0.859658
   2740000      7.305473     -1.040503
   2760000      7.333975     -0.903578
   2780000      7.338691     -1.059775
   2800000      7.400956     -0.909856
   2820000      7.416770     -0.904874
   2840000      7.441445     -0.892459
   2860000      7.476768     -0.914766
   2880000      7.493134     -0.908711
   2900000      7.498264     -0.849697
   2920000      7.538916     -0.886762
   2940000      7.567709     -0.908785
   2960000      7.597344     -0.915258
   2980000      7.624809     -0.904590
   3000000      7.652312     -0.909543
   3020000      7.669671     -0.861369
   3040000      7.691588     -0.856333
   3060000      7.712868     -0.855679
   3080000      7.746932     -0.945005
   3100000      7.763235     -0.971561
   3120000      7.792178     -0.969173
   3140000      7.819308     -0.966420
   3160000      7.830808     -1.012914
   3180000      7.863384     -1.043944
   3200000      7.869959     -1.105775
   3220000      7.889459     -1.118883
   3240000      7.912765     -1.115544
   3260000      7.947837     -1.115767
   3280000      7.956039     -1.155590
   3300000      7.992727     -1.119503
   3320000      8.035729     -1.112238
   3340000      8.060448     -1.119363
   3360000      8.084088     -1.128591
   3380000      8.113377     -1.150309
   3400000      8.134482     -1.139901
   3420000      8.147834     -1.186080
   3440000      8.166408     -1.207541
   3460000      8.193468     -1.206345
   3480000      8.193411     -1.247215
   3500000      8.225379     -1.245626
   3520000      8.235699     -1.260657
   3540000      8.259393     -1.285184
   3560000      8.310118     -1.265566
   3580000      8.329992     -1.275842
   3600000      8.321239     -1.306748
   3620000      8.340212     -1.327881
   3640000      8.338388     -1.371127
   3660000      8.448803     -1.164527
   3680000      8.453856     -1.137025
   3700000      8.495815     -1.292162
   3720000      8.517750     -1.321128
   3740000      8.552917     -1.302808
   3760000      8.568678     -1.322266
   3780000      8.592104     -1.331203
   3800000      8.618462     -1.299961
   3820000      8.639956     -1.292428
   3840000      8.638122     -1.377642
   3860000      8.676899     -1.386135
   3880000      8.692664     -1.395535
   3900000      8.716015     -1.401789
   3920000      8.722146     -1.431349
   3940000      8.737068     -1.448699
   3960000      8.751748     -1.491065
   3980000      8.769298     -1.501508
   4000000      8.781259     -1.529789
   4020000      8.836760     -1.487162
   4040000      8.850733     -1.504356
   4060000      8.886287     -1.500487
   4080000      8.919976     -1.493146
   4100000      8.946303     -1.465674
   4120000      8.962517     -1.497783
   4140000      8.978043     -1.516817
   4160000      8.993006     -1.535116
   4180000      8.976215     -1.602259
   4200000      8.993131     -1.632321
   4220000      9.028765     -1.633011
   4240000      9.051145     -1.646567
   4260000      9.021994     -1.717489
   4280000      9.031578     -1.740270
   4300000      9.040900     -1.769430
   4320000      9.041553     -1.781104
   4340000      9.051115     -1.795037
   4360000      9.081073     -1.807742
   4380000      9.067394     -1.841091
   4400000      9.051876     -1.889633
   4420000      9.144810     -1.881765
   4440000      9.216289     -1.837980
   4460000      9.230012     -1.856576
   4480000      9.226908     -1.896418
   4500000      9.245824     -1.910455
   4520000      9.262358     -1.926915
   4540000      9.274737     -1.949723
   4560000      9.303498     -1.951723
   4580000      9.339377     -1.964735
   4600000      9.366282     -1.946278
   4620000      9.402744     -1.926518
   4640000      9.414037     -1.933951
   4660000      9.435986     -1.928750
   4680000      9.458736     -1.935295
   4700000      9.472947     -1.964508
   4720000      9.483743     -1.977370
   4740000      9.471507     -2.102890
   4760000      9.452049     -2.146093
   4780000      9.494533     -2.147247
   4800000      9.521109     -2.155585
   4820000      9.535324     -2.166726
   4840000      9.559724     -2.171106
   4860000      9.598222     -2.115313
   4880000      9.621717     -2.120106
   4900000      9.660760     -2.162289
   4920000      9.608593     -2.304230
   4940000      9.588383     -2.387370
   4960000      9.607026     -2.405290
   4980000      9.601292     -2.434599
   5000000      9.640672     -2.430888
   5020000      9.677782     -2.411443
   5040000      9.628838     -2.502947
   5060000      9.560978     -2.595312
   5080000      9.549989     -2.620433
   5100000      9.592916     -2.638630
   5120000      9.653603     -2.636281
   5140000      9.724499     -2.601343
   5160000      9.558120     -2.747680
   5180000      9.549874     -2.787722
   5200000      9.525000     -2.814899
   5220000      9.473119     -2.846080
   5240000      9.537448     -2.871351
   5260000      9.567307     -2.886911
   5280000      9.506442     -2.924931
   5300000      9.526296     -2.941712
   5320000      9.518741     -2.974526
   5340000      9.503171     -2.996760
   5360000      9.475562     -3.011520
   5380000      9.454487     -3.047384
   5400000      9.459863     -3.066079
   5420000      9.456796     -3.085309
   5440000      9.449625     -3.120184
   5460000      9.469334     -3.145252
   5480000      9.454805     -3.168843
   5500000      9.429776     -3.182369
   5520000      9.423185     -3.202866
   5540000      9.380362     -3.199270
   5560000      9.357870     -3.202321
   5580000      9.326817     -3.189266
   5600000      9.328197     -3.222405
   5620000      9.307757     -3.238666
   5640000      9.293433     -3.254730
   5660000      9.330445     -3.302183
   5680000      9.278512     -3.304582
   5700000      9.292275     -3.342264
   5720000      9.244654     -3.344731
   5740000      9.198116     -3.343034
   5760000      9.215320     -3.390441
   5780000      9.165532     -3.386263
   5800000      9.172440     -3.446663
   5820000      9.213951     -3.500960
   5840000      9.228292     -3.521414
   5860000      9.206569     -3.550731
   5880000      9.133777     -3.554965
   5900000      9.114568     -3.567774
   5920000      9.082767     -3.575678
   5940000      9.035341     -3.596287
   5960000      8.979996     -3.577011
   5980000      9.021072     -3.635661
   6000000      9.069003     -3.674815
   6020000      9.045098     -3.691699
   6040000      9.042191     -3.706106
   6060000      9.022441     -3.733279
   6080000      9.029120     -3.780302
   6100000      9.032640     -3.807861
   6120000      9.053119     -3.838150
   6140000      9.020560     -3.852948
   6160000      9.034044     -3.881622
   6180000      9.024441     -3.908335
   6200000      9.020996     -3.938391
   6220000      8.994766     -3.960311
   6240000      8.996557     -3.984356
   6260000      8.954108     -3.998702
   6280000      8.897519     -3.998578
   6300000      8.876247     -4.026836
   6320000      8.902342     -4.068949
   6340000      8.908451     -4.099630
   6360000      8.902059     -4.115954
   6380000      8.902447     -4.140153
   6400000      8.897804     -4.159888
   6420000      8.910355     -4.191670
   6440000      8.898162     -4.215054
   6460000      8.852121     -4.239335
   6480000      8.839483     -4.259956
   6500000      8.878907     -4.304288
   6520000      8.894751     -4.336155
   6540000      8.879034     -4.357470
   6560000      8.882261     -4.383213
   6580000      8.882332     -4.404341
   6600000      8.876248     -4.423577
   6620000      8.845537     -4.443004
   6640000      8.838164     -4.466838
   6660000      8.845983     -4.496335
   6680000      8.828904     -4.513223
   6700000      8.828587     -4.538409
   6720000      8.816710     -4.562765
   6740000      8.804242     -4.592051
   6760000      8.846703     -4.628879
   6780000      8.803972     -4.644452
   6800000      8.775934     -4.655762
   6820000      8.727444     -4.653292
   6840000      8.687831     -4.657282
   6860000      8.669105     -4.671695
   6880000      8.678619     -4.716373
   6900000      8.653662     -4.742916
   6920000      8.713659     -4.821333
   6940000      8.674596     -4.835471
   6960000      8.685891     -4.853969
   6980000      8.698114     -4.869906
   7000000      8.698934     -4.892583
   7020000      8.648708     -4.905693
   7040000      8.650412     -4.922334
   7060000      8.679485     -4.944389
   7080000      8.621610     -4.959807
   7100000      8.573978     -4.971773
   7120000      8.554968     -4.993196
   7140000      8.575618     -5.022204
   7160000      8.576225     -5.048243
   7180000      8.565014     -5.073195
   7200000      8.526136     -5.085011
   7220000      8.527102     -5.113812
   7240000      8.518545     -5.127645
   7260000      8.502323     -5.149930
   7280000      8.476833     -5.170638
   7300000      8.425509     -5.166027
   7320000      8.429550     -5.195783
   7340000      8.401161     -5.198020
   7360000      8.370310     -5.191258
   7380000      8.349312     -5.193582
   7400000      8.450207     -5.318537
   7420000      8.333730     -5.290150
   7440000      8.383762     -5.349219
   7460000      8.399574     -5.378596
   7480000      8.372519     -5.392310
   7500000      8.333648     -5.406307
   7520000      8.318930     -5.432599
   7540000      8.255051     -5.422877
   7560000      8.221262     -5.418764
   7580000      8.164861     -5.413254
   7600000      8.156482     -5.439535
   7620000      8.174287     -5.482443
   7640000      8.160087     -5.503244
   7660000      8.140468     -5.517784
   7680000      8.081833     -5.495239
   7700000      8.070118     -5.511360
   7720000      8.039514     -5.505327
   7740000      8.020714     -5.518810
   7760000      7.990678     -5.517695
   7780000      8.042484     -5.632561
   7800000      8.041540     -5.670686
   7820000      8.020140     -5.689476
   7840000      8.015617     -5.701607
   7860000      7.965721     -5.703704
   7880000      7.932912     -5.708673
   7900000      7.910711     -5.716481
   7920000      7.847122     -5.687125
   7940000      7.818643     -5.690295
   7960000      7.779247     -5.671125
   7980000      7.789311     -5.731142
   8000000      7.776893     -5.748758
   8020000      7.788473     -5.779367
   8040000      7.760586     -5.796495
   8060000      7.726311     -5.826509
   8080000      7.688841     -5.831391
   8100000      7.637481     -5.813230
   8120000      7.616783     -5.818021
   8140000      7.587927     -5.815297
   8160000      7.552979     -5.782205
   8180000      7.530761     -5.802063
   8200000      7.516449     -5.833885
   8220000      7.494703     -5.811180
   8240000      7.639801     -6.079762
   8260000      7.594945     -6.081117
   8280000      7.526626     -6.059994
   8300000      7.514525     -6.078948
   8320000      7.504749     -6.117127
   8340000      7.470067     -6.104834
   8360000      7.391161     -6.022629
   8380000      7.407808     -6.124617
   8400000      7.361121     -6.125601
   8420000      7.307619     -6.091801
   8440000      7.296331     -6.110838
   8460000      7.330054     -6.215312
   8480000      7.293834     -6.227320
   8500000      7.285671     -6.263650
   8520000      7.280993     -6.287883
   8540000      7.288039     -6.314917
   8560000      7.275379     -6.341816
   8580000      7.193552     -6.299721
   8600000      7.258257     -6.394746
   8620000      7.256759     -6.416932
   8640000      7.263696     -6.446541
   8660000      7.252968     -6.462119
   8680000      7.266042     -6.498717
   8700000      7.188266     -6.488214
   8720000      7.194374     -6.511342
   8740000      7.146116     -6.504892
   8760000      7.140425     -6.525213
   8780000      7.151220     -6.571668
   8800000      7.117624     -6.576307
   8820000      7.139924     -6.623899
   8840000      7.210095     -6.659301
   8860000      7.213447     -6.680086
   8880000      7.218929     -6.705184
   8900000      7.205626     -6.726918
   8920000      7.262333     -6.754005
   8940000      7.261382     -6.767897
   8960000      7.277477     -6.787738
   8980000      7.286246     -6.814997
   9000000      7.245685     -6.848496
   9020000      7.231813     -6.879864
   9040000      7.242609     -6.902626
   9060000      7.252175     -6.924679
   9080000      7.264567     -6.939793
   9100000      7.261485     -6.965920
   9120000      7.253072     -6.995264
   9140000      7.285447     -7.012037
   9160000      7.214630     -7.047129
   9180000      7.183018     -7.069042
   9200000      7.179439     -7.098793
   9220000      7.148018     -7.106672
   9240000      7.151478     -7.125473
   9260000      7.119296     -7.139609
   9280000      7.096578     -7.158391
   9300000      7.273987     -7.233944
   9320000      7.293403     -7.252831
   9340000      7.254680     -7.283410
   9360000      7.262856     -7.308261
   9380000      7.218254     -7.365815
   9400000      7.227469     -7.387723
   9420000      7.254941     -7.397412
   9440000      7.191479     -7.431955
   9460000      7.198004     -7.444698
   9480000      7.054746     -7.445062
   9500000      6.998001     -7.441366
   9520000      7.185923     -7.533140
   9540000      6.967993     -7.501432
   9560000      6.923678     -7.503400
   9580000      6.892143     -7.500297
   9600000      6.901138     -7.552641
   9620000      6.896104     -7.579888
   9640000      6.915061     -7.614403
   9660000      6.943102     -7.650182
   9680000      6.776178     -7.601735
   9700000      6.752147     -7.620407
   9720000      6.814894     -7.689198
   9740000      6.795062     -7.706951
   9760000      6.757143     -7.713135
   9780000      6.727419     -7.715811
   9800000      6.697809     -7.705515
   9820000      6.762947     -7.796179
   9840000      6.769321     -7.827762
   9860000      6.759052     -7.870515
   9880000      6.782067     -7.904542
   9900000      6.799445     -7.942114
   9920000      6.652218     -7.895738
   9940000      6.590713     -7.851788
   9960000      6.569563     -7.866775
   9980000      6.581054     -7.924908
  10000000      6.573270     -7.952405
