         0      4.000000      0.000000
     20000      4.030488      0.040681
     40000      4.082079      0.023780
     60000      4.158229     -0.063196
     80000      4.243920      0.017738
    100000      4.307735      0.190925
    120000      4.383452      0.150874
    140000      4.430281      0.194614
    160000      4.497387      0.233665
    180000      4.551862      0.249446
    200000      4.607573      0.083289
    220000      4.683498      0.124819
    240000      4.734920      0.019829
    260000      4.807429      0.082405
    280000      4.870578      0.090559
    300000      4.923821      0.019026
    320000      4.998385      0.013708
    340000      5.060292      0.168380
    360000      5.103447      0.318517
    380000      5.210947      0.167651
    400000      5.244698      0.050419
    420000      5.325264      0.121465
    440000      5.402556      0.112639
    460000      5.449177      0.232146
    480000      5.544198      0.121148
    500000      5.599938      0.114936
    520000      5.688566      0.148103
    540000      5.714692      0.394863
    560000      5.778139      0.368220
    580000      5.847622      0.422751
    600000      5.952236      0.308208
    620000      5.957310      0.524818
    640000      5.996433      0.582652
    660000      6.022480      0.654343
    680000      6.124585      0.534679
    700000      6.119172      0.673995
    720000      6.344516      0.452940
    740000      6.390365      0.513802
    760000      6.463314      0.510268
    780000      6.478336      0.644899
    800000      6.559456      0.643298
    820000      6.618212      0.672284
    840000      6.765547      0.519670
    860000      6.822387      0.535400
    880000      6.877142      0.557190
    900000      6.920178      0.705752
    920000      6.953889      0.831898
    940000      6.977109      0.974116
    960000      7.061817      0.958961
    980000      7.020585      1.101594
   1000000      7.124434      1.128761
   1020000      7.302175      0.970261
   1040000      7.396117      0.935148
   1060000      7.400715      1.071318
   1080000      7.434946      1.125342
   1100000      7.521565      1.133340
   1120000      7.646429      1.085883
   1140000      7.672221      1.205681
   1160000      7.803411      1.132936
   1180000      7.872364      1.140393
   1200000      7.924528      1.133712
   1220000      8.012195      0.964519
   1240000      8.073672      1.038786
   1260000      8.140019      1.053085
   1280000      8.209254      1.102012
   1300000      8.314040      0.953132
   1320000      8.384362      1.050148
   1340000      8.438122      1.032832
   1360000      8.502037      1.040880
   1380000      8.561890      0.974168
   1400000      8.623617      0.940025
   1420000      8.685370      0.996090
   1440000      8.746329      0.928984
   1460000      8.830071      0.961356
   1480000      8.896906      1.108396
   1500000      8.973247      0.888201
   1520000      9.011148      0.789562
   1540000      9.071069      0.779224
   1560000      9.175280      0.902599
   1580000      9.214300      0.858184
   1600000      9.268042      0.816688
   1620000      9.349383      0.881373
   1640000      9.408377      0.825188
   1660000      9.475534      0.856298
   1680000      9.554120      0.754256
   1700000      9.621876      0.835105
   1720000      9.681908      0.822789
   1740000      9.731918      0.724493
   1760000      9.803157      0.668181
   1780000      9.821245      0.533367
   1800000      9.964346      0.773756
   1820000     10.020964      0.723490
   1840000     10.082259      0.785463
   1860000     10.165520      0.857204
   1880000     10.088132      0.339601
   1900000     10.205625      0.377995
   1920000     10.319457      0.525660
   1940000     10.373886      0.481319
   1960000     10.432605      0.475710
   1980000     10.496581      0.472218
   2000000     10.540964      0.507174
   2020000     10.595578      0.332215
   2040000     10.664808      0.399935
   2060000     10.730489      0.453695
   2080000     10.789858      0.434450
   2100000     10.860121      0.495448
   2120000     10.927734      0.527866
   2140000     10.986940      0.400552
   2160000     11.065865      0.445878
   2180000     11.113816      0.578479
   2200000     11.149666      0.714822
   2220000     11.181989      0.810601
   2240000     11.270075      0.659694
   2260000     11.318697      0.656043
   2280000     11.388058      0.668229
   2300000     11.450944      0.648827
   2320000     11.523419      0.681090
   2340000     11.575549      0.614635
   2360000     11.636570      0.583307
   2380000     11.704329      0.545175
   2400000     11.769504      0.535509
   2420000     11.838285      0.584170
   2440000     11.879527      0.486097
   2460000     11.959877      0.476717
   2480000     11.994356      0.404724
   2500000     12.125980      0.553728
   2520000     12.212419      0.576927
   2540000     12.286806      0.581982
   2560000     12.293560      0.434961
   2580000     12.448846      0.787856
   2600000     12.522141      0.732801
   2620000     12.570791      0.795314
   2640000     12.647770      0.699450
   2660000     12.707342      0.841007
   2680000     12.759939      0.868288
   2700000     12.845887      0.772221
   2720000     12.914712      0.707913
   2740000     12.952320      0.891432
   2760000     13.025084      0.849716
   2780000     13.111893      0.853410
   2800000     13.182535      0.777172
   2820000     13.233944      0.783083
   2840000     13.293274      0.824119
   2860000     13.323497      0.912358
   2880000     13.330666      1.013093
   2900000     13.434074      0.973935
   2920000     13.394691      1.132187
   2940000     13.497275      1.143898
   2960000     13.569922      1.143212
   2980000     13.621091      1.196198
   3000000     13.695544      1.210675
   3020000     13.710388      1.303314
   3040000     13.738707      1.348541
   3060000     13.827098      1.379924
   3080000     13.880760      1.412490
   3100000     14.008400      1.327684
   3120000     14.079577      1.375483
   3140000     14.177296      1.353894
   3160000     14.223798      1.404555
   3180000     14.293613      1.318173
   3200000     14.331645      1.510045
   3220000     14.296774      1.663649
   3240000     14.424563      1.632440
   3260000     14.436893      1.723301
   3280000     14.499633      1.730791
   3300000     14.509015      1.838412
   3320000     14.497794      1.959230
   3340000     14.630563      1.899179
   3360000     14.711563      1.926340
   3380000     14.789952      1.892242
   3400000     14.858078      1.878120
   3420000     14.820452      2.091015
   3440000     14.916517      2.105726
   3460000     14.931684      2.195513
   3480000     14.982591      2.251435
   3500000     15.034345      2.311236
   3520000     15.088418      2.344597
   3540000     15.122335      2.377913
   3560000     15.254128      2.336312
   3580000     15.247452      2.470514
   3600000     15.088325      2.677083
   3620000     15.416301      2.418917
   3640000     15.462868      2.489368
   3660000     15.540257      2.502319
   3680000     15.588598      2.534287
   3700000     15.537185      2.681460
   3720000     15.657254      2.662193
   3740000     15.676604      2.755465
   3760000     15.775897      2.740188
   3780000     15.835509      2.776798
   3800000     15.943500      2.737409
   3820000     15.971276      2.827058
   3840000     16.080011      2.801924
   3860000     16.145068      2.792478
   3880000     16.229134      2.791177
   3900000     16.277342      2.882848
   3920000     16.370054      2.880786
   3940000     16.466072      2.835566
   3960000     16.544242      2.755829
   3980000     16.603175      2.751586
   4000000     16.673742      2.791801
   4020000     16.707112      2.616276
   4040000     16.803148      2.655735
   4060000     16.855568      2.538760
   4080000     16.916550      2.516106
   4100000     16.967981      2.452975
   4120000     17.045832      2.468236
   4140000     17.134685      2.617333
   4160000     17.228491      2.507775
   4180000     17.295073      2.532855
   4200000     17.359803      2.487994
   4220000     17.396182      2.280808
   4240000     17.455586      2.241804
   4260000     17.505355      2.164693
   4280000     17.571921      2.158630
   4300000     17.660531      2.225744
   4320000     17.702553      2.167570
   4340000     17.736584      2.099886
   4360000     17.785883      2.010455
   4380000     17.849340      2.037813
   4400000     17.844485      1.863402
   4420000     17.980492      2.006821
   4440000     18.044365      1.974913
   4460000     18.139172      2.050359
   4480000     18.155991      1.884271
   4500000     18.277184      2.017894
   4520000     18.355009      2.116918
   4540000     18.414159      2.087046
   4560000     18.477794      1.948275
   4580000     18.547984      1.928541
   4600000     18.594278      1.903997
   4620000     18.717443      1.996291
   4640000     18.775181      1.955845
   4660000     18.852389      2.063297
   4680000     18.918053      2.063421
   4700000     18.957293      2.072947
   4720000     18.979435      2.179225
   4740000     19.106182      1.957914
   4760000     19.185442      1.999039
   4780000     19.229360      2.221549
   4800000     19.335012      2.087390
   4820000     19.422832      2.110820
   4840000     19.473101      2.075743
   4860000     19.547960      2.123123
   4880000     19.610791      2.198203
   4900000     19.675037      2.131640
   4920000     19.725437      2.202566
   4940000     19.804977      2.081220
   4960000     19.875301      2.140320
   4980000     19.946063      2.156647
   5000000     20.013070      2.159494
   5020000     20.047536      2.436377
   5040000     20.113324      2.428858
   5060000     20.162864      2.509496
   5080000     20.260543      2.292405
   5100000     20.257929      2.636097
   5120000     20.380960      2.504893
   5140000     20.463000      2.485075
   5160000     20.545013      2.341121
   5180000     20.582000      2.241923
   5200000     20.623741      2.173687
   5220000     20.736278      2.581103
   5240000     20.823892      2.495838
   5260000     20.877031      2.571274
   5280000     20.954173      2.359311
   5300000     21.022118      2.481119
   5320000     21.054867      2.283615
   5340000     21.130767      2.309371
   5360000     21.180318      2.286295
   5380000     21.255972      2.338832
   5400000     21.285965      2.225662
   5420000     21.376282      2.400849
   5440000     21.465238      2.375933
   5460000     21.530886      2.365142
   5480000     21.582127      2.410052
   5500000     21.640344      2.242872
   5520000     21.719049      2.372996
   5540000     21.780977      2.264279
   5560000     21.867815      2.282877
   5580000     21.930971      2.322052
   5600000     21.998679      2.082745
   5620000     22.047253      2.089297
   5640000     22.064414      1.891127
   5660000     22.130357      1.853288
   5680000     22.185873      1.755551
   5700000     22.184073      1.657150
   5720000     22.266640      1.673687
   5740000     22.320842      1.622793
   5760000     22.393171      1.587738
   5780000     22.444217      1.547454
   5800000     22.530313      1.526076
   5820000     22.575427      1.480424
   5840000     22.690629      1.588593
   5860000     22.774520      1.600530
   5880000     22.715070      1.386703
   5900000     22.836719      1.424306
   5920000     22.951115      1.461065
   5940000     23.003782      1.424721
   5960000     23.091933      1.453048
   5980000     23.141367      1.376635
   6000000     23.202814      1.364504
