         0      4.000000      0.000000
     20000      4.049869      0.015153
     40000      4.085596      0.067880
     60000      4.200319     -0.154183
     80000      4.244492     -0.192677
    100000      4.313945     -0.177708
    120000      4.374665     -0.258062
    140000      4.397783     -0.423188
    160000      4.387761     -0.565039
    180000      4.518191     -0.518128
    200000      4.587370     -0.549486
    220000      4.584497     -0.707282
    240000      4.720763     -0.558695
    260000      4.715695     -0.726444
    280000      4.801817     -0.746366
    300000      4.879891     -0.733441
    320000      4.957776     -0.771984
    340000      5.014715     -0.786965
    360000      5.091280     -0.728743
    380000      5.169594     -0.781083
    400000      5.220397     -0.844739
    420000      5.278864     -0.842696
    440000      5.353248     -0.843082
    460000      5.400479     -0.832486
    480000      5.436172     -0.691846
    500000      5.533145     -0.699739
    520000      5.618790     -0.753981
    540000      5.661836     -0.728235
    560000      5.748293     -0.695740
    580000      5.823382     -0.729330
    600000      5.903653     -0.681942
    620000      5.931133     -0.601284
    640000      5.945811     -0.486560
    660000      6.052495     -0.506873
    680000      6.113912     -0.474949
    700000      6.092795     -0.354519
    720000      6.251190     -0.401210
    740000      6.251020     -0.277684
    760000      6.350077     -0.274800
    780000      6.292639     -0.135403
    800000      6.506010     -0.271907
    820000      6.567865     -0.276759
    840000      6.645197     -0.332496
    860000      6.634285     -0.130221
    880000      6.589844      0.007901
    900000      6.599604      0.076832
    920000      6.596223      0.140085
    940000      6.494987      0.250379
    960000      6.489741      0.336412
    980000      6.522817      0.415056
   1000000      6.544130      0.485199
   1020000      6.590349      0.553538
   1040000      6.624888      0.622371
   1060000      6.618357      0.709119
   1080000      6.684710      0.762827
   1100000      6.689239      0.828668
   1120000      6.772339      0.829739
   1140000      6.677379      0.980021
   1160000      6.856580      1.008438
   1180000      6.875904      1.064565
   1200000      6.868011      1.151054
   1220000      6.893060      1.221975
   1240000      6.873627      1.314508
   1260000      6.780936      1.402809
   1280000      6.837929      1.458141
   1300000      6.854976      1.534535
   1320000      6.990040      1.549540
   1340000      7.051660      1.579422
   1360000      7.080650      1.630270
   1380000      7.104812      1.702425
   1400000      7.055225      1.815865
   1420000      7.137069      1.855128
   1440000      7.188940      1.871944
   1460000      7.195373      1.947400
   1480000      7.220306      2.013145
   1500000      7.230209      2.080016
   1520000      7.301786      2.137783
   1540000      7.477458      2.120227
   1560000      7.421930      2.256044
   1580000      7.376653      2.342986
   1600000      7.350502      2.409771
   1620000      7.343887      2.460493
   1640000      7.378957      2.536631
   1660000      7.366035      2.599370
   1680000      7.332394      2.675032
   1700000      7.405698      2.759466
   1720000      7.418040      2.808131
   1740000      7.440434      2.870002
   1760000      7.123293      2.890567
   1780000      7.103578      2.971116
   1800000      7.187921      3.045944
   1820000      7.085579      3.081642
   1840000      6.943048      3.061440
   1860000      6.877650      3.109869
   1880000      6.823802      3.125101
   1900000      6.770817      3.205995
   1920000      6.770689      3.293003
   1940000      6.726524      3.343545
   1960000      6.579433      3.304925
   1980000      6.534824      3.374317
   2000000      6.436008      3.339326
   2020000      6.380964      3.411002
   2040000      6.547705      3.681818
   2060000      6.512537      3.729807
   2080000      6.345023      3.709509
   2100000      6.262507      3.727017
   2120000      6.238760      3.806108
   2140000      6.167093      3.826060
   2160000      6.205468      3.956546
   2180000      6.139607      3.969548
   2200000      6.065234      3.953595
   2220000      6.022725      4.028866
   2240000      5.943841      4.027447
   2260000      5.936045      4.166729
   2280000      5.961268      4.281846
   2300000      5.862494      4.270923
   2320000      5.806970      4.291409
   2340000      5.738405      4.339707
   2360000      5.723485      4.407299
   2380000      5.648607      4.439710
   2400000      5.543762      4.457501
   2420000      5.547583      4.570195
   2440000      5.537709      4.630648
   2460000      5.504910      4.672533
   2480000      5.402465      4.711151
   2500000      5.319370      4.716239
   2520000      5.251375      4.719773
   2540000      5.205583      4.782924
   2560000      5.114937      4.724253
   2580000      5.068876      4.747070
   2600000      5.048720      4.867559
   2620000      4.965975      4.917044
   2640000      4.909284      4.956084
   2660000      4.883389      5.061627
   2680000      4.750141      5.017497
   2700000      4.736275      5.095761
   2720000      4.775632      5.214456
   2740000      4.793896      5.295286
   2760000      4.802725      5.371535
   2780000      4.677198      5.425787
   2800000      4.781433      5.542431
   2820000      4.602252      5.548440
   2840000      4.604336      5.629783
   2860000      4.412872      5.597971
   2880000      4.370987      5.634000
   2900000      4.306436      5.701648
   2920000      4.288634      5.776127
   2940000      4.334081      5.881650
   2960000      4.325856      5.955705
   2980000      4.427187      6.051266
   3000000      4.196341      6.055641
   3020000      4.125602      6.066108
   3040000      4.119920      6.145686
   3060000      4.063938      6.204048
   3080000      4.034618      6.240798
   3100000      3.902449      6.183270
   3120000      3.918136      6.315937
   3140000      3.816021      6.316269
   3160000      3.870409      6.475814
   3180000      3.768817      6.466096
   3200000      3.705254      6.495691
   3220000      3.595770      6.442207
   3240000      3.549470      6.537277
   3260000      3.516129      6.588885
   3280000      3.463388      6.610424
   3300000      3.366926      6.619043
   3320000      3.355237      6.698416
   3340000      3.328773      6.772364
   3360000      3.180079      6.751576
   3380000      3.172227      6.828779
   3400000      3.041046      6.832860
   3420000      2.941073      6.807371
   3440000      2.878692      6.861148
   3460000      2.820633      6.897877
   3480000      2.744450      6.908919
   3500000      2.669685      6.936067
   3520000      2.670614      7.096926
   3540000      2.564218      7.048738
   3560000      2.503242      7.057190
   3580000      2.573333      7.258011
   3600000      2.519539      7.298046
   3620000      2.339446      7.248228
   3640000      2.273751      7.239055
   3660000      2.263146      7.339917
   3680000      2.239887      7.417368
   3700000      2.192942      7.476980
   3720000      2.203884      7.592702
   3740000      2.286666      7.656221
   3760000      2.109585      7.716116
   3780000      2.116434      7.791760
   3800000      2.034157      7.822610
   3820000      1.922124      7.835290
   3840000      1.870030      7.865418
   3860000      1.825306      7.941481
   3880000      1.791669      7.987699
   3900000      1.842242      8.110854
   3920000      1.807259      8.202980
   3940000      1.737274      8.234296
   3960000      1.632806      8.242789
   3980000      1.549798      8.245960
   4000000      1.638746      8.405013
   4020000      1.619037      8.478355
   4040000      1.592532      8.560004
   4060000      1.494138      8.575247
   4080000      1.357198      8.546046
   4100000      1.339296      8.608733
   4120000      1.251923      8.596390
   4140000      1.177647      8.601389
   4160000      1.113347      8.615946
   4180000      1.075669      8.692523
   4200000      0.995878      8.637993
   4220000      0.995245      8.793485
   4240000      0.987454      8.905220
   4260000      0.982502      8.988975
   4280000      0.880443      9.014131
   4300000      0.859991      9.095262
   4320000      0.769892      9.092440
   4340000      0.680453      9.122935
   4360000      0.599887      9.079118
   4380000      0.585631      9.148874
   4400000      0.459100      9.060295
   4420000      0.405454      9.120289
   4440000      0.352887      9.115005
   4460000      0.312978      9.179838
   4480000      0.241138      9.140777
   4500000      0.187137      9.288052
   4520000      0.134780      9.325205
   4540000      0.107194      9.417502
   4560000      0.063940      9.468750
   4580000      0.027509      9.491444
   4600000     -0.047676      9.518194
   4620000     -0.114147      9.531706
   4640000     -0.124059      9.583819
   4660000     -0.198962      9.594383
   4680000     -0.219571      9.691365
   4700000     -0.171133      9.769986
   4720000     -0.183978      9.821433
   4740000     -0.262087      9.861514
   4760000     -0.425843      9.834078
   4780000     -0.480291      9.879936
   4800000     -0.507305      9.945074
   4820000     -0.489534     10.013226
   4840000     -0.742439      9.967017
   4860000     -0.793788     10.014405
   4880000     -0.877307     10.021828
   4900000     -0.903972     10.094302
   4920000     -0.995262     10.102244
   4940000     -0.971548     10.236513
   4960000     -1.042311     10.261658
   4980000     -1.009113     10.332206
   5000000     -1.187460     10.302532
   5020000     -1.226251     10.358095
   5040000     -1.249560     10.422156
   5060000     -1.269669     10.476943
   5080000     -1.341783     10.512263
   5100000     -1.423603     10.549433
   5120000     -1.469843     10.575331
   5140000     -1.338992     10.799401
   5160000     -1.405289     10.835236
   5180000     -1.434531     10.888585
   5200000     -1.484233     10.942252
   5220000     -1.430365     11.055115
   5240000     -1.505928     11.105005
   5260000     -1.567605     11.118430
   5280000     -1.506068     11.233607
   5300000     -1.607301     11.276163
   5320000     -1.598381     11.358363
   5340000     -1.697261     11.364406
   5360000     -1.711343     11.456525
   5380000     -1.767671     11.509450
   5400000     -1.841921     11.527939
   5420000     -1.867838     11.592733
   5440000     -1.823208     11.704614
   5460000     -1.842011     11.786144
   5480000     -1.905159     11.835496
   5500000     -1.879882     11.913055
   5520000     -1.845497     11.985870
   5540000     -1.832264     12.051938
   5560000     -1.914753     12.106095
   5580000     -1.935231     12.159654
   5600000     -2.064897     12.159229
   5620000     -2.136172     12.140098
   5640000     -2.130239     12.285659
   5660000     -2.118836     12.384846
   5680000     -2.131791     12.452282
   5700000     -1.993558     12.596411
   5720000     -2.017573     12.652747
   5740000     -2.096733     12.726758
   5760000     -2.094725     12.795184
   5780000     -2.056851     12.862361
   5800000     -2.069785     12.917802
   5820000     -2.069349     12.970642
   5840000     -2.111634     13.051014
   5860000     -2.087257     13.114999
   5880000     -2.073176     13.181425
   5900000     -1.987655     13.223478
   5920000     -1.981274     13.279557
   5940000     -2.024120     13.344923
   5960000     -2.089049     13.436962
   5980000     -2.090434     13.502560
   6000000     -2.090276     13.566502
