         0      4.000000      0.000000
     20000      4.013707      0.008749
     40000      4.025347     -0.020859
     60000      4.073260     -0.126726
     80000      4.154079     -0.010085
    100000      4.221509     -0.032389
    120000      4.298739     -0.146287
    140000      4.377066     -0.107501
    160000      4.427534     -0.193300
    180000      4.516493     -0.140083
    200000      4.582077     -0.042354
    220000      4.645673      0.042188
    240000      4.674157      0.146549
    260000      4.742739      0.152160
    280000      4.838171     -0.067864
    300000      4.902069      0.052828
    320000      4.972654      0.023901
    340000      5.035477      0.074646
    360000      5.069160      0.088644
    380000      5.168340     -0.253860
    400000      5.249236     -0.087507
    420000      5.318081     -0.096902
    440000      5.410305      0.067485
    460000      5.420530     -0.185509
    480000      5.519765     -0.071956
    500000      5.577463     -0.121716
    520000      5.618221     -0.222571
    540000      5.728604     -0.136405
    560000      5.770094      0.062221
    580000      5.800536      0.087307
    600000      5.879552      0.055524
    620000      5.916360      0.227969
    640000      5.937612      0.275311
    660000      5.975477      0.313220
    680000      6.159559      0.155375
    700000      6.161278      0.344964
    720000      6.205057      0.396403
    740000      6.338186      0.265751
    760000      6.408042      0.043183
    780000      6.484370      0.152955
    800000      6.525197      0.223958
    820000      6.577300     -0.060450
    840000      6.673964      0.066967
    860000      6.734181      0.068827
    880000      6.779545      0.340709
    900000      6.718209      0.740448
    920000      6.795113      0.723345
    940000      6.858178      0.710439
    960000      6.954091      0.635430
    980000      7.036628      0.648880
   1000000      7.012872      0.871279
   1020000      6.949918      1.146605
   1040000      6.975217      1.175993
   1060000      6.908947      1.281452
   1080000      6.965488      1.327845
   1100000      6.992301      1.370663
   1120000      7.127447      1.395832
   1140000      7.143351      1.482033
   1160000      7.205970      1.525341
   1180000      7.246190      1.575410
   1200000      7.297445      1.586297
   1220000      7.310325      1.688783
   1240000      7.338002      1.782546
   1260000      7.150224      1.924363
   1280000      7.319879      1.938160
   1300000      7.332526      2.003253
   1320000      7.626883      1.877410
   1340000      7.674699      1.913168
   1360000      7.666124      2.011138
   1380000      7.704394      2.059006
   1400000      7.723451      2.134298
   1420000      7.602326      2.249072
   1440000      7.658366      2.331018
   1460000      7.877003      2.265315
   1480000      8.123873      2.110395
   1500000      8.195099      2.079624
   1520000      8.226082      2.197960
   1540000      8.219475      2.248326
   1560000      8.285543      2.375428
   1580000      8.315352      2.427300
   1600000      8.475831      2.306524
   1620000      8.575864      2.168808
   1640000      8.597695      2.366708
   1660000      8.683015      2.325862
   1680000      8.596208      2.633416
   1700000      8.389243      2.833348
   1720000      8.754391      2.655638
   1740000      8.733038      2.773454
   1760000      8.761392      2.841785
   1780000      8.892651      2.769799
   1800000      9.027817      2.777259
   1820000      9.122020      2.639232
   1840000      9.116494      2.876152
   1860000      9.091984      3.015527
   1880000      9.198183      2.980050
   1900000      9.282112      3.012901
   1920000      9.282256      3.152437
   1940000      9.420425      3.090411
   1960000      9.482614      3.086908
   1980000      9.528014      3.164254
   2000000      9.613235      3.170541
   2020000      9.688007      3.168988
   2040000      9.792563      3.072163
   2060000      9.904804      2.973123
   2080000      9.952678      2.779039
   2100000     10.025028      2.827247
   2120000     10.048030      2.742325
   2140000     10.112930      2.746422
   2160000     10.240416      3.056071
   2180000     10.264726      3.268947
   2200000     10.340599      3.200002
   2220000     10.386719      3.234464
   2240000     10.348834      3.456406
   2260000     10.414251      3.471568
   2280000     10.497175      3.443550
   2300000     10.612727      3.330874
   2320000     10.652444      3.432256
   2340000     10.747084      3.434707
   2360000     10.826410      3.422065
   2380000     10.867052      3.486090
   2400000     10.860645      3.628626
   2420000     10.927257      3.646462
   2440000     10.959264      3.708935
   2460000     10.914294      3.852674
   2480000     10.880057      3.939506
   2500000     11.123275      3.866748
   2520000     11.191811      3.874257
   2540000     11.252587      3.936992
   2560000     11.463582      3.638551
   2580000     11.533696      3.747298
   2600000     11.528195      3.944084
   2620000     11.593257      3.941470
   2640000     11.573404      4.144101
   2660000     11.622221      4.210792
   2680000     11.855145      3.903911
   2700000     11.913319      3.971942
   2720000     11.980813      3.954331
   2740000     11.928766      4.228074
   2760000     11.925453      4.306008
   2780000     11.981173      4.348593
   2800000     11.977808      4.444766
   2820000     12.033855      4.475536
   2840000     12.154903      4.437820
   2860000     12.221089      4.453628
   2880000     12.347721      4.372511
   2900000     12.402684      4.435973
   2920000     12.251106      4.736398
   2940000     12.393406      4.676227
   2960000     12.467999      4.677049
   2980000     12.532257      4.599858
   3000000     12.599800      4.502044
   3020000     12.549839      4.906910
   3040000     12.511274      5.107770
   3060000     12.499868      5.221714
   3080000     12.494224      5.279885
   3100000     12.134705      5.499106
   3120000     12.173223      5.562213
   3140000     12.078686      5.635884
   3160000     12.409847      5.629797
   3180000     12.442737      5.649755
   3200000     12.476678      5.707627
   3220000     12.502715      5.746144
   3240000     12.269198      5.920466
   3260000     12.313237      6.002267
   3280000     12.307528      6.065234
   3300000     12.475464      6.100406
   3320000     12.568231      6.135225
   3340000     12.639300      6.193402
   3360000     12.657890      6.254407
   3380000     12.905618      6.174383
   3400000     12.997256      6.203758
   3420000     12.845602      6.375893
   3440000     12.781238      6.526142
   3460000     12.907752      6.517136
   3480000     12.937177      6.583267
   3500000     12.892787      6.660045
   3520000     12.968649      6.708723
   3540000     13.010681      6.748633
   3560000     12.977743      6.857541
   3580000     13.098484      6.842978
   3600000     13.294199      6.751331
   3620000     13.319513      6.821190
   3640000     13.518422      6.643446
   3660000     13.590593      6.673892
   3680000     13.637395      6.720963
   3700000     13.684769      6.690119
   3720000     13.680581      6.949262
   3740000     13.743770      6.990283
   3760000     13.616584      7.121129
   3780000     13.606330      7.336584
   3800000     13.658920      7.387693
   3820000     13.729286      7.416868
   3840000     13.795821      7.431429
   3860000     13.815444      7.502507
   3880000     13.808373      7.598613
   3900000     13.934913      7.518691
   3920000     13.887665      7.681135
   3940000     13.945484      7.681480
   3960000     13.920506      7.841930
   3980000     14.122754      7.706494
   4000000     14.128652      7.815727
   4020000     14.163605      7.913539
   4040000     14.116673      8.038045
   4060000     14.185651      8.074100
   4080000     14.400052      7.965628
   4100000     14.240470      8.187484
   4120000     14.310236      8.235530
   4140000     14.264134      8.323018
   4160000     14.400671      8.334330
   4180000     14.646797      8.223228
   4200000     14.545629      8.401353
   4220000     14.637134      8.423289
   4240000     14.752489      8.425433
   4260000     14.817071      8.453151
   4280000     14.840347      8.511621
   4300000     14.818339      8.636534
   4320000     14.902423      8.633396
   4340000     14.904659      8.720313
   4360000     15.096205      8.650115
   4380000     15.106099      8.724234
   4400000     15.211790      8.701006
   4420000     15.252218      8.744508
   4440000     15.291498      8.765676
   4460000     15.338139      8.815960
   4480000     15.402249      8.834041
   4500000     15.346085      9.027079
   4520000     15.335000      9.129091
   4540000     15.371376      9.178359
   4560000     15.480650      9.189409
   4580000     15.350370      9.354574
   4600000     15.336218      9.427561
   4620000     15.314336      9.480901
   4640000     15.289329      9.523871
   4660000     15.365974      9.555454
   4680000     15.525953      9.640748
   4700000     15.683539      9.647824
   4720000     15.893463      9.600378
   4740000     15.984669      9.615601
   4760000     16.179135      9.527556
   4780000     16.201681      9.592972
   4800000     16.217398      9.622980
   4820000     16.292527      9.622282
   4840000     16.446138      9.542164
   4860000     16.591288      9.448190
   4880000     16.531062      9.581154
   4900000     16.218297     10.129301
   4920000     16.213341     10.241572
   4940000     16.277070     10.250698
   4960000     16.426303     10.200132
   4980000     16.254252     10.425838
   5000000     16.358317     10.448029
   5020000     16.370277     10.527851
   5040000     16.467983     10.554834
   5060000     16.403249     10.676978
   5080000     16.493700     10.713654
   5100000     16.461335     10.798400
   5120000     16.309748     10.880516
   5140000     16.337783     10.935123
   5160000     16.508679     10.994211
   5180000     16.550512     11.055910
   5200000     16.594711     11.107362
   5220000     16.657385     11.141376
   5240000     16.664427     11.205322
   5260000     16.424099     11.356477
   5280000     16.589932     11.383542
   5300000     16.884002     11.297577
   5320000     16.980456     11.301518
   5340000     16.846099     11.471907
   5360000     16.888734     11.552945
   5380000     16.988540     11.581219
   5400000     17.064016     11.604893
   5420000     17.085018     11.647681
   5440000     17.086735     11.705403
   5460000     16.666021     11.982166
   5480000     16.734828     12.069587
   5500000     16.711032     12.129161
   5520000     16.692311     12.196938
   5540000     16.422841     12.276170
   5560000     16.509574     12.355306
   5580000     16.479745     12.413841
   5600000     16.528379     12.483813
   5620000     16.644388     12.553281
   5640000     16.758173     12.602459
   5660000     16.751145     12.668565
   5680000     16.861616     12.703110
   5700000     16.724363     12.810131
   5720000     16.730259     12.891265
   5740000     16.790777     12.952968
   5760000     16.704860     13.018084
   5780000     16.593313     13.106462
   5800000     16.603634     13.190881
   5820000     16.692339     13.257276
   5840000     16.734604     13.311171
   5860000     16.767982     13.335066
   5880000     16.911719     13.405515
   5900000     16.955106     13.448586
   5920000     17.034078     13.483276
   5940000     17.101278     13.512001
   5960000     17.204182     13.510046
   5980000     17.003392     13.703043
   6000000     17.016324     13.766697
