         0      4.000000      0.000000
     20000      4.013469     -0.011970
     40000      4.015346     -0.038586
     60000      4.025169     -0.036705
     80000      4.030039     -0.053139
    100000      4.037511     -0.062462
    120000      4.044930     -0.066052
    140000      4.062965     -0.060506
    160000      4.080388     -0.039929
    180000      4.087115     -0.039993
    200000      4.097083     -0.050540
    220000      4.105950     -0.048923
    240000      4.116223     -0.026398
    260000      4.131267     -0.042637
    280000      4.141493     -0.056032
    300000      4.148465     -0.041000
    320000      4.155086     -0.045233
    340000      4.166851     -0.054311
    360000      4.179787     -0.060430
    380000      4.188747     -0.062055
    400000      4.194209     -0.065865
    420000      4.199087     -0.079297
    440000      4.219617     -0.059027
    460000      4.225600     -0.051710
    480000      4.235966     -0.058872
    500000      4.244265     -0.075844
    520000      4.253064     -0.065924
    540000      4.264270     -0.062416
    560000      4.277447     -0.070876
    580000      4.285921     -0.097924
    600000      4.296006     -0.105008
    620000      4.294837     -0.129813
    640000      4.286406     -0.158624
    660000      4.294432     -0.181734
    680000      4.304656     -0.194178
    700000      4.297104     -0.206212
    720000      4.293715     -0.222880
    740000      4.305377     -0.228676
    760000      4.310545     -0.239762
    780000      4.347368     -0.229656
    800000      4.367805     -0.223473
    820000      4.368380     -0.232845
    840000      4.378028     -0.231025
    860000      4.389769     -0.229400
    880000      4.394144     -0.242111
    900000      4.416185     -0.239155
    920000      4.413233     -0.266200
    940000      4.420090     -0.277772
    960000      4.425162     -0.289492
    980000      4.440860     -0.285653
   1000000      4.443597     -0.300876
   1020000      4.449131     -0.312359
   1040000      4.459993     -0.316192
   1060000      4.466566     -0.318365
   1080000      4.471639     -0.330134
   1100000      4.494654     -0.305586
   1120000      4.480451     -0.355046
   1140000      4.484700     -0.366175
   1160000      4.462011     -0.395733
   1180000      4.474121     -0.400486
   1200000      4.505226     -0.388993
   1220000      4.500068     -0.414535
   1240000      4.507862     -0.416233
   1260000      4.513667     -0.423941
   1280000      4.517185     -0.431423
   1300000      4.520867     -0.441915
   1320000      4.540097     -0.444654
   1340000      4.537604     -0.455467
   1360000      4.538856     -0.474390
   1380000      4.551189     -0.474993
   1400000      4.564880     -0.475802
   1420000      4.580929     -0.475151
   1440000      4.590316     -0.485753
   1460000      4.595814     -0.493446
   1480000      4.608139     -0.497674
   1500000      4.593383     -0.522503
   1520000      4.584832     -0.547442
   1540000      4.589319     -0.552653
   1560000      4.577987     -0.573659
   1580000      4.569060     -0.585662
   1600000      4.558487     -0.601729
   1620000      4.556984     -0.613948
   1640000      4.548540     -0.623210
   1660000      4.544050     -0.632638
   1680000      4.556613     -0.642193
   1700000      4.561585     -0.646549
   1720000      4.583300     -0.652268
   1740000      4.584230     -0.661585
   1760000      4.581718     -0.671773
   1780000      4.607181     -0.673247
   1800000      4.556995     -0.708118
   1820000      4.547722     -0.720493
   1840000      4.510765     -0.731517
   1860000      4.477421     -0.728586
   1880000      4.496100     -0.753915
   1900000      4.484548     -0.754725
   1920000      4.421395     -0.742822
   1940000      4.402076     -0.740036
   1960000      4.383799     -0.741174
   1980000      4.389195     -0.757620
   2000000      4.381088     -0.753764
   2020000      4.371839     -0.762805
   2040000      4.368555     -0.767865
   2060000      4.360716     -0.769749
   2080000      4.358044     -0.774813
   2100000      4.349445     -0.794021
   2120000      4.348015     -0.805624
   2140000      4.337335     -0.806758
   2160000      4.335804     -0.816475
   2180000      4.303380     -0.815013
   2200000      4.293559     -0.807742
   2220000      4.289508     -0.825276
   2240000      4.281672     -0.819821
   2260000      4.277971     -0.837365
   2280000      4.275272     -0.835711
   2300000      4.267767     -0.851335
   2320000      4.259421     -0.867439
   2340000      4.244991     -0.863234
   2360000      4.235173     -0.882925
   2380000      4.237594     -0.898292
   2400000      4.232604     -0.917940
   2420000      4.182882     -0.873004
   2440000      4.177852     -0.886610
   2460000      4.176372     -0.896641
   2480000      4.166415     -0.901580
   2500000      4.154052     -0.903409
   2520000      4.153421     -0.914423
   2540000      4.145515     -0.917990
   2560000      4.136996     -0.913550
   2580000      4.124313     -0.919174
   2600000      4.122944     -0.922753
   2620000      4.116377     -0.929099
   2640000      4.103309     -0.939571
   2660000      4.093680     -0.939723
   2680000      4.089586     -0.958974
   2700000      4.078533     -0.954143
   2720000      4.067267     -0.961347
   2740000      4.066265     -0.982628
   2760000      4.061570     -0.989249
   2780000      4.057084     -1.003484
   2800000      4.055395     -1.020170
   2820000      4.069386     -1.043166
   2840000      4.050105     -1.044879
   2860000      4.030328     -1.049255
   2880000      4.033549     -1.062226
   2900000      4.027484     -1.065530
   2920000      4.010986     -1.071851
   2940000      3.988690     -1.066714
   2960000      3.977302     -1.062637
   2980000      3.982758     -1.081626
   3000000      3.971275     -1.084318
   3020000      3.959692     -1.094612
   3040000      3.954086     -1.104753
   3060000      3.939766     -1.090800
   3080000      3.931702     -1.104418
   3100000      3.934210     -1.116409
   3120000      3.927774     -1.127979
   3140000      3.932704     -1.145081
   3160000      3.923920     -1.147694
   3180000      3.892907     -1.136625
   3200000      3.888106     -1.143012
   3220000      3.867143     -1.132944
   3240000      3.856000     -1.139235
   3260000      3.849060     -1.140324
   3280000      3.837335     -1.140915
   3300000      3.827905     -1.138078
   3320000      3.819980     -1.149572
   3340000      3.798915     -1.153883
   3360000      3.784283     -1.142880
   3380000      3.763224     -1.117245
   3400000      3.741324     -1.071515
   3420000      3.730319     -1.070120
   3440000      3.715378     -1.066133
   3460000      3.708249     -1.071993
   3480000      3.702424     -1.067517
   3500000      3.688274     -1.069147
   3520000      3.690490     -1.059709
   3540000      3.683645     -1.057380
   3560000      3.669689     -1.058959
   3580000      3.659357     -1.046710
   3600000      3.652811     -1.032725
   3620000      3.653176     -1.027188
   3640000      3.645797     -1.027332
   3660000      3.633850     -1.019641
   3680000      3.632022     -1.003051
   3700000      3.633007     -0.989738
   3720000      3.628728     -0.974043
   3740000      3.627427     -0.956519
   3760000      3.618386     -0.948251
   3780000      3.638508     -0.905617
   3800000      3.645751     -0.895713
   3820000      3.648907     -0.884143
   3840000      3.630910     -0.875017
   3860000      3.620039     -0.875790
   3880000      3.645920     -0.854832
   3900000      3.657579     -0.825213
   3920000      3.658996     -0.811600
   3940000      3.662956     -0.794831
   3960000      3.655200     -0.787949
   3980000      3.657328     -0.787511
   4000000      3.653479     -0.768699
   4020000      3.650921     -0.763984
   4040000      3.652223     -0.757837
   4060000      3.675893     -0.741771
   4080000      3.672504     -0.739278
   4100000      3.668468     -0.730574
   4120000      3.663784     -0.723176
   4140000      3.636734     -0.709874
   4160000      3.613205     -0.706477
   4180000      3.604553     -0.696739
   4200000      3.597172     -0.690077
   4220000      3.582687     -0.680691
   4240000      3.573486     -0.674688
   4260000      3.549060     -0.667170
   4280000      3.540640     -0.651661
   4300000      3.550467     -0.638019
   4320000      3.552996     -0.636519
   4340000      3.556820     -0.623068
   4360000      3.558618     -0.611693
   4380000      3.544919     -0.597593
   4400000      3.533138     -0.589653
   4420000      3.536830     -0.576588
   4440000      3.549574     -0.564165
   4460000      3.542177     -0.561242
   4480000      3.535027     -0.552642
   4500000      3.524803     -0.543641
   4520000      3.531731     -0.535234
   4540000      3.547587     -0.526794
   4560000      3.542696     -0.512947
   4580000      3.541330     -0.505331
   4600000      3.539199     -0.499305
   4620000      3.535160     -0.487172
   4640000      3.533632     -0.473092
   4660000      3.536029     -0.460634
   4680000      3.530808     -0.449866
   4700000      3.547275     -0.436449
   4720000      3.519268     -0.419859
   4740000      3.533515     -0.406916
   4760000      3.528244     -0.389976
   4780000      3.531554     -0.378231
   4800000      3.548175     -0.368710
   4820000      3.564350     -0.360354
   4840000      3.562670     -0.348715
   4860000      3.512904     -0.330129
   4880000      3.520615     -0.320869
   4900000      3.531291     -0.304070
   4920000      3.539350     -0.292892
   4940000      3.531618     -0.284830
   4960000      3.529770     -0.276626
   4980000      3.507339     -0.263705
   5000000      3.490419     -0.255496
   5020000      3.482216     -0.251324
   5040000      3.476234     -0.235654
   5060000      3.452916     -0.234819
   5080000      3.471179     -0.219206
   5100000      3.464652     -0.210212
   5120000      3.472288     -0.196567
   5140000      3.467641     -0.186159
   5160000      3.481444     -0.180060
   5180000      3.491588     -0.167871
   5200000      3.496095     -0.158180
   5220000      3.506755     -0.147788
   5240000      3.516007     -0.138546
   5260000      3.521599     -0.124416
   5280000      3.521373     -0.119331
   5300000      3.526575     -0.109108
   5320000      3.527838     -0.102638
   5340000      3.504703     -0.084246
   5360000      3.517920     -0.077872
   5380000      3.528475     -0.071154
   5400000      3.540191     -0.063416
   5420000      3.530910     -0.049620
   5440000      3.511639     -0.037095
   5460000      3.516651     -0.029459
   5480000      3.509265     -0.024898
   5500000      3.521107     -0.019593
   5520000      3.516437     -0.008497
   5540000      3.519716      0.003818
   5560000      3.537316      0.014528
   5580000      3.537649      0.024683
   5600000      3.536042      0.033817
   5620000      3.529277      0.048129
   5640000      3.522546      0.054461
   5660000      3.551097      0.065310
   5680000      3.545041      0.078617
   5700000      3.561272      0.088312
   5720000      3.514297      0.103264
   5740000      3.518147      0.113784
   5760000      3.536030      0.118722
   5780000      3.572561      0.120652
   5800000      3.612503      0.117412
   5820000      3.633095      0.109783
   5840000      3.623111      0.129819
   5860000      3.636245      0.132883
   5880000      3.598638      0.172837
   5900000      3.599081      0.186370
   5920000      3.609187      0.192714
   5940000      3.613424      0.214864
   5960000      3.600938      0.227115
   5980000      3.609122      0.238992
   6000000      3.610642      0.250670
   6020000      3.600426      0.265234
   6040000      3.595275      0.278196
   6060000      3.593106      0.284141
   6080000      3.611521      0.287846
   6100000      3.622484      0.294886
   6120000      3.636300      0.302044
   6140000      3.644032      0.310602
   6160000      3.638458      0.324211
   6180000      3.635572      0.338759
   6200000      3.645348      0.341450
   6220000      3.645449      0.353787
   6240000      3.654112      0.357146
   6260000      3.643315      0.375041
   6280000      3.637548      0.381096
   6300000      3.650145      0.396916
   6320000      3.646353      0.419526
   6340000      3.641393      0.428694
   6360000      3.615738      0.446325
   6380000      3.647208      0.456849
   6400000      3.644261      0.463674
   6420000      3.648687      0.477085
   6440000      3.643370      0.488951
   6460000      3.637953      0.504236
   6480000      3.641109      0.513067
   6500000      3.645425      0.525779
   6520000      3.637719      0.535200
   6540000      3.647733      0.543183
   6560000      3.626459      0.544432
   6580000      3.615959      0.555693
   6600000      3.613323      0.565287
   6620000      3.600435      0.564341
   6640000      3.592394      0.568975
   6660000      3.567561      0.569870
   6680000      3.562837      0.582412
   6700000      3.589157      0.610320
   6720000      3.568136      0.614192
   6740000      3.542413      0.608895
   6760000      3.529449      0.611143
   6780000      3.512064      0.618430
   6800000      3.505311      0.634227
   6820000      3.491511      0.629420
   6840000      3.501909      0.651797
   6860000      3.485685      0.664417
   6880000      3.481752      0.664911
   6900000      3.476245      0.674471
   6920000      3.476741      0.700752
   6940000      3.453605      0.693633
   6960000      3.443416      0.700194
   6980000      3.437579      0.693822
   7000000      3.431528      0.707621
   7020000      3.428792      0.711140
   7040000      3.407697      0.712281
   7060000      3.410048      0.730764
   7080000      3.395287      0.731235
   7100000      3.383437      0.741412
   7120000      3.385335      0.764114
   7140000      3.383875      0.781251
   7160000      3.372192      0.787271
   7180000      3.368496      0.793078
   7200000      3.357352      0.792918
   7220000      3.355264      0.802749
   7240000      3.327813      0.789798
   7260000      3.309801      0.798427
   7280000      3.301052      0.802041
   7300000      3.287564      0.797564
   7320000      3.286131      0.808578
   7340000      3.280032      0.825526
   7360000      3.264702      0.821196
   7380000      3.266232      0.830393
   7400000      3.264097      0.832786
   7420000      3.265511      0.850726
   7440000      3.264130      0.867704
   7460000      3.264140      0.866885
   7480000      3.252291      0.878062
   7500000      3.252171      0.896671
   7520000      3.248530      0.906894
   7540000      3.243256      0.914137
   7560000      3.241614      0.935886
   7580000      3.206136      0.914026
   7600000      3.199196      0.917091
   7620000      3.182724      0.920943
   7640000      3.169971      0.922809
   7660000      3.155956      0.932561
   7680000      3.157522      0.943179
   7700000      3.136197      0.945279
   7720000      3.155122      0.966354
   7740000      3.147811      0.967475
   7760000      3.104079      0.939054
   7780000      3.109256      0.972256
   7800000      3.093843      0.970135
   7820000      3.090373      0.977559
   7840000      3.073618      0.976121
   7860000      3.071958      0.988740
   7880000      3.054433      0.983707
   7900000      3.046861      0.982419
   7920000      3.051840      1.007651
   7940000      3.048923      1.010251
   7960000      3.036370      1.024874
   7980000      3.016325      1.021543
   8000000      3.012832      1.032512
   8020000      3.001533      1.040499
   8040000      3.004164      1.059678
   8060000      2.981394      1.048628
   8080000      2.968960      1.049672
   8100000      2.971715      1.060455
   8120000      2.972872      1.069552
   8140000      2.961743      1.070931
   8160000      2.947423      1.072287
   8180000      2.931065      1.076951
   8200000      2.915979      1.070843
   8220000      2.906372      1.079876
   8240000      2.902615      1.096719
   8260000      2.890296      1.098662
   8280000      2.881538      1.114819
   8300000      2.874957      1.111223
   8320000      2.865960      1.114484
   8340000      2.855279      1.118956
   8360000      2.844308      1.121908
   8380000      2.830607      1.124155
   8400000      2.821958      1.124010
   8420000      2.811321      1.117524
   8440000      2.810831      1.149820
   8460000      2.801294      1.166288
   8480000      2.785508      1.157735
   8500000      2.772101      1.155936
   8520000      2.767728      1.165001
   8540000      2.756991      1.159065
   8560000      2.743138      1.147962
   8580000      2.727077      1.130944
   8600000      2.720276      1.129894
   8620000      2.703847      1.113900
   8640000      2.696066      1.120426
   8660000      2.687203      1.130291
   8680000      2.672467      1.132251
   8700000      2.658968      1.109866
   8720000      2.648313      1.116137
   8740000      2.637038      1.121687
   8760000      2.630531      1.113705
   8780000      2.623342      1.123920
   8800000      2.612712      1.135252
   8820000      2.604116      1.139210
   8840000      2.590707      1.136309
   8860000      2.580833      1.150230
   8880000      2.568784      1.141047
   8900000      2.554021      1.143492
   8920000      2.550065      1.164841
   8940000      2.543422      1.166549
   8960000      2.535857      1.174714
   8980000      2.521781      1.119527
   9000000      2.502250      1.114497
   9020000      2.489382      1.110187
   9040000      2.482118      1.125576
   9060000      2.474074      1.118999
   9080000      2.462040      1.105434
   9100000      2.452588      1.115759
   9120000      2.438215      1.104401
   9140000      2.423599      1.090103
   9160000      2.415575      1.070252
   9180000      2.406010      1.039925
   9200000      2.395791      1.028898
   9220000      2.375998      1.084783
   9240000      2.371217      1.087092
   9260000      2.363337      1.077151
   9280000      2.350830      1.048604
   9300000      2.339921      1.042302
   9320000      2.330068      1.038331
   9340000      2.317221      1.019237
   9360000      2.310511      1.029464
   9380000      2.300554      1.027327
   9400000      2.279346      1.011658
   9420000      2.273156      1.012215
   9440000      2.267769      1.008310
   9460000      2.253115      1.020216
   9480000      2.242876      1.038847
   9500000      2.231246      1.041352
   9520000      2.226085      1.055746
   9540000      2.216055      1.050009
   9560000      2.201498      1.027237
   9580000      2.187754      1.026845
   9600000      2.184127      0.997212
   9620000      2.178109      0.992715
   9640000      2.172410      0.991222
   9660000      2.167513      0.981187
   9680000      2.166376      0.958806
   9700000      2.161278      0.953976
   9720000      2.162260      0.944753
   9740000      2.156680      0.937067
   9760000      2.165253      0.913945
   9780000      2.150993      0.915817
   9800000      2.150029      0.898759
   9820000      2.150907      0.873992
   9840000      2.139694      0.876386
   9860000      2.136253      0.875313
   9880000      2.132232      0.865955
   9900000      2.127321      0.870239
   9920000      2.152366      0.849393
   9940000      2.144856      0.840226
   9960000      2.143765      0.830911
   9980000      1.999561      1.099909
  10000000      1.987532      0.994673
