         0      4.000000      0.000000
     20000      4.056403      0.004295
     40000      4.134726      0.006031
     60000      4.182429     -0.061682
     80000      4.179134     -0.177640
    100000      4.197268     -0.247409
    120000      4.345492     -0.206995
    140000      4.425256     -0.170222
    160000      4.490339     -0.243900
    180000      4.568590     -0.244955
    200000      4.636802     -0.281896
    220000      4.681242     -0.345613
    240000      4.771051     -0.343733
    260000      4.767270     -0.498879
    280000      4.780795     -0.594985
    300000      4.818240     -0.643537
    320000      4.854954     -0.705959
    340000      4.956644     -0.720678
    360000      4.942811     -0.830088
    380000      5.110180     -0.777510
    400000      5.159745     -0.850090
    420000      5.262360     -0.795603
    440000      5.312456     -0.837825
    460000      5.320990     -0.938102
    480000      5.463602     -0.874232
    500000      5.548490     -0.847561
    520000      5.610960     -0.887359
    540000      5.674488     -0.908554
    560000      5.717649     -1.052082
    580000      5.780778     -1.093122
    600000      5.753873     -1.298125
    620000      5.841787     -1.314477
    640000      5.885893     -1.400917
    660000      5.953068     -1.438751
    680000      5.923863     -1.563250
    700000      5.992695     -1.594694
    720000      6.141087     -1.539142
    740000      6.200573     -1.573240
    760000      6.260092     -1.614379
    780000      6.331013     -1.630267
    800000      6.410433     -1.618564
    820000      6.496251     -1.615348
    840000      6.591492     -1.588904
    860000      6.665429     -1.609951
    880000      6.721480     -1.669487
    900000      6.795334     -1.707175
    920000      6.877825     -1.699968
    940000      6.907452     -1.744063
    960000      7.011188     -1.702408
    980000      7.076738     -1.738124
   1000000      7.118930     -1.810080
   1020000      7.211229     -1.750167
   1040000      7.228136     -1.855347
   1060000      7.317098     -1.804931
   1080000      7.326868     -1.944938
   1100000      7.417152     -1.914348
   1120000      7.506151     -1.862193
   1140000      7.580528     -1.878853
   1160000      7.648755     -1.899035
   1180000      7.710380     -1.945466
   1200000      7.743564     -2.023103
   1220000      7.819184     -2.043410
   1240000      7.850422     -2.118134
   1260000      7.909260     -2.143208
   1280000      7.946644     -2.212642
   1300000      8.028934     -2.225150
   1320000      8.041198     -2.344786
   1340000      8.135742     -2.323143
   1360000      8.187313     -2.393938
   1380000      8.258466     -2.400720
   1400000      8.322649     -2.408074
   1420000      8.396850     -2.428257
   1440000      8.389511     -2.585156
   1460000      8.460353     -2.621272
   1480000      8.438692     -2.720257
   1500000      8.448620     -2.788313
   1520000      8.511393     -2.814750
   1540000      8.471493     -2.899660
   1560000      8.409820     -2.989521
   1580000      8.492819     -3.066711
   1600000      8.446849     -3.142802
   1620000      8.422066     -3.200476
   1640000      8.537169     -3.254768
   1660000      8.536563     -3.306602
   1680000      8.517586     -3.359700
   1700000      8.575061     -3.434671
   1720000      8.562062     -3.499321
   1740000      8.490828     -3.565089
   1760000      8.538620     -3.627892
   1780000      8.536214     -3.697781
   1800000      8.583644     -3.757616
   1820000      8.538011     -3.834153
   1840000      8.549280     -3.902572
   1860000      8.507002     -3.964660
   1880000      8.365811     -4.000904
   1900000      8.363531     -4.074465
   1920000      8.415364     -4.151687
   1940000      8.330958     -4.201652
   1960000      8.212883     -4.226043
   1980000      8.174889     -4.278860
   2000000      8.129659     -4.346779
   2020000      8.086805     -4.395474
   2040000      8.073243     -4.467533
   2060000      7.971255     -4.493671
   2080000      7.923427     -4.521911
   2100000      7.850491     -4.552154
   2120000      7.809923     -4.615588
   2140000      7.733023     -4.613612
   2160000      7.658914     -4.645835
   2180000      7.647924     -4.715989
   2200000      7.599433     -4.771555
   2220000      7.513130     -4.765943
   2240000      7.430622     -4.726412
   2260000      7.358699     -4.773864
   2280000      7.330540     -4.848346
   2300000      7.222764     -4.816793
   2320000      7.173495     -4.866173
   2340000      7.064375     -4.806127
   2360000      6.998519     -4.739101
   2380000      6.973528     -4.942832
   2400000      6.918484     -4.993553
   2420000      6.901234     -5.088209
   2440000      6.860945     -5.142074
   2460000      6.941702     -5.249972
   2480000      6.915339     -5.302000
   2500000      6.868838     -5.364423
   2520000      6.795992     -5.418966
   2540000      6.721176     -5.463874
   2560000      6.706983     -5.540604
   2580000      6.727501     -5.621848
   2600000      6.719368     -5.675889
   2620000      6.647040     -5.725270
   2640000      6.640823     -5.811705
   2660000      6.588308     -5.842607
   2680000      6.610783     -5.933810
   2700000      6.494464     -5.932431
   2720000      6.604453     -6.076149
   2740000      6.674448     -6.163180
   2760000      6.749965     -6.194357
   2780000      6.714225     -6.282163
   2800000      6.766201     -6.329656
   2820000      6.779531     -6.429812
   2840000      6.777377     -6.487445
   2860000      6.787299     -6.579117
   2880000      6.798488     -6.648149
   2900000      6.636290     -6.714179
   2920000      6.607449     -6.761976
   2940000      6.759016     -6.879565
   2960000      6.756777     -6.937828
   2980000      6.754729     -6.999331
   3000000      6.676645     -7.035703
   3020000      6.614695     -7.028929
   3040000      6.639100     -7.161152
   3060000      6.592797     -7.209019
   3080000      6.548494     -7.261711
   3100000      6.489238     -7.294792
   3120000      6.482030     -7.374833
   3140000      6.434802     -7.435812
   3160000      6.402622     -7.512850
   3180000      6.331707     -7.561392
   3200000      6.287577     -7.623920
   3220000      6.252344     -7.698015
   3240000      6.338306     -7.795440
   3260000      6.220792     -7.836958
   3280000      6.201093     -7.895600
   3300000      6.141566     -7.931429
   3320000      6.150957     -8.016123
   3340000      6.131369     -8.081242
   3360000      6.095022     -8.135020
   3380000      5.954249     -8.063168
   3400000      5.930154     -8.126369
   3420000      5.848061     -8.092227
   3440000      5.784635     -8.121606
   3460000      5.697134     -8.113492
   3480000      5.690111     -8.225214
   3500000      5.623792     -8.241471
   3520000      5.559359     -8.246301
   3540000      5.484799     -8.252930
   3560000      5.438033     -8.298264
   3580000      5.378638     -8.318951
   3600000      5.357886     -8.416162
   3620000      5.252212     -8.374011
   3640000      5.183763     -8.355319
   3660000      5.141282     -8.446103
   3680000      5.107188     -8.509651
   3700000      4.978324     -8.390642
   3720000      4.908183     -8.417701
   3740000      4.879303     -8.491429
   3760000      4.839667     -8.529879
   3780000      4.757136     -8.532320
   3800000      4.713073     -8.573415
   3820000      4.633345     -8.610285
   3840000      4.535105     -8.612341
   3860000      4.480895     -8.644797
   3880000      4.369964     -8.604920
   3900000      4.292606     -8.520476
   3920000      4.240595     -8.581738
   3940000      4.143153     -8.529142
   3960000      4.086276     -8.588587
   3980000      4.028202     -8.571349
   4000000      3.954086     -8.630948
   4020000      3.870475     -8.616377
   4040000      3.822716     -8.403314
   4060000      3.769531     -8.365200
   4080000      3.711830     -8.292905
   4100000      3.656804     -8.275347
   4120000      3.601814     -8.239604
   4140000      3.516089     -8.228810
   4160000      3.418463     -8.263640
   4180000      3.349704     -8.248366
   4200000      3.287346     -8.203742
   4220000      3.181621     -8.327759
   4240000      3.137803     -8.417706
   4260000      3.061817     -8.325149
   4280000      2.992371     -8.374275
   4300000      2.927157     -8.298984
   4320000      2.853417     -8.336864
   4340000      2.796357     -8.202041
   4360000      2.732171     -8.225910
   4380000      2.648472     -8.238808
   4400000      2.571055     -8.279487
   4420000      2.504991     -8.232537
   4440000      2.444609     -8.315870
   4460000      2.379604     -8.291941
   4480000      2.320760     -8.246669
   4500000      2.238176     -8.262834
   4520000      2.177566     -8.252893
   4540000      2.107971     -8.218059
   4560000      2.031977     -8.207695
   4580000      1.968449     -8.347260
   4600000      1.891941     -8.208488
   4620000      1.827985     -8.217516
   4640000      1.744928     -8.150296
   4660000      1.671155     -8.131760
   4680000      1.626643     -8.252149
   4700000      1.536048     -8.117108
   4720000      1.472876     -8.161683
   4740000      1.411674     -8.192027
   4760000      1.334803     -8.140432
   4780000      1.256673     -8.161718
   4800000      1.184770     -8.153093
   4820000      1.118595     -8.091529
   4840000      1.051321     -8.049282
   4860000      0.993311     -8.050687
   4880000      0.935844     -8.111332
   4900000      0.859616     -8.128319
   4920000      0.805288     -7.997444
   4940000      0.759186     -7.969042
   4960000      0.704941     -7.947853
   4980000      0.693528     -7.863937
   5000000      0.609247     -7.845914
   5020000      0.544481     -7.815150
   5040000      0.487288     -7.790795
   5060000      0.427192     -7.736979
   5080000      0.407958     -7.654079
   5100000      0.320933     -7.681924
   5120000      0.236634     -7.680124
   5140000      0.164510     -7.647500
   5160000      0.138167     -7.555120
   5180000      0.104601     -7.496621
   5200000      0.016186     -7.501646
   5220000     -0.016228     -7.467436
   5240000     -0.072741     -7.398860
   5260000     -0.151614     -7.396720
   5280000     -0.238672     -7.389424
   5300000     -0.337993     -7.425703
   5320000     -0.368217     -7.323349
   5340000     -0.415027     -7.263034
   5360000     -0.490435     -7.239775
   5380000     -0.562466     -7.230952
   5400000     -0.629893     -7.276054
   5420000     -0.699965     -7.197787
   5440000     -0.787419     -7.253260
   5460000     -0.844402     -7.287238
   5480000     -0.893698     -7.309647
   5500000     -0.953591     -7.344056
   5520000     -0.967846     -7.403438
   5540000     -1.088421     -7.358626
   5560000     -1.125903     -7.461709
   5580000     -1.211979     -7.427312
   5600000     -1.256317     -7.485401
   5620000     -1.301353     -7.525520
   5640000     -1.305092     -7.656908
   5660000     -1.324160     -7.724397
   5680000     -1.322557     -7.809068
   5700000     -1.387871     -7.855543
   5720000     -1.391568     -7.933609
   5740000     -1.581857     -7.859761
   5760000     -1.625942     -7.920901
   5780000     -1.700531     -7.940056
   5800000     -1.728178     -8.019650
   5820000     -1.738548     -8.097735
   5840000     -1.880062     -8.021661
   5860000     -1.953738     -8.028655
   5880000     -2.018208     -8.070334
   5900000     -2.061989     -8.130942
   5920000     -2.136032     -8.147529
   5940000     -2.202228     -8.152644
   5960000     -2.252501     -8.179261
   5980000     -2.354879     -8.164365
   6000000     -2.426905     -8.091477
