         0      4.000000      0.000000
     20000      4.035454      0.069852
     40000      4.112738     -0.070166
     60000      4.172083     -0.162731
     80000      4.236034     -0.178743
    100000      4.326257     -0.070780
    120000      4.391435     -0.058385
    140000      4.468307     -0.128651
    160000      4.468255     -0.265221
    180000      4.507814     -0.332900
    200000      4.498539     -0.416303
    220000      4.521056     -0.471157
    240000      4.613786     -0.495711
    260000      4.695129     -0.508093
    280000      4.758997     -0.562722
    300000      4.745110     -0.661773
    320000      4.760753     -0.728840
    340000      4.732330     -0.829966
    360000      4.802353     -0.855369
    380000      4.798013     -0.956741
    400000      4.906744     -0.932164
    420000      4.938590     -1.030153
    440000      4.968916     -1.108437
    460000      4.925960     -1.211527
    480000      4.954207     -1.264042
    500000      4.958008     -1.320489
    520000      5.189989     -1.313009
    540000      5.257940     -1.332868
    560000      5.290358     -1.397635
    580000      5.382052     -1.360460
    600000      5.407618     -1.241065
    620000      5.483282     -1.236483
    640000      5.611242     -1.259072
    660000      5.692995     -1.408933
    680000      5.634015     -1.696510
    700000      5.582565     -1.841101
    720000      5.605961     -1.901253
    740000      5.627157     -1.949072
    760000      5.710018     -1.981352
    780000      5.790334     -2.022638
    800000      5.736165     -2.105613
    820000      5.819422     -2.137490
    840000      5.826056     -2.212584
    860000      5.978230     -2.210742
    880000      5.977341     -2.283195
    900000      5.996091     -2.351256
    920000      6.048158     -2.398815
    940000      5.984037     -2.495607
    960000      6.075229     -2.536933
    980000      6.041712     -2.600283
   1000000      6.108201     -2.657818
   1020000      5.998099     -2.747163
   1040000      6.032865     -2.828747
   1060000      6.117659     -2.880842
   1080000      6.126320     -2.940628
   1100000      6.167501     -2.997326
   1120000      6.232010     -3.030136
   1140000      6.020216     -3.194510
   1160000      6.092379     -3.251559
   1180000      6.105439     -3.319208
   1200000      6.071838     -3.390924
   1220000      6.057252     -3.490393
   1240000      6.081225     -3.547530
   1260000      6.090959     -3.609466
   1280000      6.164492     -3.638386
   1300000      6.180118     -3.712130
   1320000      6.250592     -3.737603
   1340000      6.261306     -3.817932
   1360000      6.352766     -3.814466
   1380000      6.403858     -3.818184
   1400000      6.155696     -4.071754
   1420000      6.200122     -4.131227
   1440000      6.182508     -4.226400
   1460000      6.203491     -4.284032
   1480000      6.231696     -4.348110
   1500000      6.180534     -4.400659
   1520000      6.192533     -4.464319
   1540000      6.259375     -4.549240
   1560000      6.334848     -4.599519
   1580000      6.460440     -4.628540
   1600000      6.365209     -4.757454
   1620000      6.324585     -4.844009
   1640000      6.374502     -4.900452
   1660000      6.324064     -4.989770
   1680000      6.284511     -5.066943
   1700000      6.273514     -5.140428
   1720000      6.240213     -5.221548
   1740000      6.216322     -5.289925
   1760000      6.194057     -5.361401
   1780000      6.228015     -5.431746
   1800000      6.350662     -5.464042
   1820000      6.297931     -5.560551
   1840000      6.309841     -5.626473
   1860000      6.331973     -5.702307
   1880000      6.194915     -5.779066
   1900000      6.421143     -5.780143
   1920000      6.287674     -5.913601
   1940000      6.296067     -5.976666
   1960000      6.305568     -6.052370
   1980000      6.123570     -6.126228
   2000000      6.152127     -6.197005
   2020000      6.119944     -6.256089
   2040000      6.124047     -6.314713
   2060000      6.041036     -6.362172
   2080000      6.095657     -6.436916
   2100000      6.017554     -6.492494
   2120000      6.006551     -6.540275
   2140000      5.987308     -6.595184
   2160000      6.063664     -6.717866
   2180000      6.127459     -6.787403
   2200000      6.091392     -6.862388
   2220000      6.024395     -6.921175
   2240000      6.088243     -7.003867
   2260000      6.119270     -7.073231
   2280000      6.141629     -7.134446
   2300000      6.190684     -7.178229
   2320000      6.076340     -7.311049
   2340000      6.114706     -7.361283
   2360000      6.067319     -7.440874
   2380000      5.774769     -7.425934
   2400000      5.760220     -7.488374
   2420000      5.603961     -7.449485
   2440000      5.521528     -7.458827
   2460000      5.409862     -7.384392
   2480000      5.402387     -7.503832
   2500000      5.332541     -7.545628
   2520000      5.256078     -7.561562
   2540000      5.181388     -7.577326
   2560000      5.136174     -7.632701
   2580000      5.055092     -7.637032
   2600000      5.020906     -7.670421
   2620000      4.898960     -7.513429
   2640000      4.868498     -7.732367
   2660000      4.795120     -7.702940
   2680000      4.746808     -7.770724
   2700000      4.666377     -7.738370
   2720000      4.597061     -7.724738
   2740000      4.535897     -7.796968
   2760000      4.480376     -7.830432
   2780000      4.400051     -7.778237
   2800000      4.405284     -8.031186
   2820000      4.376922     -8.075806
   2840000      4.435619     -8.219585
   2860000      4.417736     -8.298804
   2880000      4.393689     -8.369483
   2900000      4.329139     -8.393567
   2920000      4.320136     -8.476835
   2940000      4.383716     -8.538905
   2960000      4.263619     -8.602767
   2980000      4.298284     -8.678553
   3000000      4.226185     -8.759218
   3020000      4.194796     -8.823967
   3040000      4.222348     -8.877855
   3060000      4.100647     -8.936688
   3080000      4.064181     -8.984973
   3100000      4.108305     -9.100095
   3120000      4.075149     -9.148742
   3140000      4.117763     -9.212464
   3160000      4.047780     -9.287151
   3180000      4.028019     -9.336202
   3200000      4.050292     -9.420214
   3220000      4.133522     -9.508815
   3240000      4.168409     -9.584023
   3260000      4.177083     -9.652812
   3280000      4.073446     -9.699482
   3300000      4.131685     -9.783119
   3320000      4.104109     -9.843242
   3340000      4.029408     -9.884750
   3360000      3.986057     -9.939474
   3380000      3.934169     -9.975949
   3400000      3.852395     -9.969240
   3420000      3.778791     -9.984947
   3440000      3.712171    -10.040742
   3460000      3.745149    -10.164153
   3480000      3.733802    -10.254765
   3500000      3.728263    -10.344952
   3520000      3.680900    -10.404478
   3540000      3.638576    -10.466104
   3560000      3.605332    -10.506060
   3580000      3.596600    -10.579360
   3600000      3.504211    -10.608419
   3620000      3.378392    -10.553726
   3640000      3.280780    -10.567292
   3660000      3.247397    -10.623284
   3680000      3.183391    -10.634651
   3700000      3.129872    -10.691252
   3720000      3.083929    -10.770929
   3740000      3.053585    -10.855309
   3760000      3.005709    -10.900992
   3780000      2.957068    -10.946693
   3800000      2.949837    -11.030325
   3820000      2.945901    -11.073933
   3840000      2.739763    -11.046072
   3860000      2.669398    -11.076811
   3880000      2.652519    -11.142391
   3900000      2.605689    -11.225209
   3920000      2.565231    -11.287573
   3940000      2.512722    -11.343058
   3960000      2.508584    -11.419985
   3980000      2.436540    -11.443402
   4000000      2.182918    -11.284210
   4020000      2.142777    -11.362575
   4040000      2.160674    -11.473495
   4060000      2.067530    -11.462270
   4080000      1.949353    -11.403434
   4100000      1.867879    -11.419774
   4120000      1.816781    -11.437335
   4140000      1.725103    -11.414506
   4160000      1.648091    -11.341237
   4180000      1.626716    -11.524145
   4200000      1.589885    -11.576500
   4220000      1.547319    -11.600466
   4240000      1.430304    -11.547243
   4260000      1.406675    -11.629365
   4280000      1.323577    -11.643609
   4300000      1.254850    -11.642601
   4320000      1.172576    -11.682843
   4340000      1.121041    -11.749068
   4360000      1.055469    -11.749167
   4380000      1.003387    -11.837538
   4400000      0.976794    -11.893834
   4420000      0.874909    -11.869646
   4440000      0.809031    -11.877489
   4460000      0.747153    -11.828365
   4480000      0.666196    -11.852099
   4500000      0.607991    -11.883850
   4520000      0.554598    -11.922246
   4540000      0.471928    -11.894843
   4560000      0.400125    -11.914549
   4580000      0.339306    -11.993023
   4600000      0.249908    -11.918359
   4620000      0.166100    -11.873565
   4640000      0.099156    -11.925335
   4660000      0.035292    -11.920618
   4680000     -0.019773    -12.007174
   4700000     -0.088672    -12.036240
   4720000     -0.183977    -11.931129
   4740000     -0.247230    -11.908518
   4760000     -0.293654    -12.000417
   4780000     -0.364751    -12.020774
   4800000     -0.420365    -12.098432
   4820000     -0.442152    -12.198662
   4840000     -0.525063    -12.186330
   4860000     -0.579503    -12.229829
   4880000     -0.622417    -12.310093
   4900000     -0.698225    -12.290703
   4920000     -0.753637    -12.337750
   4940000     -0.688552    -12.512851
   4960000     -0.821864    -12.499305
   4980000     -0.907029    -12.515626
   5000000     -0.986459    -12.540393
   5020000     -1.005726    -12.627800
   5040000     -1.122858    -12.551408
   5060000     -1.201248    -12.461572
   5080000     -1.288816    -12.410835
   5100000     -1.351653    -12.524641
   5120000     -1.398568    -12.620378
   5140000     -1.511644    -12.570094
   5160000     -1.560324    -12.658367
   5180000     -1.596806    -12.709019
   5200000     -1.686251    -12.688803
   5220000     -1.758886    -12.733635
   5240000     -1.796794    -12.806747
   5260000     -1.904561    -12.778719
   5280000     -1.894677    -12.933769
   5300000     -1.866287    -13.047661
   5320000     -2.041335    -12.975768
   5340000     -2.072213    -13.053776
   5360000     -2.112947    -13.089329
   5380000     -2.145618    -13.142858
   5400000     -2.316446    -13.058561
   5420000     -2.364810    -13.132305
   5440000     -2.423309    -13.153224
   5460000     -2.480322    -13.215548
   5480000     -2.546605    -13.227818
   5500000     -2.621036    -13.225189
   5520000     -2.677822    -13.239613
   5540000     -2.740796    -13.210962
   5560000     -2.789660    -13.263010
   5580000     -2.831579    -13.151669
   5600000     -2.925750    -13.219175
   5620000     -3.015003    -13.293068
   5640000     -3.076784    -13.322947
   5660000     -3.140855    -13.303674
   5680000     -3.195145    -13.342943
   5700000     -3.259015    -13.341345
   5720000     -3.318160    -13.366602
   5740000     -3.408293    -13.321636
   5760000     -3.492666    -13.294107
   5780000     -3.556761    -13.264549
   5800000     -3.589285    -13.383121
   5820000     -3.686033    -13.275647
   5840000     -3.746427    -13.247917
   5860000     -3.812344    -13.380889
   5880000     -3.881529    -13.394581
   5900000     -3.936272    -13.464583
   5920000     -3.967462    -13.539057
   5940000     -4.042487    -13.545336
   5960000     -4.106006    -13.576240
   5980000     -4.104754    -13.697517
   6000000     -4.100755    -13.798901
