         0      4.000000      0.000000
     20000      4.014260     -0.017459
     40000      4.025102     -0.054833
     60000      4.044440     -0.046469
     80000      4.058725     -0.040776
    100000      4.076489     -0.031823
    120000      4.094391     -0.021169
    140000      4.112288     -0.017626
    160000      4.128239      0.013247
    180000      4.141207      0.028679
    200000      4.163288     -0.013538
    220000      4.171885     -0.057721
    240000      4.192286     -0.071575
    260000      4.204444     -0.045309
    280000      4.213174     -0.065088
    300000      4.231132     -0.050516
    320000      4.248339     -0.058547
    340000      4.264582     -0.073641
    360000      4.284037     -0.087929
    380000      4.299852     -0.088034
    400000      4.320046     -0.070008
    420000      4.339363     -0.041427
    440000      4.356296     -0.025705
    460000      4.360961     -0.093760
    480000      4.378937     -0.093114
    500000      4.380304     -0.154083
    520000      4.420977     -0.029016
    540000      4.439665     -0.014593
    560000      4.453858     -0.016113
    580000      4.468627     -0.028095
    600000      4.484361     -0.016425
    620000      4.513354     -0.065957
    640000      4.525069     -0.057465
    660000      4.537474     -0.042773
    680000      4.552668     -0.053004
    700000      4.569982     -0.058711
    720000      4.581310     -0.070849
    740000      4.601784     -0.052117
    760000      4.608930     -0.057490
    780000      4.622632     -0.073470
    800000      4.637939     -0.079215
    820000      4.650489     -0.090747
    840000      4.663544     -0.101883
    860000      4.659199     -0.147209
    880000      4.702743     -0.097195
    900000      4.732855     -0.134228
    920000      4.746767     -0.148787
    940000      4.751573     -0.174389
    960000      4.753920     -0.188655
    980000      4.775912     -0.191297
   1000000      4.782549     -0.207592
   1020000      4.813024     -0.200380
   1040000      4.849157     -0.178596
   1060000      4.867343     -0.190767
   1080000      4.888913     -0.175639
   1100000      4.906882     -0.166729
   1120000      4.925993     -0.181940
   1140000      4.944934     -0.168307
   1160000      4.955006     -0.179199
   1180000      4.970706     -0.174183
   1200000      4.982916     -0.165153
   1220000      5.000258     -0.185522
   1240000      5.012039     -0.208701
   1260000      5.024696     -0.216536
   1280000      5.045782     -0.168396
   1300000      5.058377     -0.172785
   1320000      5.073712     -0.136088
   1340000      5.092098     -0.195303
   1360000      5.106463     -0.186947
   1380000      5.120990     -0.192543
   1400000      5.138617     -0.179696
   1420000      5.144257     -0.160164
   1440000      5.158237     -0.152277
   1460000      5.176549     -0.143738
   1480000      5.190628     -0.155075
   1500000      5.222014     -0.167861
   1520000      5.218988     -0.149649
   1540000      5.248460     -0.160556
   1560000      5.225117     -0.374974
   1580000      5.223004     -0.422822
   1600000      5.225253     -0.434664
   1620000      5.234611     -0.445450
   1640000      5.252345     -0.452202
   1660000      5.260894     -0.460357
   1680000      5.266915     -0.474209
   1700000      5.266222     -0.487860
   1720000      5.278039     -0.508474
   1740000      5.284864     -0.510115
   1760000      5.315305     -0.515585
   1780000      5.313284     -0.532622
   1800000      5.307343     -0.557370
   1820000      5.310965     -0.571796
   1840000      5.324137     -0.580151
   1860000      5.327788     -0.590106
   1880000      5.376673     -0.578740
   1900000      5.370792     -0.611301
   1920000      5.371403     -0.635285
   1940000      5.400260     -0.644340
   1960000      5.405760     -0.659885
   1980000      5.402176     -0.681830
   2000000      5.419032     -0.686156
   2020000      5.445682     -0.684536
   2040000      5.432297     -0.719738
   2060000      5.429473     -0.743139
   2080000      5.417350     -0.768303
   2100000      5.405421     -0.790492
   2120000      5.427833     -0.795428
   2140000      5.429098     -0.812181
   2160000      5.423434     -0.824010
   2180000      5.406226     -0.847633
   2200000      5.433864     -0.863641
   2220000      5.459111     -0.872056
   2240000      5.479157     -0.878116
   2260000      5.466325     -0.897639
   2280000      5.466428     -0.915049
   2300000      5.441145     -0.942463
   2320000      5.465277     -0.952247
   2340000      5.374250     -0.993484
   2360000      5.383611     -1.007344
   2380000      5.361366     -1.021983
   2400000      5.360455     -1.040335
   2420000      5.380589     -1.059527
   2440000      5.389485     -1.069821
   2460000      5.376070     -1.080306
   2480000      5.375201     -1.103565
   2500000      5.317641     -1.121479
   2520000      5.306894     -1.133331
   2540000      5.300310     -1.143477
   2560000      5.291765     -1.148840
   2580000      5.279095     -1.156850
   2600000      5.252828     -1.150117
   2620000      5.242040     -1.159439
   2640000      5.228661     -1.171579
   2660000      5.226487     -1.198502
   2680000      5.230834     -1.227452
   2700000      5.223668     -1.246369
   2720000      5.246712     -1.265389
   2740000      5.190729     -1.265981
   2760000      5.147571     -1.250864
   2780000      5.136028     -1.248488
   2800000      5.121615     -1.257224
   2820000      5.127753     -1.295786
   2840000      5.111711     -1.299529
   2860000      5.094462     -1.298866
   2880000      5.109393     -1.320038
   2900000      5.100145     -1.342975
   2920000      5.081392     -1.360785
   2940000      5.064499     -1.366374
   2960000      5.059830     -1.390459
   2980000      5.052474     -1.411293
   3000000      5.050981     -1.434826
   3020000      5.028857     -1.443192
   3040000      5.020714     -1.459909
   3060000      5.007097     -1.472345
   3080000      4.993162     -1.478119
   3100000      4.988015     -1.496951
   3120000      4.948459     -1.487175
   3140000      4.908588     -1.457524
   3160000      4.866146     -1.441770
   3180000      4.860203     -1.459900
   3200000      4.841278     -1.466940
   3220000      4.814789     -1.460161
   3240000      4.824023     -1.496960
   3260000      4.798109     -1.491211
   3280000      4.782599     -1.499759
   3300000      4.784439     -1.525862
   3320000      4.739807     -1.493992
   3340000      4.787342     -1.580906
   3360000      4.724709     -1.541417
   3380000      4.707237     -1.561127
   3400000      4.703854     -1.577186
   3420000      4.731163     -1.613996
   3440000      4.709471     -1.626581
   3460000      4.676149     -1.600097
   3480000      4.692696     -1.648733
   3500000      4.663789     -1.652264
   3520000      4.643826     -1.652042
   3540000      4.674692     -1.704004
   3560000      4.624417     -1.683473
   3580000      4.625892     -1.703771
   3600000      4.604351     -1.706373
   3620000      4.622746     -1.741746
   3640000      4.584875     -1.742727
   3660000      4.585541     -1.768871
   3680000      4.549532     -1.765816
   3700000      4.549611     -1.781139
   3720000      4.562262     -1.816302
   3740000      4.514586     -1.794882
   3760000      4.507653     -1.812255
   3780000      4.492215     -1.817104
   3800000      4.492902     -1.839684
   3820000      4.474870     -1.842891
   3840000      4.458656     -1.850202
   3860000      4.457355     -1.877266
   3880000      4.454465     -1.894646
   3900000      4.457794     -1.911834
   3920000      4.454764     -1.924395
   3940000      4.411766     -1.913084
   3960000      4.385066     -1.922735
   3980000      4.344851     -1.910625
   4000000      4.320431     -1.903575
   4020000      4.320183     -1.928026
   4040000      4.319423     -1.955886
   4060000      4.295539     -1.955317
   4080000      4.295852     -1.980667
   4100000      4.310023     -2.025633
   4120000      4.296296     -2.030059
   4140000      4.304948     -2.053980
   4160000      4.276256     -2.075632
   4180000      4.248927     -2.067542
   4200000      4.230322     -2.080297
   4220000      4.224938     -2.098453
   4240000      4.214641     -2.109659
   4260000      4.206201     -2.123612
   4280000      4.206798     -2.146250
   4300000      4.164066     -2.120398
   4320000      4.156703     -2.135538
   4340000      4.144977     -2.145633
   4360000      4.149017     -2.182438
   4380000      4.134874     -2.184352
   4400000      4.117877     -2.190204
   4420000      4.112212     -2.199457
   4440000      4.081585     -2.193244
   4460000      4.079155     -2.220330
   4480000      4.073107     -2.233346
   4500000      4.068529     -2.245918
   4520000      4.124519     -2.329355
   4540000      4.131035     -2.347132
   4560000      4.116316     -2.359839
   4580000      4.060652     -2.337875
   4600000      4.056501     -2.360399
   4620000      4.034133     -2.356782
   4640000      4.022143     -2.360397
   4660000      4.004694     -2.358220
   4680000      4.003510     -2.378284
   4700000      4.015903     -2.420970
   4720000      3.995322     -2.429466
   4740000      3.975912     -2.427613
   4760000      3.965689     -2.438872
   4780000      3.941526     -2.429275
   4800000      3.937310     -2.456451
   4820000      3.921172     -2.466467
   4840000      3.904184     -2.456917
   4860000      3.891641     -2.471748
   4880000      3.870863     -2.457507
   4900000      3.854059     -2.459348
   4920000      3.844071     -2.481808
   4940000      3.841436     -2.508677
   4960000      3.821185     -2.510595
   4980000      3.799530     -2.510433
   5000000      3.774032     -2.497721
   5020000      3.753527     -2.484994
   5040000      3.733739     -2.471108
   5060000      3.720730     -2.481194
   5080000      3.713174     -2.495354
   5100000      3.698391     -2.457340
   5120000      3.687934     -2.460397
   5140000      3.675902     -2.536685
   5160000      3.663860     -2.537222
   5180000      3.639170     -2.546557
   5200000      3.625254     -2.570368
   5220000      3.615957     -2.590864
   5240000      3.599160     -2.596316
   5260000      3.577776     -2.591641
   5280000      3.563376     -2.603687
   5300000      3.547889     -2.588153
   5320000      3.530609     -2.584239
   5340000      3.519076     -2.613441
   5360000      3.496064     -2.592378
   5380000      3.482136     -2.609594
   5400000      3.463683     -2.593395
   5420000      3.454195     -2.590401
   5440000      3.431413     -2.599617
   5460000      3.417273     -2.619417
   5480000      3.399165     -2.612747
   5500000      3.392233     -2.627031
   5520000      3.369412     -2.620960
   5540000      3.373410     -2.653360
   5560000      3.349621     -2.652848
   5580000      3.330190     -2.652920
   5600000      3.314332     -2.661199
   5620000      3.294423     -2.660406
   5640000      3.278849     -2.665521
   5660000      3.259665     -2.658685
   5680000      3.241008     -2.687907
   5700000      3.226026     -2.686866
   5720000      3.204656     -2.709263
   5740000      3.206554     -2.726608
   5760000      3.186631     -2.719691
   5780000      3.161082     -2.684977
   5800000      3.140327     -2.645240
   5820000      3.118595     -2.648134
   5840000      3.110086     -2.686312
   5860000      3.104096     -2.644772
   5880000      3.084727     -2.640201
   5900000      3.070209     -2.614103
   5920000      3.036575     -2.695248
   5940000      3.020342     -2.729260
   5960000      3.014116     -2.761680
   5980000      2.971449     -2.664816
   6000000      2.952329     -2.669483
   6020000      2.936455     -2.671335
   6040000      2.929421     -2.624386
   6060000      2.911168     -2.629836
   6080000      2.888014     -2.666632
   6100000      2.874052     -2.606390
   6120000      2.843904     -2.622405
   6140000      2.824717     -2.638019
   6160000      2.816143     -2.657557
   6180000      2.800785     -2.648253
   6200000      2.791309     -2.687429
   6220000      2.788739     -2.752389
   6240000      2.767419     -2.749642
   6260000      2.753619     -2.750002
   6280000      2.746364     -2.764532
   6300000      2.706628     -2.653786
   6320000      2.713481     -2.863884
   6340000      2.709680     -2.877750
   6360000      2.680614     -2.857185
   6380000      2.664424     -2.861826
   6400000      2.639205     -2.852778
   6420000      2.643872     -2.907017
   6440000      2.642952     -2.924787
   6460000      2.638806     -2.934088
   6480000      2.622075     -2.940909
   6500000      2.594248     -2.933177
   6520000      2.583930     -2.957230
   6540000      2.567582     -2.966508
   6560000      2.567551     -2.994025
   6580000      2.563106     -3.006009
   6600000      2.519064     -2.978918
   6620000      2.523601     -3.016583
   6640000      2.522606     -3.041687
   6660000      2.493667     -3.037312
   6680000      2.465037     -3.022814
   6700000      2.445789     -3.016292
   6720000      2.431476     -3.019881
   6740000      2.424139     -3.033872
   6760000      2.417625     -3.062574
   6780000      2.381760     -3.056330
   6800000      2.360939     -3.050223
   6820000      2.349880     -3.061984
   6840000      2.343227     -3.092924
   6860000      2.314741     -3.077614
   6880000      2.321454     -3.120799
   6900000      2.312733     -3.139580
   6920000      2.315760     -3.156189
   6940000      2.249016     -3.101294
   6960000      2.213280     -3.066043
   6980000      2.207585     -3.080942
   7000000      2.191861     -3.088315
   7020000      2.167812     -3.065374
   7040000      2.171774     -3.095749
   7060000      2.147567     -3.076503
   7080000      2.141624     -3.112245
   7100000      2.138995     -3.150814
   7120000      2.127025     -3.180385
   7140000      2.115895     -3.195321
   7160000      2.094579     -3.191713
   7180000      2.068046     -3.173179
   7200000      2.048056     -3.174943
   7220000      2.034711     -3.171295
   7240000      2.023114     -3.177175
   7260000      2.000376     -3.149986
   7280000      1.982505     -3.168941
   7300000      1.962723     -3.164780
   7320000      1.955735     -3.181558
   7340000      1.945731     -3.187559
   7360000      1.917602     -3.178773
   7380000      1.906325     -3.224640
   7400000      1.875033     -3.123789
   7420000      1.860566     -3.098094
   7440000      1.844778     -3.109979
   7460000      1.828626     -3.155937
   7480000      1.804049     -3.119689
   7500000      1.787998     -3.135771
   7520000      1.773582     -3.163074
   7540000      1.762982     -3.191481
   7560000      1.738124     -3.161290
   7580000      1.731968     -3.185556
   7600000      1.730977     -3.237725
   7620000      1.711806     -3.233752
   7640000      1.690551     -3.232841
   7660000      1.685625     -3.262970
   7680000      1.667677     -3.268139
   7700000      1.642126     -3.273939
   7720000      1.623975     -3.270813
   7740000      1.610034     -3.268463
   7760000      1.590031     -3.257796
   7780000      1.552729     -3.145133
   7800000      1.528123     -3.184741
   7820000      1.503868     -3.161498
   7840000      1.489419     -3.172908
   7860000      1.472142     -3.157121
   7880000      1.457466     -3.144539
   7900000      1.452701     -3.135175
   7920000      1.440017     -3.114828
   7940000      1.405549     -3.160090
   7960000      1.390453     -3.194519
   7980000      1.382426     -3.178903
   8000000      1.361566     -3.190477
   8020000      1.346967     -3.186706
   8040000      1.329381     -3.189386
   8060000      1.305089     -3.200494
   8080000      1.284072     -3.216015
   8100000      1.268176     -3.214524
   8120000      1.258106     -3.206670
   8140000      1.247839     -3.230183
   8160000      1.221680     -3.226226
   8180000      1.204180     -3.220367
   8200000      1.188086     -3.247698
   8220000      1.168728     -3.242778
   8240000      1.172597     -3.278493
   8260000      1.137204     -3.229868
   8280000      1.119365     -3.209509
   8300000      1.105935     -3.149394
   8320000      1.097104     -3.131090
   8340000      1.077085     -3.128163
   8360000      1.056891     -3.159200
   8380000      1.040573     -3.169455
   8400000      1.023623     -3.177758
   8420000      1.006564     -3.149069
   8440000      1.001674     -3.096908
   8460000      0.986137     -3.091821
   8480000      0.969269     -3.097884
   8500000      0.938628     -3.115477
   8520000      0.937681     -3.062012
   8540000      0.924002     -3.056565
   8560000      0.900042     -3.066963
   8580000      0.889401     -3.054726
   8600000      0.873509     -3.037164
   8620000      0.865488     -3.016411
   8640000      0.855565     -3.004888
   8660000      0.832423     -3.014593
   8680000      0.820539     -2.998142
   8700000      0.824731     -2.965584
   8720000      0.821834     -2.948820
   8740000      0.793953     -2.960800
   8760000      0.775796     -2.951956
   8780000      0.776685     -2.923421
   8800000      0.776948     -2.893837
   8820000      0.812997     -2.824368
   8840000      0.815697     -2.800081
   8860000      0.828969     -2.779952
   8880000      0.804752     -2.768549
   8900000      0.770695     -2.775142
   8920000      0.756631     -2.760778
   8940000      0.742313     -2.756479
   8960000      0.742336     -2.728899
   8980000      0.778973     -2.674948
   9000000      0.759435     -2.671120
   9020000      0.742766     -2.663512
   9040000      0.727790     -2.663787
   9060000      0.718196     -2.642183
   9080000      0.727454     -2.607804
   9100000      0.751642     -2.574988
   9120000      0.721603     -2.566955
   9140000      0.724555     -2.548520
   9160000      0.705840     -2.545126
   9180000      0.724225     -2.525756
   9200000      0.710533     -2.514167
   9220000      0.710975     -2.497122
   9240000      0.715705     -2.479050
   9260000      0.715238     -2.465433
   9280000      0.711977     -2.446840
   9300000      0.707574     -2.431401
   9320000      0.734455     -2.415229
   9340000      0.729975     -2.394065
   9360000      0.687299     -2.377240
   9380000      0.710000     -2.368037
   9400000      0.711001     -2.350992
   9420000      0.699029     -2.336075
   9440000      0.681164     -2.316559
   9460000      0.687565     -2.305180
   9480000      0.729769     -2.280856
   9500000      0.731168     -2.263444
   9520000      0.738079     -2.250132
   9540000      0.741229     -2.246312
   9560000      0.746612     -2.220613
   9580000      0.761295     -2.211861
   9600000      0.777915     -2.200583
   9620000      0.766981     -2.174754
   9640000      0.794455     -2.174962
   9660000      0.798548     -2.162772
   9680000      0.804529     -2.149814
   9700000      0.829063     -2.140455
   9720000      0.830275     -2.129605
   9740000      0.825043     -2.105980
   9760000      0.820422     -2.087123
   9780000      0.794344     -2.057119
   9800000      0.792405     -2.040895
   9820000      0.782747     -2.028532
   9840000      0.774807     -2.009774
   9860000      0.788496     -1.993181
   9880000      0.835314     -1.993669
   9900000      0.825876     -1.972902
   9920000      0.818978     -1.951772
   9940000      0.829847     -1.932164
   9960000      0.845042     -1.922343
   9980000      0.875499     -1.916143
  10000000      0.894587     -1.902673
