         0      4.000000      0.000000
     20000      4.044245     -0.101524
     40000      4.086873     -0.206956
     60000      4.195281     -0.151784
     80000      4.252313     -0.138533
    100000      4.304962     -0.303200
    120000      4.388779     -0.272050
    140000      4.468723     -0.280755
    160000      4.516717     -0.314162
    180000      4.592950     -0.318124
    200000      4.654713     -0.336307
    220000      4.745365     -0.231118
    240000      4.803818     -0.328879
    260000      4.869184     -0.309956
    280000      4.941602     -0.337342
    300000      5.013111     -0.380955
    320000      5.091582     -0.338911
    340000      5.126832     -0.436429
    360000      5.197205     -0.416792
    380000      5.249470     -0.505682
    400000      5.300269     -0.522012
    420000      5.377362     -0.529505
    440000      5.430265     -0.614904
    460000      5.507059     -0.614850
    480000      5.567768     -0.709621
    500000      5.670408     -0.563692
    520000      5.734095     -0.671940
    540000      5.808238     -0.669933
    560000      5.880317     -0.686958
    580000      5.938983     -0.754505
    600000      5.990452     -0.865719
    620000      6.035884     -0.902297
    640000      6.042884     -0.961168
    660000      6.120678     -0.968089
    680000      6.208194     -0.994367
    700000      6.230748     -1.033690
    720000      6.295950     -1.075821
    740000      6.333289     -1.116253
    760000      6.401663     -1.160416
    780000      6.543303     -1.094883
    800000      6.608254     -1.077560
    820000      6.693994     -0.917190
    840000      6.769296     -1.034205
    860000      6.819834     -1.032051
    880000      6.895261     -1.090687
    900000      6.949290     -1.139065
    920000      7.046019     -1.116915
    940000      7.116830     -1.115716
    960000      7.194658     -1.061087
    980000      7.245489     -1.116111
   1000000      7.319439     -1.144335
   1020000      7.378469     -1.125926
   1040000      7.363446     -1.344959
   1060000      7.443139     -1.346710
   1080000      7.498184     -1.373295
   1100000      7.560167     -1.377065
   1120000      7.626892     -1.428329
   1140000      7.676095     -1.483866
   1160000      7.690010     -1.580722
   1180000      7.680850     -1.660749
   1200000      7.792171     -1.664427
   1220000      7.828366     -1.724872
   1240000      7.914158     -1.695806
   1260000      7.909444     -1.816274
   1280000      7.878869     -1.916082
   1300000      7.808803     -1.996488
   1320000      8.060000     -1.949148
   1340000      8.064161     -2.038155
   1360000      8.154679     -2.048174
   1380000      8.231038     -2.040805
   1400000      8.192780     -2.215294
   1420000      8.195535     -2.279963
   1440000      8.306910     -2.286286
   1460000      8.389643     -2.318299
   1480000      8.407133     -2.402767
   1500000      8.516620     -2.361978
   1520000      8.603795     -2.324329
   1540000      8.669576     -2.294493
   1560000      8.763727     -2.283172
   1580000      8.766709     -2.520181
   1600000      8.857930     -2.562055
   1620000      8.937499     -2.558107
   1640000      8.833134     -2.758491
   1660000      8.807476     -2.842302
   1680000      8.945662     -2.856425
   1700000      9.051043     -2.879306
   1720000      9.041315     -2.982708
   1740000      9.125054     -3.004591
   1760000      9.054088     -3.105185
   1780000      9.087635     -3.168908
   1800000      9.101477     -3.247168
   1820000      9.111087     -3.318245
   1840000      9.114299     -3.396119
   1860000      9.176456     -3.454715
   1880000      9.175976     -3.511676
   1900000      9.192562     -3.579303
   1920000      9.224277     -3.645301
   1940000      9.195932     -3.721335
   1960000      9.242332     -3.755535
   1980000      9.255733     -3.816101
   2000000      9.353882     -3.837185
   2020000      9.449654     -3.836028
   2040000      9.579256     -3.822948
   2060000      9.700236     -3.768561
   2080000      9.744195     -3.802838
   2100000      9.777252     -3.852620
   2120000      9.821247     -3.958678
   2140000      9.909155     -3.909621
   2160000      9.975850     -3.914572
   2180000     10.067399     -3.904055
   2200000     10.108145     -3.965299
   2220000     10.159966     -4.029301
   2240000     10.190715     -4.086294
   2260000     10.262536     -4.082745
   2280000     10.320282     -4.117204
   2300000     10.324479     -4.230424
   2320000     10.258651     -4.369040
   2340000     10.308304     -4.424316
   2360000     10.299879     -4.476097
   2380000     10.421348     -4.516302
   2400000     10.511009     -4.535320
   2420000     10.518110     -4.625703
   2440000     10.543469     -4.686965
   2460000     10.664371     -4.664326
   2480000     10.644151     -4.808410
   2500000     10.700754     -4.849757
   2520000     10.827697     -4.818095
   2540000     10.905767     -4.793230
   2560000     10.891773     -4.944985
   2580000     10.960072     -4.961996
   2600000     10.865837     -5.125812
   2620000     10.864884     -5.211455
   2640000     10.979094     -5.227973
   2660000     11.021495     -5.273133
   2680000     11.067437     -5.332610
   2700000     11.143593     -5.376473
   2720000     11.153472     -5.429960
   2740000     11.223581     -5.478919
   2760000     11.206405     -5.552291
   2780000     11.260198     -5.594745
   2800000     11.414224     -5.581477
   2820000     11.454060     -5.631256
   2840000     11.366335     -5.760539
   2860000     11.420255     -5.807467
   2880000     11.381376     -5.884581
   2900000     11.527516     -5.907416
   2920000     11.535763     -5.943732
   2940000     11.307168     -6.058441
   2960000     11.310735     -6.128702
   2980000     11.264844     -6.196771
   3000000     11.267985     -6.271240
   3020000     11.222114     -6.315756
   3040000     11.108127     -6.336936
   3060000     11.125709     -6.419358
   3080000     11.210002     -6.500984
   3100000     11.064058     -6.528270
   3120000     11.024334     -6.573852
   3140000     11.113838     -6.684264
   3160000     11.053502     -6.745005
   3180000     11.224856     -6.861998
   3200000     10.994404     -6.885314
   3220000     10.898236     -6.930632
   3240000     10.883296     -7.008086
   3260000     10.835119     -7.049550
   3280000     10.832954     -7.110788
   3300000     10.747565     -7.156826
   3320000     10.692876     -7.186802
   3340000     10.622453     -7.197395
   3360000     10.617506     -7.311870
   3380000     10.527003     -7.301426
   3400000     10.518538     -7.433901
   3420000     10.518081     -7.530407
   3440000     10.558621     -7.635072
   3460000     10.552277     -7.710183
   3480000     10.501323     -7.774778
   3500000     10.455370     -7.829024
   3520000     10.436739     -7.891341
   3540000     10.425736     -7.957548
   3560000     10.475839     -8.038936
   3580000     10.392549     -8.095142
   3600000     10.481286     -8.147647
   3620000     10.431715     -8.254178
   3640000     10.419081     -8.328355
   3660000     10.392790     -8.389260
   3680000     10.433511     -8.462284
   3700000     10.532971     -8.495593
   3720000     10.495793     -8.590707
   3740000     10.553324     -8.661582
   3760000     10.704666     -8.701222
   3780000     10.554791     -8.830936
   3800000     10.580137     -8.899469
   3820000     10.391108     -8.956514
   3840000     10.510543     -9.026273
   3860000     10.491549     -9.092467
   3880000     10.374516     -9.146477
   3900000     10.305857     -9.169748
   3920000     10.267906     -9.232010
   3940000     10.326126     -9.319449
   3960000     10.179631     -9.344741
   3980000     10.034420     -9.315170
   4000000     10.033036     -9.376793
   4020000      9.861543     -9.320457
   4040000      9.811951     -9.399138
   4060000      9.749775     -9.425863
   4080000      9.708657     -9.501089
   4100000      9.796725     -9.691507
   4120000      9.780043     -9.790177
   4140000      9.946474     -9.935170
   4160000      9.893392     -9.995197
   4180000      9.844777    -10.040884
   4200000      9.794258    -10.120311
   4220000      9.916961    -10.168454
   4240000      9.924041    -10.245359
   4260000      9.992107    -10.302432
   4280000      9.993934    -10.370481
   4300000      9.841428    -10.452601
   4320000      9.805894    -10.509375
   4340000      9.883261    -10.584806
   4360000      9.934680    -10.664775
   4380000      9.844638    -10.738502
   4400000      9.748722    -10.787893
   4420000      9.797332    -10.869781
   4440000      9.842124    -10.948649
   4460000      9.747091    -10.989938
   4480000      9.688553    -11.029224
   4500000      9.693021    -11.099198
   4520000      9.667019    -11.176777
   4540000      9.628941    -11.211487
   4560000      9.561363    -11.219081
   4580000      9.560275    -11.330271
   4600000      9.577025    -11.419924
   4620000      9.391504    -11.354236
   4640000      9.325949    -11.364757
   4660000      9.248508    -11.363407
   4680000      9.194109    -11.393575
   4700000      9.171614    -11.480948
   4720000      9.121844    -11.498872
   4740000      9.050223    -11.493356
   4760000      9.011904    -11.548424
   4780000      8.943329    -11.562317
   4800000      8.867587    -11.531799
   4820000      8.837937    -11.633799
   4840000      8.749596    -11.663696
   4860000      8.734018    -11.712540
   4880000      8.590198    -11.634419
   4900000      8.513483    -11.611092
   4920000      8.441212    -11.528169
   4940000      8.401070    -11.683240
   4960000      8.330584    -11.664690
   4980000      8.284864    -11.804738
   5000000      8.239567    -11.884486
   5020000      8.200638    -11.933291
   5040000      8.107027    -11.902965
   5060000      8.116280    -12.019920
   5080000      8.045679    -12.045722
   5100000      8.046128    -12.138813
   5120000      7.999990    -12.197775
   5140000      7.893225    -12.195956
   5160000      7.794100    -12.158356
   5180000      7.797300    -12.280051
   5200000      7.741175    -12.300431
   5220000      7.737267    -12.370886
   5240000      7.530783    -12.269697
   5260000      7.483492    -12.329999
   5280000      7.440888    -12.386679
   5300000      7.497640    -12.525683
   5320000      7.462045    -12.605316
   5340000      7.410385    -12.636082
   5360000      7.403943    -12.732315
   5380000      7.358855    -12.786696
   5400000      7.317028    -12.838653
   5420000      7.350341    -12.942070
   5440000      7.355052    -13.010660
   5460000      7.270546    -13.012000
   5480000      7.183624    -12.996332
   5500000      7.155606    -13.065647
   5520000      7.024073    -12.993829
   5540000      6.964275    -13.029567
   5560000      6.889557    -12.985720
   5580000      6.836524    -12.934595
   5600000      6.796136    -12.878791
   5620000      6.736912    -13.091659
   5640000      6.674043    -13.130930
   5660000      6.665218    -13.311087
   5680000      6.555811    -13.308086
   5700000      6.478176    -13.215544
   5720000      6.405842    -13.200778
   5740000      6.325375    -13.222494
   5760000      6.244216    -13.177937
   5780000      6.189811    -13.193535
   5800000      6.113981    -13.239207
   5820000      6.043718    -13.278592
   5840000      5.993358    -13.299419
   5860000      5.933816    -13.371069
   5880000      5.867105    -13.399137
   5900000      5.818023    -13.438135
   5920000      5.802822    -13.515903
   5940000      5.711434    -13.486674
   5960000      5.642544    -13.484096
   5980000      5.591672    -13.551975
   6000000      5.490591    -13.325784
