         0      4.000000      0.000000
     20000      4.056377      0.013053
     40000      4.116174      0.077917
     60000      4.165933      0.104168
     80000      4.203508      0.138878
    100000      4.259561      0.167059
    120000      4.324763      0.177123
    140000      4.403443      0.234606
    160000      4.429087      0.319786
    180000      4.523323      0.317869
    200000      4.598202      0.322892
    220000      4.659393      0.375895
    240000      4.731731      0.391208
    260000      4.763548      0.457893
    280000      4.825673      0.471530
    300000      4.835171      0.592908
    320000      4.862563      0.679382
    340000      4.954395      0.680660
    360000      4.908498      0.806273
    380000      4.929207      0.877272
    400000      4.886743      0.959858
    420000      4.831126      1.048269
    440000      4.930444      1.111716
    460000      5.058123      1.134328
    480000      4.959303      1.263693
    500000      4.994800      1.318082
    520000      5.062575      1.362949
    540000      5.116958      1.404907
    560000      5.101011      1.501694
    580000      5.062425      1.592618
    600000      5.183591      1.614998
    620000      5.007384      1.709850
    640000      5.248906      1.720469
    660000      5.227031      1.818360
    680000      5.317435      1.838160
    700000      5.267641      1.951374
    720000      5.259673      2.024607
    740000      5.360293      2.065175
    760000      5.359976      2.140451
    780000      5.304759      2.217940
    800000      5.245443      2.274285
    820000      5.331744      2.349445
    840000      5.258884      2.411964
    860000      5.323680      2.511305
    880000      5.351340      2.588500
    900000      5.372196      2.652096
    920000      5.434389      2.706904
    940000      5.524007      2.754167
    960000      5.624579      2.765533
    980000      5.684983      2.789410
   1000000      5.700778      2.886763
   1020000      5.843155      2.802852
   1040000      5.900069      2.855673
   1060000      5.965698      2.895362
   1080000      6.008019      2.911705
   1100000      6.095766      2.905854
   1120000      6.119415      3.036326
   1140000      6.224980      2.980067
   1160000      6.302213      2.974757
   1180000      6.384846      2.952907
   1200000      6.449895      2.992116
   1220000      6.545292      2.967959
   1240000      6.625800      2.798373
   1260000      6.680224      3.071354
   1280000      6.711146      3.139743
   1300000      6.840983      3.045497
   1320000      6.912990      2.946161
   1340000      6.982420      2.983143
   1360000      7.053443      2.968898
   1380000      7.117379      2.946143
   1400000      7.189346      3.054909
   1420000      7.253683      3.047468
   1440000      7.304358      2.927222
   1460000      7.390798      2.912178
   1480000      7.489404      2.993901
   1500000      7.569478      3.017229
   1520000      7.637826      3.093492
   1540000      7.680625      3.176620
   1560000      7.753671      3.155002
   1580000      7.784159      3.234890
   1600000      7.807960      3.315853
   1620000      7.884693      3.345423
   1640000      7.927116      3.396929
   1660000      7.973486      3.429941
   1680000      8.047251      3.475509
   1700000      8.061768      3.561655
   1720000      8.142109      3.601390
   1740000      8.182510      3.642363
   1760000      8.209848      3.707446
   1780000      8.240142      3.774159
   1800000      8.301742      3.813635
   1820000      8.238200      3.945656
   1840000      8.282337      3.999291
   1860000      8.274232      4.100188
   1880000      8.314760      4.152757
   1900000      8.329262      4.248339
   1920000      8.471714      4.221114
   1940000      8.558632      4.260921
   1960000      8.596634      4.333139
   1980000      8.645329      4.388374
   2000000      8.721544      4.402962
   2020000      8.713157      4.516979
   2040000      8.784889      4.529730
   2060000      8.836660      4.571927
   2080000      8.876198      4.655731
   2100000      8.928974      4.685597
   2120000      8.992371      4.694445
   2140000      9.056240      4.706205
   2160000      9.119009      4.736531
   2180000      9.184799      4.740128
   2200000      9.252832      4.783081
   2220000      9.238404      4.960697
   2240000      9.343131      4.942209
   2260000      9.396236      4.956501
   2280000      9.410746      5.046172
   2300000      9.534151      5.018762
   2320000      9.591448      5.056971
   2340000      9.600630      5.132584
   2360000      9.746627      5.048732
   2380000      9.846559      5.039268
   2400000      9.912052      5.015341
   2420000      9.975137      5.068888
   2440000     10.032917      5.097830
   2460000     10.108780      5.133323
   2480000     10.141278      5.204140
   2500000     10.200829      5.241706
   2520000     10.239024      5.308614
   2540000     10.304933      5.361680
   2560000     10.338189      5.435108
   2580000     10.442748      5.419861
   2600000     10.535693      5.399308
   2620000     10.603103      5.388623
   2640000     10.631917      5.463683
   2660000     10.777704      5.348062
   2680000     10.848173      5.351845
   2700000     10.915493      5.248947
   2720000     10.969683      5.229138
   2740000     11.039015      5.161293
   2760000     11.062133      5.040682
   2780000     11.067080      4.938165
   2800000     11.193490      4.975113
   2820000     11.292482      4.973514
   2840000     11.331950      4.912681
   2860000     11.447109      5.023310
   2880000     11.515203      4.999128
   2900000     11.585665      5.026197
   2920000     11.647654      5.020467
   2940000     11.719901      5.050187
   2960000     11.804317      5.099849
   2980000     11.878595      5.117995
   3000000     11.952162      5.040397
   3020000     11.990373      4.989604
   3040000     11.875589      4.662289
   3060000     11.832467      4.586305
   3080000     12.076944      4.678120
   3100000     12.209463      4.755600
   3120000     12.254680      4.704751
   3140000     12.333718      4.736232
   3160000     12.356771      4.638559
   3180000     12.451808      4.626235
   3200000     12.498858      4.564469
   3220000     12.455352      4.389985
   3240000     12.554414      4.386921
   3260000     12.563188      4.286166
   3280000     12.543624      4.217876
   3300000     12.517003      4.113568
   3320000     12.424320      4.010140
   3340000     12.402863      3.958998
   3360000     12.371813      3.900677
   3380000     12.427953      3.811238
   3400000     12.372518      3.733629
   3420000     12.334197      3.669967
   3440000     12.274297      3.592484
   3460000     12.279804      3.514965
   3480000     12.318704      3.435243
   3500000     12.357187      3.375396
   3520000     12.481279      3.325452
   3540000     12.524742      3.271057
   3560000     12.525652      3.184446
   3580000     12.546993      3.113564
   3600000     12.653246      3.069034
   3620000     12.533547      2.966179
   3640000     12.550689      2.904642
   3660000     12.511461      2.830091
   3680000     12.623274      2.759829
   3700000     12.611000      2.682829
   3720000     12.617921      2.614615
   3740000     12.647130      2.556116
   3760000     12.563813      2.483725
   3780000     12.637498      2.417971
   3800000     12.693273      2.358058
   3820000     12.686615      2.298501
   3840000     12.811934      2.258246
   3860000     12.801855      2.163557
   3880000     12.759828      2.099412
   3900000     12.798461      2.013238
   3920000     12.846667      1.958352
   3940000     12.885597      1.898343
   3960000     12.849438      1.809804
   3980000     12.868096      1.755456
   4000000     12.845153      1.676857
   4020000     12.790351      1.593911
   4040000     12.892099      1.551752
   4060000     12.923873      1.479662
   4080000     13.066632      1.469740
   4100000     13.012960      1.372121
   4120000     13.109383      1.327216
   4140000     13.156247      1.293047
   4160000     13.154118      1.209573
   4180000     13.172483      1.143982
   4200000     13.256796      1.082321
   4220000     13.295761      1.038276
   4240000     13.306890      0.980753
   4260000     13.195321      0.912496
   4280000     13.166939      0.846233
   4300000     13.124261      0.796537
   4320000     13.236058      0.685969
   4340000     13.285329      0.620193
   4360000     13.261622      0.557680
   4380000     13.170196      0.503546
   4400000     13.179421      0.443944
   4420000     13.257467      0.370092
   4440000     13.159964      0.320909
   4460000     13.162109      0.251213
   4480000     13.303396      0.123917
   4500000     13.190874      0.086894
   4520000     13.234661     -0.001309
   4540000     13.321507     -0.067505
   4560000     13.339842     -0.121484
   4580000     13.303501     -0.200819
   4600000     13.291389     -0.269664
   4620000     13.212602     -0.318480
   4640000     13.252038     -0.401548
   4660000     13.264200     -0.476324
   4680000     13.234586     -0.538135
   4700000     13.241081     -0.597339
   4720000     13.177068     -0.663335
   4740000     13.177107     -0.730585
   4760000     13.169360     -0.798786
   4780000     13.208972     -0.881624
   4800000     13.097950     -0.899546
   4820000     13.018553     -0.949814
   4840000     12.988742     -1.014893
   4860000     12.915538     -1.059094
   4880000     12.911381     -1.132045
   4900000     12.869656     -1.185853
   4920000     12.855783     -1.280738
   4940000     12.735192     -1.279127
   4960000     12.704266     -1.347916
   4980000     12.616974     -1.355369
   5000000     12.546112     -1.382951
   5020000     12.561406     -1.482181
   5040000     12.516307     -1.532243
   5060000     12.430992     -1.549703
   5080000     12.383353     -1.580012
   5100000     12.378147     -1.673917
   5120000     12.369427     -1.734832
   5140000     12.185149     -1.663285
   5160000     12.089272     -1.590834
   5180000     12.025834     -1.584851
   5200000     11.956708     -1.571969
   5220000     11.918141     -1.660399
   5240000     11.867959     -1.712558
   5260000     11.804383     -1.704103
   5280000     11.759131     -1.740226
   5300000     11.697946     -1.781060
   5320000     11.631972     -1.789523
   5340000     11.564925     -1.743149
   5360000     11.516636     -1.877567
   5380000     11.451946     -1.908309
   5400000     11.409989     -1.963596
   5420000     11.335032     -1.963174
   5440000     11.279079     -2.026173
   5460000     11.229215     -1.915884
   5480000     11.171152     -1.880238
   5500000     11.138654     -1.737964
   5520000     11.079740     -1.701581
   5540000     11.083776     -1.541441
   5560000     11.074404     -1.441399
   5580000     11.054213     -1.366581
   5600000     11.012748     -1.329388
   5620000     11.051856     -1.256491
   5640000     10.995363     -1.205392
   5660000     10.967021     -1.148585
   5680000     10.829829     -1.128797
   5700000     10.754934     -1.079820
   5720000     10.685139     -1.053586
   5740000     10.708559     -0.974657
   5760000     10.809736     -0.873421
   5780000     10.648230     -0.841910
   5800000     10.591890     -0.788314
   5820000     10.536660     -0.754250
   5840000     10.534701     -0.654731
   5860000     10.506328     -0.602516
   5880000     10.489924     -0.541562
   5900000     10.475022     -0.486238
   5920000     10.438346     -0.409746
   5940000     10.450667     -0.335848
   5960000     10.448324     -0.263043
   5980000     10.471053     -0.186958
   6000000     10.500107     -0.126350
