         0      4.000000      0.000000
     20000      4.001603     -0.003943
     40000      4.002775      0.011601
     60000      4.003513      0.002056
     80000      4.007636     -0.012795
    100000      4.007196     -0.001115
    120000      4.006621      0.001032
    140000      4.004897      0.004161
    160000      4.007101      0.003428
    180000      4.008328      0.009240
    200000      4.005541      0.004770
    220000      4.005241      0.002365
    240000      4.002380      0.011633
    260000      4.005701      0.000645
    280000      4.005772      0.014884
    300000      4.003494      0.008585
    320000      4.005994      0.009344
    340000      4.002349      0.018481
    360000      4.002024      0.010082
    380000      4.004444      0.009476
    400000      4.007989      0.004489
    420000      4.006348      0.003603
    440000      4.007981      0.004684
    460000      4.006386      0.009577
    480000      4.005093      0.014007
    500000      4.003546     -0.021348
    520000      4.008589     -0.013556
    540000      4.005375      0.009898
    560000      4.005585      0.008935
    580000      4.003139      0.005219
    600000      4.005973      0.000051
    620000      4.004099     -0.019624
    640000      4.005815     -0.000117
    660000      4.004087      0.007488
    680000      4.005055     -0.010297
    700000      4.004379     -0.005709
    720000      4.007042     -0.001318
    740000      4.004694      0.006490
    760000      4.006526      0.007194
    780000      4.004448      0.013695
    800000      4.005118      0.007654
    820000      4.006589      0.004063
    840000      4.007224      0.012267
    860000      4.007710      0.009589
    880000      4.006378      0.007752
    900000      4.005212     -0.005405
    920000      4.004102     -0.008512
    940000      4.007437     -0.007349
    960000      4.006615     -0.010266
    980000      4.004117     -0.004978
   1000000      4.005014     -0.000016
   1020000      4.003880      0.006695
   1040000      4.003013      0.014438
   1060000      4.007813     -0.003688
   1080000      4.003728     -0.008153
   1100000      4.004405     -0.013584
   1120000      4.007837     -0.006901
   1140000      4.004209     -0.001453
   1160000      4.005644      0.001358
   1180000      4.003915      0.007872
   1200000      4.004278      0.006298
   1220000      4.003841      0.008123
   1240000      4.008841     -0.005907
   1260000      4.004874     -0.009084
   1280000      4.007236      0.000717
   1300000      4.008195     -0.003058
   1320000      4.006791     -0.005004
   1340000      4.006239     -0.016391
   1360000      4.005786     -0.015446
   1380000      4.003382      0.009445
   1400000      4.006966      0.007085
   1420000      4.002993      0.009619
   1440000      4.003343      0.000281
   1460000      4.003696      0.005681
   1480000      4.008345      0.000771
   1500000      4.009174     -0.001076
   1520000      4.004894     -0.021043
   1540000      4.003561     -0.025047
   1560000      4.002908      0.002958
   1580000      4.005745     -0.015874
   1600000      4.007570     -0.014317
   1620000      4.008225     -0.012855
   1640000      4.005057     -0.022869
   1660000      4.004735     -0.017492
   1680000      4.004798     -0.014919
   1700000      4.005818     -0.000295
   1720000      4.006282     -0.010571
   1740000      4.008960     -0.002829
   1760000      4.008341      0.011110
   1780000      4.011333      0.002992
   1800000      4.011099     -0.010100
   1820000      4.008577     -0.001753
   1840000      4.004663     -0.015995
   1860000      4.007815     -0.003576
   1880000      4.006483     -0.015655
   1900000      4.006005      0.011912
   1920000      4.008159     -0.015366
   1940000      4.004978     -0.005275
   1960000      4.004975     -0.015189
   1980000      4.006496     -0.018935
   2000000      4.005338     -0.014039
   2020000      4.003530     -0.016223
   2040000      4.010178     -0.009938
   2060000      4.006658     -0.006942
   2080000      4.010462     -0.013433
   2100000      4.005826      0.003684
   2120000      4.001882      0.019764
   2140000      4.007283      0.009907
   2160000      4.009939      0.009064
   2180000      4.005551      0.001961
   2200000      4.008852     -0.001257
   2220000      4.007847     -0.011825
   2240000      4.007629     -0.017687
   2260000      4.010221     -0.010641
   2280000      4.007279     -0.017344
   2300000      4.005139     -0.010024
   2320000      4.004668     -0.010597
   2340000      4.003711     -0.024342
   2360000      4.002017     -0.018650
   2380000      4.005032     -0.016109
   2400000      4.003968     -0.020434
   2420000      4.005874      0.000665
   2440000      4.006626     -0.001149
   2460000      4.008860      0.002280
   2480000      4.005583     -0.009153
   2500000      4.006167     -0.023241
   2520000      4.004417      0.011884
   2540000      4.002553      0.014552
   2560000      4.004102      0.007776
   2580000      4.004139      0.006709
   2600000      4.004135      0.015587
   2620000      4.003988     -0.002116
   2640000      4.006013     -0.002342
   2660000      4.006907     -0.011075
   2680000      4.003857     -0.014058
   2700000      4.002648     -0.013886
   2720000      4.004798     -0.021598
   2740000      4.004872     -0.003551
   2760000      4.003584     -0.007243
   2780000      4.003363     -0.009773
   2800000      4.004069     -0.004044
   2820000      4.005961      0.005972
   2840000      4.006314      0.003453
   2860000      4.006717      0.008643
   2880000      4.007522      0.004000
   2900000      4.003172      0.014078
   2920000      4.007170      0.008179
   2940000      4.006717     -0.018155
   2960000      4.006775     -0.015889
   2980000      4.008635     -0.008461
   3000000      4.006070      0.004881
   3020000      4.006537     -0.009995
   3040000      4.007614      0.012559
   3060000      4.006991      0.011428
   3080000      4.008787     -0.018324
   3100000      4.008758     -0.017775
   3120000      4.007896     -0.020671
   3140000      4.005693     -0.017167
   3160000      4.006379     -0.013361
   3180000      4.003736     -0.011946
   3200000      4.005203     -0.006202
   3220000      4.007697      0.010894
   3240000      4.010390      0.012009
   3260000      4.007741      0.010876
   3280000      4.006105     -0.004004
   3300000      4.006042      0.002996
   3320000      4.007633     -0.004442
   3340000      4.008892     -0.014170
   3360000      4.010170     -0.009386
   3380000      4.008023     -0.004643
   3400000      4.005690     -0.012475
   3420000      4.008842     -0.019397
   3440000      4.006659     -0.018687
   3460000      4.008599     -0.013815
   3480000      4.006208     -0.006943
   3500000      4.001026     -0.011953
   3520000      4.006508      0.003088
   3540000      4.005007      0.006219
   3560000      4.004398      0.007817
   3580000      4.002933      0.013679
   3600000      4.009013     -0.000076
   3620000      4.010164      0.002992
   3640000      4.004798     -0.015097
   3660000      4.005920     -0.021566
   3680000      4.008961     -0.010318
   3700000      4.004915      0.011634
   3720000      4.006841      0.004741
   3740000      4.007569     -0.016065
   3760000      4.006171     -0.008992
   3780000      4.008378      0.012198
   3800000      4.007586      0.005276
   3820000      4.009185     -0.008678
   3840000      4.007068     -0.000269
   3860000      4.011685     -0.010775
   3880000      4.007764     -0.021204
   3900000      4.006931     -0.018699
   3920000      4.003577     -0.023535
   3940000      4.003571     -0.021134
   3960000      4.007311     -0.006142
   3980000      4.007629     -0.022584
   4000000      4.007344     -0.015290
   4020000      4.005404     -0.019515
   4040000      4.009104     -0.000809
   4060000      4.005233      0.009032
   4080000      4.002633     -0.021285
   4100000      4.011355     -0.015280
   4120000      4.009566     -0.020104
   4140000      4.005792      0.008115
   4160000      4.002409     -0.022616
   4180000      4.006808     -0.015260
   4200000      4.009683     -0.005710
   4220000      4.008339     -0.011846
   4240000      4.008085      0.003708
   4260000      4.007602      0.008443
   4280000      4.005749      0.017140
   4300000      4.003857      0.011874
   4320000      4.004716     -0.011039
   4340000      4.007539      0.013389
   4360000      4.005965      0.000311
   4380000      4.006025      0.002038
   4400000      4.009065     -0.011397
   4420000      4.007560     -0.002188
   4440000      4.005214     -0.016123
   4460000      4.007223     -0.014255
   4480000      4.007841     -0.003347
   4500000      4.007361      0.008059
   4520000      4.000976      0.006787
   4540000      4.001129     -0.006937
   4560000      4.004672     -0.000913
   4580000      4.009132     -0.000246
   4600000      4.003240     -0.012210
   4620000      4.010634     -0.014671
   4640000      4.007560      0.001950
   4660000      4.009158      0.008210
   4680000      4.008206      0.005395
   4700000      4.006547      0.008209
   4720000      4.004046     -0.003402
   4740000      4.010086     -0.010248
   4760000      4.007653     -0.012484
   4780000      4.009535     -0.025191
   4800000      4.003722     -0.022573
   4820000      4.003392     -0.021494
   4840000      4.002445     -0.019921
   4860000      4.006502     -0.014363
   4880000      4.003737     -0.019857
   4900000      4.001773     -0.021300
   4920000      4.007509     -0.024383
   4940000      4.010295     -0.018773
   4960000      4.010400     -0.015354
   4980000      4.006610     -0.004217
   5000000      4.011095     -0.006975
   5020000      4.010036      0.004227
   5040000      4.009490     -0.006870
   5060000      4.007740      0.001330
   5080000      4.009811      0.010228
   5100000      4.010801      0.011108
   5120000      4.010770      0.009302
   5140000      4.012407      0.010285
   5160000      4.006451      0.014710
   5180000      4.011457     -0.009192
   5200000      4.010932     -0.002977
   5220000      4.009444     -0.000999
   5240000      4.010398      0.010105
   5260000      4.010110     -0.022280
   5280000      4.010436     -0.022374
   5300000      4.014693     -0.010754
   5320000      4.005168     -0.017650
   5340000      4.011362     -0.026148
   5360000      4.009816     -0.025492
   5380000      4.009724     -0.020986
   5400000      4.009219     -0.026074
   5420000      4.014022     -0.008747
   5440000      4.011501     -0.021865
   5460000      4.009168     -0.001829
   5480000      4.011210     -0.003739
   5500000      4.012064     -0.004762
   5520000      4.011706      0.006520
   5540000      4.011371     -0.020609
   5560000      4.008320     -0.020589
   5580000      4.008218     -0.014203
   5600000      4.009778     -0.012089
   5620000      4.007766     -0.027026
   5640000      4.008998     -0.022229
   5660000      4.007114     -0.012860
   5680000      4.006897     -0.016858
   5700000      4.010570      0.006562
   5720000      4.009488      0.007584
   5740000      4.012754      0.001007
   5760000      4.015391      0.005526
   5780000      4.008938      0.001490
   5800000      4.003538      0.005727
   5820000      4.008238      0.009650
   5840000      4.001071     -0.008368
   5860000      4.008037      0.003576
   5880000      4.009780     -0.000287
   5900000      4.007968     -0.017027
   5920000      4.006508     -0.017321
   5940000      4.008467     -0.018415
   5960000      4.006752     -0.016222
   5980000      4.010753     -0.020004
   6000000      4.010846     -0.012639
   6020000      4.005930     -0.027489
   6040000      4.002857     -0.009954
   6060000      4.001541     -0.009185
   6080000      4.004762     -0.003075
   6100000      4.000344     -0.007838
   6120000      4.003449     -0.004451
   6140000      4.002497     -0.020178
   6160000      4.006829     -0.009966
   6180000      4.010696      0.016260
   6200000      4.004926     -0.000911
   6220000      4.009277      0.005238
   6240000      4.011915     -0.007896
   6260000      4.013911     -0.006286
   6280000      4.012804      0.008899
   6300000      4.006083      0.002787
   6320000      4.008288      0.006183
   6340000      4.012492     -0.002781
   6360000      4.012394     -0.011529
   6380000      4.012687     -0.024357
   6400000      4.004990     -0.033118
   6420000      4.000398     -0.034899
   6440000      4.001345      0.004524
   6460000      4.006537      0.011998
   6480000      4.010039      0.006910
   6500000      4.002989      0.010133
   6520000      4.013090     -0.018018
   6540000      4.007442     -0.005371
   6560000      4.010129     -0.011527
   6580000      4.017971     -0.011662
   6600000      4.007022     -0.009265
   6620000      4.005403     -0.016200
   6640000      4.006543     -0.003125
   6660000      4.001585     -0.001026
   6680000      4.000849      0.002225
   6700000      4.007954      0.005417
   6720000      4.005485      0.001192
   6740000      4.006339     -0.006129
   6760000      4.007892      0.013752
   6780000      4.008493      0.007506
   6800000      4.009798      0.013463
   6820000      4.008274      0.003360
   6840000      4.003615     -0.020575
   6860000      4.004239     -0.017361
   6880000      4.007196     -0.023560
   6900000      4.010070     -0.030926
   6920000      4.006366     -0.033631
   6940000      4.003192     -0.035465
   6960000      3.996284     -0.050520
   6980000      4.001183     -0.043010
   7000000      3.999787     -0.048574
   7020000      3.991005     -0.051051
   7040000      3.989641     -0.049489
   7060000      3.984124     -0.055654
   7080000      3.976756     -0.075034
   7100000      3.977436     -0.071781
   7120000      3.972307     -0.076011
   7140000      3.959404     -0.080047
   7160000      3.958402     -0.083651
   7180000      3.952319     -0.084923
   7200000      3.948787     -0.089126
   7220000      3.938987     -0.092455
   7240000      3.941017     -0.095402
   7260000      3.936500     -0.093612
   7280000      3.941779     -0.079951
   7300000      3.941089     -0.103845
   7320000      3.968284     -0.102884
   7340000      4.130424     -0.006858
   7360000      4.129795     -0.022745
   7380000      4.150263     -0.012523
   7400000      4.167495     -0.009118
   7420000      4.012017      0.492714
   7440000      3.960492      0.577574
   7460000      3.948206      0.610938
   7480000      3.891443      0.660928
   7500000      3.867189      0.705461
   7520000      3.872531      0.711037
   7540000      3.718564      0.753331
   7560000      3.774023      0.767272
   7580000      3.694872      0.784484
   7600000      3.684444      0.804265
   7620000      3.700223      0.819469
   7640000      3.726763      0.833243
   7660000      3.725466      0.848555
   7680000      3.926835      0.791741
   7700000      3.889309      0.856830
   7720000      4.105042      0.797522
   7740000      4.161334      0.760912
   7760000      4.173669      0.752030
   7780000      4.112324      0.826599
   7800000      4.070561      0.867811
   7820000      4.093023      0.897453
   7840000      3.991238      0.937355
   7860000      4.119170      0.883401
   7880000      4.302285      0.859672
   7900000      4.520841      0.708230
   7920000      4.621623      0.618744
   7940000      4.582900      0.695600
   7960000      4.580563      0.711237
   7980000      4.607668      0.712335
   8000000      4.624969      0.714346
   8020000      4.602205      0.761164
   8040000      4.799020      0.529039
   8060000      4.763668      0.624725
   8080000      4.737348      0.677371
   8100000      4.674904      0.767222
   8120000      4.618586      0.847927
   8140000      4.689957      0.821795
   8160000      4.714962      0.789777
   8180000      4.553710      0.941922
   8200000      4.618143      0.926907
   8220000      4.575718      0.966802
   8240000      4.608685      0.971549
   8260000      4.618330      0.976798
   8280000      4.616765      0.989370
   8300000      4.689975      0.966277
   8320000      4.719042      0.972852
   8340000      4.765453      0.939857
   8360000      4.736065      0.995379
   8380000      4.798488      0.951998
   8400000      4.768179      1.010828
   8420000      4.741780      1.058894
   8440000      4.789573      1.037021
   8460000      4.802783      1.032299
   8480000      4.736031      1.125645
   8500000      4.788734      1.105483
   8520000      4.649304      1.204277
   8540000      4.487466      1.213975
   8560000      4.528209      1.251512
   8580000      4.542099      1.256938
   8600000      4.550788      1.277571
   8620000      4.593940      1.283219
   8640000      4.542234      1.308408
   8660000      4.632758      1.291783
   8680000      4.525653      1.338036
   8700000      4.640625      1.326264
   8720000      4.519726      1.367932
   8740000      4.541298      1.387612
   8760000      4.543408      1.400446
   8780000      4.545171      1.411612
   8800000      4.542198      1.424259
   8820000      4.921091      1.304188
   8840000      4.847075      1.378934
   8860000      4.689750      1.482649
   8880000      4.803450      1.432611
   8900000      4.633503      1.534456
   8920000      4.846009      1.455735
   8940000      4.771533      1.510930
   8960000      4.796040      1.508429
   8980000      4.807309      1.520364
   9000000      4.827154      1.533209
   9020000      4.825466      1.557863
   9040000      4.834860      1.558559
   9060000      4.748450      1.634150
   9080000      4.815513      1.633831
   9100000      4.761695      1.661438
   9120000      4.763226      1.674348
   9140000      4.788802      1.671610
   9160000      4.702983      1.715809
   9180000      4.734749      1.721805
   9200000      4.790827      1.707788
   9220000      4.682116      1.737787
   9240000      4.663395      1.748055
   9260000      4.877028      1.719448
   9280000      4.774216      1.781397
   9300000      4.685871      1.802526
   9320000      4.712560      1.830076
   9340000      4.708337      1.842244
   9360000      4.742165      1.846794
   9380000      4.742558      1.871821
   9400000      4.701465      1.883320
   9420000      4.790858      1.894172
   9440000      4.711263      1.914604
   9460000      4.693606      1.927522
   9480000      4.644810      1.940134
   9500000      4.692553      1.950799
   9520000      4.804867      1.965552
   9540000      4.763804      1.975771
   9560000      4.667012      1.995570
   9580000      4.691335      2.006139
   9600000      4.489999      1.966179
   9620000      4.710762      2.040060
   9640000      4.725176      2.042638
   9660000      4.742507      2.059733
   9680000      4.743820      2.072493
   9700000      4.762038      2.086764
   9720000      4.772665      2.101400
   9740000      4.762537      2.118104
   9760000      4.714379      2.144827
   9780000      4.775602      2.149556
   9800000      4.920597      2.114465
   9820000      4.896079      2.153667
   9840000      4.979257      2.135791
   9860000      4.975841      2.145446
   9880000      4.982499      2.166944
   9900000      4.653217      2.278863
   9920000      4.581463      2.290835
   9940000      4.563450      2.323948
   9960000      4.570501      2.342231
   9980000      4.592337      2.350901
  10000000      4.630995      2.361822
