         0      4.000000      0.000000
     20000      4.053755     -0.107296
     40000      4.115884     -0.054396
     60000      4.197327     -0.074241
     80000      4.263715     -0.260131
    100000      4.326211     -0.151917
    120000      4.392299     -0.159927
    140000      4.460177     -0.221454
    160000      4.529965     -0.442060
    180000      4.557884     -0.509436
    200000      4.630600     -0.425243
    220000      4.742945     -0.370746
    240000      4.813045     -0.197850
    260000      4.887164     -0.233133
    280000      4.956250     -0.217415
    300000      5.013505     -0.106476
    320000      5.071798     -0.075966
    340000      5.128815     -0.056946
    360000      5.155466      0.055320
    380000      5.256749     -0.001768
    400000      5.328548     -0.055729
    420000      5.417170     -0.291822
    440000      5.319941      0.126584
    460000      5.529033     -0.341931
    480000      5.552874     -0.393716
    500000      5.600926     -0.518397
    520000      5.387570     -0.863088
    540000      5.505108     -0.785071
    560000      5.643482     -1.169564
    580000      5.741363     -1.164564
    600000      5.620155     -1.298659
    620000      5.622435     -1.159441
    640000      5.793433     -1.286269
    660000      5.774960     -1.281891
    680000      5.852799     -1.270856
    700000      6.042952     -1.242740
    720000      5.801711     -1.461536
    740000      5.852528     -1.516528
    760000      5.811514     -1.526869
    780000      5.872459     -1.407850
    800000      5.779340     -1.281761
    820000      5.858608     -1.154429
    840000      5.940648     -0.983300
    860000      6.018008     -0.948677
    880000      5.842180     -1.203593
    900000      5.798835     -1.213128
    920000      5.544501     -1.316251
    940000      5.679603     -1.143665
    960000      5.666434     -0.880872
    980000      5.644672     -0.886975
   1000000      5.787873     -0.856417
   1020000      5.748736     -0.996703
   1040000      5.640067     -1.079536
   1060000      5.545524     -0.934399
   1080000      5.613229     -1.079731
   1100000      5.786809     -1.021803
   1120000      5.673287     -0.915778
   1140000      5.549672     -0.939649
   1160000      5.455300     -1.121857
   1180000      5.796214     -1.017444
   1200000      5.813399     -1.025447
   1220000      5.757497     -0.882717
   1240000      5.587891     -0.833202
   1260000      5.606917     -0.684676
   1280000      5.569752     -0.688344
   1300000      5.436028     -0.568593
   1320000      5.367637     -0.695263
   1340000      5.532489     -0.746989
   1360000      5.733441     -0.492110
   1380000      5.716124     -0.411489
   1400000      5.692611     -0.477560
   1420000      5.775676     -0.221583
   1440000      5.837193     -0.296062
   1460000      5.643793     -0.698818
   1480000      5.834877     -0.614733
   1500000      5.822555     -0.578923
   1520000      5.924626     -0.374497
   1540000      5.771359     -0.598962
   1560000      5.698217     -0.456428
   1580000      5.700467     -0.362899
   1600000      5.869690     -0.291283
   1620000      5.878633     -0.344155
   1640000      5.709005     -0.520131
   1660000      5.709989     -0.702609
   1680000      5.586904     -0.667060
   1700000      5.797962     -0.592741
   1720000      5.918519     -0.375693
   1740000      5.860679     -0.441402
   1760000      5.841272     -0.262738
   1780000      5.554373     -0.695470
   1800000      5.517215     -0.720196
   1820000      5.613823     -0.485414
   1840000      5.491572     -0.696167
   1860000      5.408273     -0.731559
   1880000      5.677608     -0.407284
   1900000      5.613412     -0.514644
   1920000      5.854143     -0.672751
   1940000      5.913196     -0.641631
   1960000      5.802471     -0.591276
   1980000      5.831350     -0.661612
   2000000      6.123866     -0.657288
   2020000      6.012832     -0.561009
   2040000      5.833651     -0.636621
   2060000      5.761766     -0.350380
   2080000      5.828455     -0.232263
   2100000      5.953272      0.034230
   2120000      5.965636     -0.067864
   2140000      5.664423     -0.043439
   2160000      5.654152     -0.249364
   2180000      5.507526     -0.185518
   2200000      5.189535     -0.315437
   2220000      5.275398      0.133815
   2240000      5.396390      0.237662
   2260000      5.246763      0.300864
   2280000      5.172184      0.237057
   2300000      5.349557      0.187081
   2320000      5.138998      0.075152
   2340000      4.905345     -0.066638
   2360000      5.038666     -0.106876
   2380000      5.143304     -0.186226
   2400000      4.812231     -0.067313
   2420000      4.952006     -0.020363
   2440000      5.164613      0.441363
   2460000      5.096139      0.362722
   2480000      5.088605      0.275889
   2500000      5.061304      0.342514
   2520000      5.259822      0.454631
   2540000      5.280423      0.286615
   2560000      5.230195      0.091574
   2580000      5.219703     -0.118529
   2600000      5.208486      0.045309
   2620000      4.976365     -0.380362
   2640000      4.880756     -0.564390
   2660000      4.758666     -0.463865
   2680000      4.963787     -0.471451
   2700000      5.095786     -0.392756
   2720000      5.008450     -0.643706
   2740000      4.837090     -0.789915
   2760000      4.856041     -0.735730
   2780000      4.748994     -0.441902
   2800000      4.941922     -0.367716
   2820000      4.833392     -0.423935
   2840000      4.801165     -0.306338
   2860000      4.692330     -0.479634
   2880000      5.010966      0.112748
   2900000      5.246813      0.447114
   2920000      4.919304      0.494134
   2940000      4.831631      0.042225
   2960000      4.870566      0.411524
   2980000      5.051172      0.209914
   3000000      4.922704     -0.031815
   3020000      4.796710     -0.295673
   3040000      4.711091     -0.334639
   3060000      4.625784     -0.473420
   3080000      4.888048     -0.446049
   3100000      4.682129     -0.563938
   3120000      4.302740     -0.524684
   3140000      4.266732     -0.451293
   3160000      3.704312     -0.614939
   3180000      3.856872     -0.632070
   3200000      4.048913     -0.299366
   3220000      3.949839     -0.268788
   3240000      3.846930     -0.281964
   3260000      4.013240     -0.175955
   3280000      3.689885     -0.160756
   3300000      3.772978     -0.014992
   3320000      3.650305      0.042642
   3340000      3.806297      0.281675
   3360000      3.945848      0.280352
   3380000      4.060151      0.542303
   3400000      4.084556      0.584179
   3420000      3.689435      0.264266
   3440000      3.957762      0.175500
   3460000      3.582507      0.080679
   3480000      3.232134      0.054941
   3500000      2.888474     -0.087639
   3520000      2.776797     -0.033217
   3540000      2.612405      0.008222
   3560000      2.875026     -0.375837
   3580000      2.851272     -0.378215
   3600000      2.708495     -0.255632
   3620000      2.872348     -0.730110
   3640000      3.113072     -0.540150
   3660000      2.970412     -0.659098
   3680000      3.088242     -0.677675
   3700000      3.091385     -0.552661
   3720000      3.010666     -0.499036
   3740000      3.155483     -0.468788
   3760000      3.249658     -0.523225
   3780000      3.229932     -0.680095
   3800000      2.958297     -0.873651
   3820000      2.299556     -0.652376
   3840000      2.233460     -0.578440
   3860000      2.141870     -0.392001
   3880000      2.263232     -0.471497
   3900000      2.297950     -0.354940
   3920000      1.991882     -0.121369
   3940000      2.351491     -0.263480
   3960000      2.062793      0.033574
   3980000      1.960792      0.234570
   4000000      2.031793      0.448110
   4020000      2.027326      0.566702
   4040000      1.895337      0.657790
   4060000      1.714228      1.120045
   4080000      1.823981      1.085974
   4100000      1.853482      0.961787
   4120000      1.838901      1.096997
   4140000      1.938609      0.843954
   4160000      2.024742      1.148708
   4180000      2.344804      1.117635
   4200000      2.168859      0.954687
   4220000      2.297993      0.685509
   4240000      2.197642      0.853303
   4260000      2.339289      0.729303
   4280000      2.485960      0.776559
   4300000      2.844700      0.742757
   4320000      2.959543      0.753548
   4340000      2.702059      0.747168
   4360000      2.663341      0.751397
   4380000      2.831015      0.851227
   4400000      2.958008      0.983645
   4420000      2.937926      1.037420
   4440000      2.755302      1.334545
   4460000      2.342406      1.399733
   4480000      2.433118      1.286990
   4500000      2.504532      1.142191
   4520000      2.302632      1.293081
   4540000      2.362086      1.510982
   4560000      2.263959      1.387847
   4580000      2.230063      1.512086
   4600000      2.242947      1.292703
   4620000      2.160659      1.202529
   4640000      2.148841      1.234536
   4660000      2.071227      1.165096
   4680000      2.105608      1.298774
   4700000      2.164142      1.391741
   4720000      2.108643      1.142519
   4740000      2.138729      1.088634
   4760000      1.967325      1.873563
   4780000      1.899667      1.680424
   4800000      1.845029      1.610225
   4820000      1.761173      1.354373
   4840000      1.720041      1.277977
   4860000      1.562461      1.544584
   4880000      1.558545      1.888415
   4900000      1.581647      2.359916
   4920000      1.700601      2.421906
   4940000      1.694853      2.218021
   4960000      1.721944      2.231247
   4980000      1.847123      2.547264
   5000000      1.889701      2.240005
   5020000      1.969033      1.715424
   5040000      1.907722      1.829374
   5060000      1.987218      2.011708
   5080000      1.793386      1.693967
   5100000      1.908448      1.531892
   5120000      2.033447      1.170619
   5140000      1.878856      1.538357
   5160000      1.670091      1.551229
   5180000      1.618766      1.283594
   5200000      1.676615      1.401533
   5220000      1.553863      1.476253
   5240000      1.376670      1.267944
   5260000      1.363843      1.104008
   5280000      1.274340      1.316974
   5300000      1.449662      1.477118
   5320000      1.546737      1.437532
   5340000      1.408622      1.240373
   5360000      1.238646      1.299464
   5380000      1.412974      1.196189
   5400000      1.381190      1.281299
   5420000      1.407301      1.327015
   5440000      1.445630      1.241928
   5460000      1.680557      1.755480
   5480000      1.592864      1.644530
   5500000      1.796438      1.789442
   5520000      1.636607      1.789679
   5540000      1.491289      1.774486
   5560000      1.710461      1.902239
   5580000      1.859219      2.094824
   5600000      1.984346      2.075921
   5620000      2.398414      2.032449
   5640000      2.292264      1.831934
   5660000      2.196175      1.815054
   5680000      2.264239      1.913247
   5700000      2.322685      2.145246
   5720000      2.406230      2.243596
   5740000      2.446179      2.045508
   5760000      2.275796      2.293048
   5780000      2.139622      2.287185
   5800000      1.999731      2.402532
   5820000      2.280767      2.592208
   5840000      2.454322      2.551889
   5860000      2.806535      2.986781
   5880000      2.440495      3.085058
   5900000      2.489987      2.747982
   5920000      2.443479      2.595439
   5940000      2.523316      2.405992
   5960000      2.838211      2.577308
   5980000      2.964848      2.438155
   6000000      2.974488      2.656647
