         0      4.000000      0.000000
     20000      4.054803     -0.036759
     40000      4.122927     -0.026999
     60000      4.195627     -0.064599
     80000      4.257706      0.002961
    100000      4.330570     -0.044051
    120000      4.403947     -0.092265
    140000      4.474958      0.046020
    160000      4.526178      0.079909
    180000      4.584710      0.140313
    200000      4.603958      0.231963
    220000      4.720934      0.215515
    240000      4.790939      0.217106
    260000      4.878630      0.222496
    280000      4.947566      0.207768
    300000      5.010477      0.267024
    320000      5.053600      0.336108
    340000      5.094640      0.404873
    360000      5.142288      0.457949
    380000      5.135026      0.550287
    400000      5.198118      0.596989
    420000      5.260245      0.664456
    440000      5.301837      0.729912
    460000      5.289914      0.796753
    480000      5.319029      0.852353
    500000      5.152621      0.930524
    520000      5.221947      1.004471
    540000      5.371019      1.079887
    560000      5.318686      1.169757
    580000      5.397390      1.226497
    600000      5.361830      1.302066
    620000      5.369424      1.375408
    640000      5.358439      1.452025
    660000      5.288477      1.531289
    680000      5.265659      1.573435
    700000      5.442659      1.633748
    720000      5.509180      1.679667
    740000      5.597415      1.693607
    760000      5.644162      1.757092
    780000      5.577925      1.912865
    800000      5.583326      2.012064
    820000      5.625866      2.060693
    840000      5.702075      2.104043
    860000      5.738222      2.177281
    880000      5.751369      2.246429
    900000      5.793467      2.300349
    920000      5.826791      2.353047
    940000      5.778805      2.440811
    960000      5.852746      2.495069
    980000      5.920463      2.553400
   1000000      5.980414      2.597115
   1020000      6.042114      2.631227
   1040000      6.026127      2.717818
   1060000      6.019145      2.799276
   1080000      6.002669      2.886084
   1100000      6.015778      2.963068
   1120000      6.032331      3.023376
   1140000      6.069717      3.081925
   1160000      6.048031      3.162292
   1180000      5.948452      3.242492
   1200000      5.832288      3.311415
   1220000      5.735642      3.273958
   1240000      5.712737      3.329228
   1260000      5.660365      3.318587
   1280000      5.675946      3.468810
   1300000      5.848017      3.646928
   1320000      5.760484      3.701355
   1340000      5.790307      3.806162
   1360000      5.699064      3.858800
   1380000      5.620601      3.873762
   1400000      5.576116      3.913514
   1420000      5.525656      3.985813
   1440000      5.583974      4.104709
   1460000      5.495644      4.118838
   1480000      5.538600      4.213214
   1500000      5.556592      4.288076
   1520000      5.299648      4.220633
   1540000      5.202585      4.175089
   1560000      5.206333      4.294694
   1580000      5.107326      4.271069
   1600000      5.085799      4.358669
   1620000      4.998554      4.334295
   1640000      4.943198      4.376727
   1660000      4.878297      4.398383
   1680000      4.777897      4.377137
   1700000      4.737612      4.477609
   1720000      4.639316      4.459226
   1740000      4.583208      4.474853
   1760000      4.530844      4.512760
   1780000      4.475704      4.529038
   1800000      4.387965      4.485004
   1820000      4.311867      4.439096
   1840000      4.250017      4.496946
   1860000      4.192585      4.597075
   1880000      4.136390      4.619110
   1900000      4.072463      4.650361
   1920000      3.999030      4.635105
   1940000      3.972469      4.546220
   1960000      3.905366      4.532763
   1980000      3.829160      4.511734
   2000000      3.744919      4.552179
   2020000      3.670663      4.558946
   2040000      3.604741      4.609162
   2060000      3.516988      4.687090
   2080000      3.436658      4.636097
   2100000      3.382865      4.771526
   2120000      3.285545      4.732555
   2140000      3.221546      4.742601
   2160000      3.209134      4.887113
   2180000      3.135035      4.891987
   2200000      3.056106      4.863781
   2220000      3.028136      4.905387
   2240000      2.934419      4.895950
   2260000      2.853591      4.892387
   2280000      2.797177      4.942973
   2300000      2.732571      4.970263
   2320000      2.649134      4.876305
   2340000      2.581191      4.842540
   2360000      2.524081      4.784388
   2380000      2.467173      4.703594
   2400000      2.398389      4.714406
   2420000      2.308892      4.728398
   2440000      2.257111      4.873045
   2460000      2.201205      4.884951
   2480000      2.103876      4.847598
   2500000      2.050346      4.855737
   2520000      1.951516      4.877486
   2540000      1.899583      4.926745
   2560000      1.807981      4.830958
   2580000      1.757984      4.744565
   2600000      1.688517      4.978447
   2620000      1.586831      4.857306
   2640000      1.524239      4.965815
   2660000      1.475464      4.943941
   2680000      1.410472      4.862902
   2700000      1.305645      5.021271
   2720000      1.255998      5.079294
   2740000      1.184284      5.063839
   2760000      1.110822      5.047837
   2780000      1.071743      5.129893
   2800000      1.038016      5.188555
   2820000      0.955082      5.199792
   2840000      0.861610      5.149011
   2860000      0.816561      5.205204
   2880000      0.722426      5.166638
   2900000      0.652800      5.169774
   2920000      0.609264      5.238388
   2940000      0.546685      5.255927
   2960000      0.472054      5.229682
   2980000      0.453640      5.354722
   3000000      0.419834      5.426078
   3020000      0.249224      5.144208
   3040000      0.185458      5.151617
   3060000      0.128960      5.204467
   3080000      0.061064      5.123893
   3100000      0.003050      5.167906
   3120000     -0.053285      5.222183
   3140000     -0.124375      5.183729
   3160000     -0.187336      5.272027
   3180000     -0.276835      5.130413
   3200000     -0.334642      5.129670
   3220000     -0.383717      5.157136
   3240000     -0.448449      5.156234
   3260000     -0.523357      5.173573
   3280000     -0.569651      5.160457
   3300000     -0.589036      5.249523
   3320000     -0.727006      5.060562
   3340000     -0.792837      4.928445
   3360000     -0.867459      4.964302
   3380000     -0.929607      4.994043
   3400000     -0.992166      5.017504
   3420000     -1.058792      4.996732
   3440000     -1.119475      4.973150
   3460000     -1.165079      5.024612
   3480000     -1.252946      4.932188
   3500000     -1.275927      4.827693
   3520000     -1.380682      4.845188
   3540000     -1.430382      4.782969
   3560000     -1.586759      4.950423
   3580000     -1.655413      4.957449
   3600000     -1.715682      4.943983
   3620000     -1.786316      4.927025
   3640000     -1.834477      4.857053
   3660000     -1.869981      4.771985
   3680000     -1.935837      4.784678
   3700000     -1.967505      4.716003
   3720000     -1.953214      4.621693
   3740000     -2.094036      4.644839
   3760000     -2.170910      4.625983
   3780000     -2.302732      4.682726
   3800000     -2.343993      4.638305
   3820000     -2.449258      4.727675
   3840000     -2.524414      4.676358
   3860000     -2.601940      4.649665
   3880000     -2.675751      4.696669
   3900000     -2.747239      4.592648
   3920000     -2.835438      4.671643
   3940000     -2.910162      4.696578
   3960000     -2.953463      4.716154
   3980000     -3.004942      4.746309
   4000000     -3.054960      4.779110
   4020000     -3.164420      4.657039
   4040000     -3.222506      4.588641
   4060000     -3.284601      4.604612
   4080000     -3.368454      4.694729
   4100000     -3.430312      4.663217
   4120000     -3.489599      4.651906
   4140000     -3.545498      4.842402
   4160000     -3.645151      4.790727
   4180000     -3.704331      4.812712
   4200000     -3.796037      4.833760
   4220000     -3.888393      4.751617
   4240000     -3.939388      4.703896
   4260000     -4.032214      4.738650
   4280000     -4.110175      4.760653
   4300000     -4.175007      4.829152
   4320000     -4.238271      4.836494
   4340000     -4.305295      4.857136
   4360000     -4.350419      4.917279
   4380000     -4.424610      4.917338
   4400000     -4.516528      4.803109
   4420000     -4.596444      4.770813
   4440000     -4.652754      4.797790
   4460000     -4.726345      4.688600
   4480000     -4.781230      4.645200
   4500000     -4.866530      4.745154
   4520000     -4.937935      4.775711
   4540000     -4.998122      4.813347
   4560000     -5.074887      4.669206
   4580000     -5.136658      4.612318
   4600000     -5.225682      4.664468
   4620000     -5.284961      4.746961
   4640000     -5.346010      4.782674
   4660000     -5.423450      4.752928
   4680000     -5.483347      4.740833
   4700000     -5.566639      4.601671
   4720000     -5.630165      4.653878
   4740000     -5.697342      4.658714
   4760000     -5.763820      4.639032
   4780000     -5.818080      4.576409
   4800000     -5.898867      4.595259
   4820000     -5.941982      4.500378
   4840000     -6.011398      4.484268
   4860000     -6.096774      4.520895
   4880000     -6.167779      4.555812
   4900000     -6.237111      4.573971
   4920000     -6.282028      4.369746
   4940000     -6.370019      4.447551
   4960000     -6.432283      4.497879
   4980000     -6.517666      4.464760
   5000000     -6.599046      4.420575
   5020000     -6.665051      4.440556
   5040000     -6.745629      4.518077
   5060000     -6.812517      4.579425
   5080000     -6.822313      4.694224
   5100000     -6.941952      4.590679
   5120000     -7.015161      4.588640
   5140000     -7.071063      4.610168
   5160000     -7.093003      4.693353
   5180000     -7.197594      4.672046
   5200000     -7.257822      4.702672
   5220000     -7.298019      4.748343
   5240000     -7.365768      4.724652
   5260000     -7.445666      4.780008
   5280000     -7.527337      4.780838
   5300000     -7.599535      4.786367
   5320000     -7.634671      4.805847
   5340000     -7.614370      4.874020
   5360000     -7.687012      4.914179
   5380000     -7.756100      4.955237
   5400000     -7.853512      4.942441
   5420000     -7.889674      5.002404
   5440000     -7.948779      5.034752
   5460000     -7.945221      5.119900
   5480000     -7.935285      5.203922
   5500000     -8.075390      5.186467
   5520000     -8.102029      5.246149
   5540000     -8.202285      5.266509
   5560000     -8.250175      5.310560
   5580000     -8.386545      5.268290
   5600000     -8.363294      5.377994
   5620000     -8.424209      5.411479
   5640000     -8.439300      5.466077
   5660000     -8.409241      5.536903
   5680000     -8.466422      5.596766
   5700000     -8.614191      5.609042
   5720000     -8.643098      5.691685
   5740000     -8.558355      5.785533
   5760000     -8.630034      5.837674
   5780000     -8.609941      5.911705
   5800000     -8.586636      5.979000
   5820000     -8.585171      6.051139
   5840000     -8.692718      6.127203
   5860000     -8.729457      6.195815
   5880000     -8.785133      6.237909
   5900000     -8.913468      6.254344
   5920000     -8.942654      6.335903
   5940000     -8.904667      6.415722
   5960000     -8.994902      6.449946
   5980000     -8.950660      6.545238
   6000000     -8.991144      6.613528
