         0      4.000000      0.000000
     20000      4.052954     -0.066423
     40000      4.124789     -0.175493
     60000      4.209432     -0.143078
     80000      4.280953     -0.073743
    100000      4.351778     -0.046975
    120000      4.382617      0.044810
    140000      4.481170     -0.081114
    160000      4.535370     -0.104955
    180000      4.607393      0.023329
    200000      4.693560      0.014572
    220000      4.749184      0.052629
    240000      4.781991      0.174614
    260000      4.851036      0.174489
    280000      4.948533      0.145629
    300000      4.954231      0.318325
    320000      5.068019      0.228082
    340000      5.147213      0.231916
    360000      5.209609      0.336100
    380000      5.231563      0.411234
    400000      5.325708      0.388887
    420000      5.403349      0.364215
    440000      5.471734      0.310593
    460000      5.539553      0.369119
    480000      5.608689      0.285163
    500000      5.676050      0.233599
    520000      5.763893      0.241982
    540000      5.809619      0.141229
    560000      5.886192      0.173453
    580000      5.972957      0.212774
    600000      6.046007      0.166983
    620000      6.132597      0.187037
    640000      6.198574      0.171870
    660000      6.236500      0.268114
    680000      6.319501      0.142866
    700000      6.362755      0.256011
    720000      6.431735      0.269987
    740000      6.492005      0.252345
    760000      6.577108      0.259990
    780000      6.675795      0.209434
    800000      6.733288      0.299937
    820000      6.813645      0.308215
    840000      6.852829      0.382661
    860000      6.829249      0.503517
    880000      6.971063      0.470151
    900000      7.022992      0.509851
    920000      7.066017      0.561436
    940000      7.131883      0.605325
    960000      7.184673      0.656030
    980000      7.290760      0.520191
   1000000      7.361695      0.555041
   1020000      7.341435      0.802413
   1040000      7.455926      0.774790
   1060000      7.521188      0.789232
   1080000      7.628862      0.669965
   1100000      7.689210      0.706419
   1120000      7.776519      0.670908
   1140000      7.817119      0.825402
   1160000      7.883471      0.863269
   1180000      7.940408      0.895776
   1200000      7.973687      0.971636
   1220000      8.018589      1.036737
   1240000      8.095152      1.050350
   1260000      8.143243      1.088229
   1280000      8.201028      1.134533
   1300000      8.191812      1.232051
   1320000      8.294181      1.245435
   1340000      8.369039      1.245827
   1360000      8.424497      1.329532
   1380000      8.479905      1.356146
   1400000      8.450030      1.505958
   1420000      8.500003      1.565844
   1440000      8.482315      1.654800
   1460000      8.568482      1.688028
   1480000      8.626210      1.707811
   1500000      8.585802      1.831654
   1520000      8.523488      1.943256
   1540000      8.491680      2.013617
   1560000      8.487749      2.087144
   1580000      8.459933      2.153274
   1600000      8.492014      2.211016
   1620000      8.433507      2.238874
   1640000      8.352320      2.233600
   1660000      8.279564      2.261921
   1680000      8.311382      2.396334
   1700000      8.245563      2.444929
   1720000      8.201690      2.477839
   1740000      8.130421      2.515840
   1760000      8.047780      2.512098
   1780000      7.944931      2.552760
   1800000      7.900571      2.637024
   1820000      7.842397      2.667260
   1840000      7.768660      2.690588
   1860000      7.816405      2.862169
   1880000      7.798611      2.940382
   1900000      7.751644      2.993128
   1920000      7.769278      3.063232
   1940000      7.777033      3.154286
   1960000      7.794363      3.227879
   1980000      7.696396      3.266252
   2000000      7.775614      3.377381
   2020000      7.656401      3.384998
   2040000      7.649495      3.464572
   2060000      7.694025      3.542034
   2080000      7.691565      3.597497
   2100000      7.632418      3.662107
   2120000      7.731018      3.763733
   2140000      7.663708      3.830719
   2160000      7.682436      3.900084
   2180000      7.542175      3.948271
   2200000      7.521285      4.020372
   2220000      7.551856      4.100752
   2240000      7.467271      4.135952
   2260000      7.524187      4.239492
   2280000      7.486016      4.294465
   2300000      7.545668      4.371682
   2320000      7.480235      4.446611
   2340000      7.428074      4.504652
   2360000      7.330360      4.520636
   2380000      7.294394      4.587307
   2400000      7.289053      4.652732
   2420000      7.165951      4.646709
   2440000      7.161107      4.757707
   2460000      7.162351      4.859355
   2480000      7.314252      4.962506
   2500000      7.396410      4.995801
   2520000      7.219815      5.101888
   2540000      7.153713      5.153190
   2560000      7.081523      5.199134
   2580000      7.066735      5.274487
   2600000      7.103490      5.344481
   2620000      6.983567      5.390292
   2640000      6.992173      5.463147
   2660000      6.983653      5.534034
   2680000      6.992679      5.617511
   2700000      7.038682      5.714053
   2720000      7.026529      5.783264
   2740000      7.005360      5.843301
   2760000      6.961749      5.895252
   2780000      6.893969      5.928213
   2800000      6.820225      5.976603
   2820000      6.857269      6.069105
   2840000      6.805580      6.126682
   2860000      6.769366      6.178294
   2880000      6.737300      6.232331
   2900000      6.696253      6.280616
   2920000      6.669156      6.338180
   2940000      6.655883      6.417463
   2960000      6.502414      6.406764
   2980000      6.453223      6.457816
   3000000      6.447473      6.516295
   3020000      6.418149      6.577277
   3040000      6.262516      6.531422
   3060000      6.203336      6.546801
   3080000      6.111522      6.540991
   3100000      6.086342      6.671106
   3120000      6.120469      6.813230
   3140000      6.114713      6.901576
   3160000      6.045073      6.915639
   3180000      6.015493      6.958105
   3200000      5.931313      7.008462
   3220000      5.892269      7.080025
   3240000      5.904065      7.172837
   3260000      5.815592      7.191070
   3280000      5.845967      7.295022
   3300000      5.755080      7.307032
   3320000      5.708065      7.363268
   3340000      5.602139      7.346541
   3360000      5.536192      7.351623
   3380000      5.491013      7.431675
   3400000      5.570919      7.587085
   3420000      5.531863      7.640898
   3440000      5.552442      7.712758
   3460000      5.450086      7.738268
   3480000      5.360621      7.791759
   3500000      5.373880      7.851643
   3520000      5.285103      7.895346
   3540000      5.269304      7.956747
   3560000      5.309922      8.054093
   3580000      5.248989      8.110310
   3600000      5.224873      8.190217
   3620000      5.152081      8.231884
   3640000      5.079134      8.257998
   3660000      5.085118      8.352054
   3680000      5.094725      8.447678
   3700000      5.093259      8.508674
   3720000      5.042272      8.573313
   3740000      5.075900      8.658706
   3760000      5.082378      8.712971
   3780000      5.002686      8.762498
   3800000      4.927713      8.815340
   3820000      4.916081      8.892781
   3840000      4.924951      8.959816
   3860000      4.809619      8.997748
   3880000      4.851388      9.082688
   3900000      4.759896      9.144731
   3920000      4.718069      9.205727
   3940000      4.753153      9.282202
   3960000      4.717852      9.333866
   3980000      4.734519      9.405419
   4000000      4.773444      9.466898
   4020000      4.647816      9.509525
   4040000      4.673383      9.577212
   4060000      4.680427      9.644139
   4080000      4.651218      9.709567
   4100000      4.613569      9.785330
   4120000      4.514112      9.832588
   4140000      4.431038      9.864519
   4160000      4.332117      9.868226
   4180000      4.247972      9.893874
   4200000      4.256758     10.004703
   4220000      4.227427     10.076499
   4240000      4.198879     10.146390
   4260000      4.193578     10.219839
   4280000      4.141561     10.266530
   4300000      4.067905     10.301970
   4320000      4.057484     10.353893
   4340000      3.812041     10.173094
   4360000      3.708609     10.153769
   4380000      3.663260     10.200338
   4400000      3.591161     10.228310
   4420000      3.535591     10.258265
   4440000      3.479090     10.260330
   4460000      3.423190     10.363667
   4480000      3.388965     10.482650
   4500000      3.329924     10.505969
   4520000      3.254354     10.540815
   4540000      3.204868     10.579416
   4560000      3.140021     10.639377
   4580000      3.048648     10.584495
   4600000      2.967654     10.584484
   4620000      2.929224     10.638950
   4640000      2.879893     10.673978
   4660000      2.832390     10.698654
   4680000      2.752168     10.677713
   4700000      2.700168     10.721266
   4720000      2.655119     10.733455
   4740000      2.577552     10.795234
   4760000      2.524876     10.859516
   4780000      2.477242     10.913082
   4800000      2.400809     10.883394
   4820000      2.362980     10.988355
   4840000      2.334501     11.062502
   4860000      2.326572     11.137251
   4880000      2.216821     11.127062
   4900000      2.154954     11.171903
   4920000      2.117105     11.198279
   4940000      2.056119     11.229304
   4960000      2.073505     11.354537
   4980000      2.080152     11.418698
   5000000      1.908850     11.392282
   5020000      1.860104     11.434603
   5040000      1.980071     11.568260
   5060000      1.955264     11.619852
   5080000      1.876516     11.635084
   5100000      1.868217     11.691475
   5120000      2.011759     11.815257
   5140000      2.132977     11.859318
   5160000      2.110052     11.944075
   5180000      2.060528     12.036607
   5200000      2.108127     12.092124
   5220000      2.194661     12.126602
   5240000      2.233519     12.152774
   5260000      2.260625     12.210362
   5280000      2.353489     12.215008
   5300000      2.225114     12.389074
   5320000      2.236998     12.454738
   5340000      2.239877     12.523961
   5360000      2.283704     12.569165
   5380000      2.248665     12.684262
   5400000      2.297085     12.747485
   5420000      2.327993     12.806729
   5440000      2.314175     12.882421
   5460000      2.272420     12.952742
   5480000      2.341778     13.004026
   5500000      2.345210     13.078716
   5520000      2.404019     13.108295
   5540000      2.429981     13.169616
   5560000      2.470919     13.211190
   5580000      2.441855     13.304877
   5600000      2.587098     13.273267
   5620000      2.581580     13.345717
   5640000      2.755832     13.192927
   5660000      2.804776     13.221088
   5680000      2.823320     13.362259
   5700000      2.886899     13.379240
   5720000      2.952873     13.396890
   5740000      3.037845     13.395879
   5760000      3.122353     13.391598
   5780000      3.189590     13.399443
   5800000      3.244778     13.460248
   5820000      3.328701     13.415387
   5840000      3.412522     13.365183
   5860000      3.472805     13.293941
   5880000      3.510796     13.234561
   5900000      3.547426     13.182193
   5920000      3.654201     13.261231
   5940000      3.707021     13.177743
   5960000      3.780730     13.284172
   5980000      3.832102     13.250908
   6000000      3.883611     13.082467
