         0      4.000000      0.000000
     20000      4.019661     -0.018827
     40000      4.034959     -0.037466
     60000      4.051005     -0.041856
     80000      4.064474      0.010607
    100000      4.076110      0.034076
    120000      4.098533     -0.001084
    140000      4.114726      0.004979
    160000      4.123386      0.000407
    180000      4.139862      0.011506
    200000      4.161525      0.012763
    220000      4.173108      0.031506
    240000      4.188307      0.029801
    260000      4.199421      0.055455
    280000      4.208281      0.081944
    300000      4.227744      0.073618
    320000      4.243985      0.083688
    340000      4.269827      0.069726
    360000      4.288869      0.073142
    380000      4.302598      0.083063
    400000      4.316537      0.074928
    420000      4.337240      0.077138
    440000      4.369457      0.037485
    460000      4.388530      0.040074
    480000      4.402807      0.031341
    500000      4.417554      0.037815
    520000      4.427923      0.028236
    540000      4.440845      0.005448
    560000      4.466755     -0.016406
    580000      4.482106     -0.044218
    600000      4.503315     -0.033939
    620000      4.528876     -0.008736
    640000      4.545166     -0.008672
    660000      4.556994     -0.001142
    680000      4.577332     -0.014630
    700000      4.581511      0.014938
    720000      4.594081      0.008838
    740000      4.620686     -0.001860
    760000      4.639616     -0.029466
    780000      4.651769     -0.028639
    800000      4.665448     -0.033745
    820000      4.678987     -0.038346
    840000      4.695991     -0.041298
    860000      4.714814     -0.045699
    880000      4.734995     -0.041189
    900000      4.749581     -0.014402
    920000      4.769615      0.010174
    940000      4.791564     -0.010282
    960000      4.807786     -0.009031
    980000      4.823401     -0.004545
   1000000      4.840504     -0.018388
   1020000      4.860023     -0.074871
   1040000      4.868270     -0.113259
   1060000      4.880569     -0.116447
   1080000      4.910527     -0.097067
   1100000      4.925484     -0.087741
   1120000      4.945531     -0.090530
   1140000      4.965932     -0.081702
   1160000      4.980233     -0.075344
   1180000      5.003489     -0.054356
   1200000      5.022093     -0.047933
   1220000      5.034962     -0.035618
   1240000      5.057918     -0.038055
   1260000      5.070110     -0.051313
   1280000      5.081813      0.030383
   1300000      5.105386      0.026982
   1320000      5.123371     -0.052367
   1340000      5.139918     -0.001704
   1360000      5.145377      0.034434
   1380000      5.157278      0.058747
   1400000      5.162814      0.070458
   1420000      5.189148      0.071830
   1440000      5.207560      0.066039
   1460000      5.223770      0.081946
   1480000      5.243953      0.063339
   1500000      5.252181      0.077806
   1520000      5.269078      0.073386
   1540000      5.284020      0.072687
   1560000      5.298639      0.073258
   1580000      5.307515      0.056213
   1600000      5.332083      0.079223
   1620000      5.360198      0.090304
   1640000      5.366977      0.106039
   1660000      5.369952      0.126574
   1680000      5.379025      0.133150
   1700000      5.380639      0.147123
   1720000      5.383369      0.171753
   1740000      5.408483      0.168370
   1760000      5.418817      0.177216
   1780000      5.433734      0.184980
   1800000      5.471606      0.167185
   1820000      5.474383      0.193173
   1840000      5.491070      0.198824
   1860000      5.489543      0.222893
   1880000      5.511118      0.230650
   1900000      5.518861      0.245615
   1920000      5.539718      0.245196
   1940000      5.533528      0.282342
   1960000      5.518586      0.317882
   1980000      5.547625      0.319512
   2000000      5.556524      0.330603
   2020000      5.508998      0.385918
   2040000      5.536615      0.395204
   2060000      5.511615      0.430349
   2080000      5.507382      0.448985
   2100000      5.515957      0.463570
   2120000      5.527240      0.476701
   2140000      5.527536      0.492096
   2160000      5.522935      0.512032
   2180000      5.538661      0.517729
   2200000      5.574922      0.504460
   2220000      5.555092      0.531976
   2240000      5.567016      0.541725
   2260000      5.579412      0.556884
   2280000      5.564980      0.589601
   2300000      5.579380      0.595747
   2320000      5.582196      0.619343
   2340000      5.609701      0.623020
   2360000      5.572937      0.657178
   2380000      5.593248      0.666445
   2400000      5.619804      0.673314
   2420000      5.630940      0.697028
   2440000      5.644505      0.711100
   2460000      5.647409      0.728809
   2480000      5.666339      0.746587
   2500000      5.672098      0.756449
   2520000      5.666275      0.784508
   2540000      5.668869      0.797700
   2560000      5.681173      0.811083
   2580000      5.696826      0.825818
   2600000      5.700706      0.831935
   2620000      5.700810      0.847700
   2640000      5.686755      0.873026
   2660000      5.698643      0.887791
   2680000      5.706657      0.908494
   2700000      5.675973      0.928534
   2720000      5.666141      0.943117
   2740000      5.667761      0.962961
   2760000      5.666042      0.980780
   2780000      5.688750      0.999378
   2800000      5.721324      1.010224
   2820000      5.719581      1.027109
   2840000      5.724744      1.038346
   2860000      5.722616      1.048406
   2880000      5.752595      1.045642
   2900000      5.776748      1.043239
   2920000      5.786957      1.059075
   2940000      5.819726      1.048954
   2960000      5.839666      1.052403
   2980000      5.852140      1.075664
   3000000      5.860977      1.084202
   3020000      5.865086      1.090429
   3040000      5.891501      1.099056
   3060000      5.901510      1.110811
   3080000      5.899844      1.151483
   3100000      5.880684      1.196374
   3120000      5.888330      1.200869
   3140000      5.915878      1.197516
   3160000      5.913369      1.225052
   3180000      5.919132      1.244600
   3200000      5.937840      1.251978
   3220000      5.928420      1.277804
   3240000      5.942080      1.296192
   3260000      5.956958      1.309392
   3280000      5.968417      1.322864
   3300000      5.981302      1.331241
   3320000      5.955610      1.360446
   3340000      5.991707      1.354944
   3360000      5.998965      1.369565
   3380000      6.011522      1.380878
   3400000      6.019915      1.395777
   3420000      6.028137      1.415033
   3440000      6.018872      1.437589
   3460000      6.037013      1.441310
   3480000      6.044203      1.450095
   3500000      6.055265      1.467006
   3520000      6.057766      1.481623
   3540000      6.055892      1.511921
   3560000      6.060824      1.521139
   3580000      6.053100      1.537180
   3600000      6.073211      1.546320
   3620000      6.100403      1.551766
   3640000      6.083614      1.577751
   3660000      6.106754      1.590702
   3680000      6.142372      1.590500
   3700000      6.167840      1.593075
   3720000      6.205921      1.595153
   3740000      6.209999      1.614844
   3760000      6.214230      1.635175
   3780000      6.230366      1.632330
   3800000      6.283553      1.615228
   3820000      6.302066      1.613980
   3840000      6.319463      1.622319
   3860000      6.341954      1.612954
   3880000      6.363262      1.600616
   3900000      6.371271      1.623732
   3920000      6.398814      1.616619
   3940000      6.414612      1.604031
   3960000      6.440952      1.590778
   3980000      6.447110      1.657835
   4000000      6.460043      1.651413
   4020000      6.471588      1.676678
   4040000      6.482837      1.698971
   4060000      6.480238      1.727679
   4080000      6.489716      1.737926
   4100000      6.520123      1.729700
   4120000      6.530956      1.755102
   4140000      6.546002      1.754932
   4160000      6.558607      1.761059
   4180000      6.585485      1.746881
   4200000      6.612430      1.737800
   4220000      6.570491      1.848951
   4240000      6.576808      1.858433
   4260000      6.586989      1.862837
   4280000      6.597329      1.882200
   4300000      6.617270      1.877158
   4320000      6.625480      1.897874
   4340000      6.654739      1.893899
   4360000      6.676730      1.893163
   4380000      6.691185      1.903645
   4400000      6.716339      1.899051
   4420000      6.743507      1.895371
   4440000      6.750876      1.929867
   4460000      6.762674      1.944373
   4480000      6.774903      1.957893
   4500000      6.792015      1.954892
   4520000      6.825013      1.946419
   4540000      6.849043      1.939945
   4560000      6.865842      1.947426
   4580000      6.881238      1.954449
   4600000      6.891003      1.960739
   4620000      6.911936      1.953625
   4640000      6.929188      1.963985
   4660000      6.938025      1.980233
   4680000      6.960036      1.960389
   4700000      6.964427      2.011275
   4720000      6.967393      2.065752
   4740000      6.980556      2.076416
   4760000      6.997371      2.073744
   4780000      7.028027      2.046831
   4800000      7.042474      2.051757
   4820000      7.041309      2.094942
   4840000      7.054502      2.100611
   4860000      7.060193      2.123984
   4880000      7.078765      2.111301
   4900000      7.090130      2.124546
   4920000      7.104059      2.139315
   4940000      7.118442      2.135843
   4960000      7.129552      2.142610
   4980000      7.143325      2.134166
   5000000      7.163891      2.112656
   5020000      7.172826      2.119848
   5040000      7.194240      2.115216
   5060000      7.209465      2.122960
   5080000      7.233696      2.112661
   5100000      7.248603      2.091332
   5120000      7.263917      2.071622
   5140000      7.281270      2.054191
   5160000      7.289168      2.032569
   5180000      7.308604      2.040965
   5200000      7.326724      2.035021
   5220000      7.351720      2.048773
   5240000      7.359334      1.996797
   5260000      7.389565      2.015381
   5280000      7.398076      2.000201
   5300000      7.398422      1.970466
   5320000      7.405147      1.942597
   5340000      7.410774      1.926022
   5360000      7.417235      1.912629
   5380000      7.428253      1.903177
   5400000      7.418033      1.879342
   5420000      7.431298      1.872942
   5440000      7.442586      1.845450
   5460000      7.459027      1.831985
   5480000      7.466228      1.820331
   5500000      7.472050      1.801886
   5520000      7.475921      1.779665
   5540000      7.500103      1.780308
   5560000      7.504279      1.769652
   5580000      7.508717      1.743054
   5600000      7.495981      1.720278
   5620000      7.491274      1.698854
   5640000      7.507870      1.698700
   5660000      7.539619      1.681941
   5680000      7.534374      1.658762
   5700000      7.540315      1.648244
   5720000      7.561043      1.641660
   5740000      7.563780      1.621437
   5760000      7.557984      1.595476
   5780000      7.568050      1.583120
   5800000      7.539080      1.562617
   5820000      7.532254      1.549080
   5840000      7.546990      1.525143
   5860000      7.503322      1.501548
   5880000      7.526303      1.487359
   5900000      7.537254      1.474210
   5920000      7.571956      1.461591
   5940000      7.564196      1.441664
   5960000      7.588565      1.431670
   5980000      7.590801      1.413984
   6000000      7.598882      1.400009
   6020000      7.633891      1.398254
   6040000      7.684734      1.404955
   6060000      7.681742      1.386982
   6080000      7.682788      1.351803
   6100000      7.664134      1.328055
   6120000      7.666183      1.302170
   6140000      7.690743      1.297308
   6160000      7.716052      1.287874
   6180000      7.734157      1.292903
   6200000      7.748812      1.278628
   6220000      7.739721      1.259375
   6240000      7.755165      1.249940
   6260000      7.764665      1.232177
   6280000      7.750607      1.214084
   6300000      7.892669      1.277665
   6320000      7.902233      1.264884
   6340000      7.913823      1.250536
   6360000      7.922358      1.243076
   6380000      7.912409      1.205321
   6400000      7.931163      1.191432
   6420000      7.932103      1.168314
   6440000      7.930267      1.147783
   6460000      7.939729      1.140578
   6480000      7.951607      1.136509
   6500000      7.968249      1.126092
   6520000      7.985456      1.123282
   6540000      7.994060      1.109698
   6560000      8.000262      1.100181
   6580000      8.041444      1.111782
   6600000      8.045097      1.092132
   6620000      8.065100      1.093193
   6640000      8.072301      1.084344
   6660000      8.078053      1.068155
   6680000      8.094735      1.056788
   6700000      8.100852      1.042793
   6720000      8.088159      1.001109
   6740000      8.136145      1.020303
   6760000      8.171776      1.064588
   6780000      8.190669      1.068935
   6800000      8.204811      1.065303
   6820000      8.213297      1.060407
   6840000      8.187470      0.977194
   6860000      8.215434      0.959185
   6880000      8.228363      0.944463
   6900000      8.235189      0.933814
   6920000      8.252730      0.937933
   6940000      8.269516      0.949503
   6960000      8.284976      0.931131
   6980000      8.301555      0.900909
   7000000      8.328431      0.891964
   7020000      8.336756      0.870577
   7040000      8.355608      0.868176
   7060000      8.381043      0.875254
   7080000      8.400704      0.906424
   7100000      8.423406      0.901713
   7120000      8.424117      0.865491
   7140000      8.440160      0.872805
   7160000      8.460661      0.876333
   7180000      8.464529      0.854682
   7200000      8.479900      0.848981
   7220000      8.491792      0.821984
   7240000      8.504665      0.826322
   7260000      8.531186      0.850488
   7280000      8.554731      0.864749
   7300000      8.568118      0.883456
   7320000      8.579820      0.886076
   7340000      8.601050      0.875368
   7360000      8.613751      0.860347
   7380000      8.635305      0.872859
   7400000      8.646798      0.858984
   7420000      8.672681      0.868539
   7440000      8.685305      0.872721
   7460000      8.700405      0.862514
   7480000      8.709785      0.860691
   7500000      8.728603      0.776039
   7520000      8.748984      0.770430
   7540000      8.771327      0.782225
   7560000      8.782172      0.752819
   7580000      8.794112      0.745347
   7600000      8.809072      0.741664
   7620000      8.819531      0.736386
   7640000      8.824257      0.722328
   7660000      8.839602      0.711121
   7680000      8.833684      0.684034
   7700000      8.833822      0.662454
   7720000      8.824578      0.637261
   7740000      8.882286      0.672859
   7760000      8.911780      0.694377
   7780000      8.922262      0.673783
   7800000      8.945494      0.675537
   7820000      8.948088      0.663767
   7840000      8.973824      0.671135
   7860000      8.976083      0.652081
   7880000      8.976203      0.630221
   7900000      8.981307      0.614254
   7920000      9.024044      0.597730
   7940000      9.047507      0.607573
   7960000      9.061862      0.593105
   7980000      9.082651      0.589350
   8000000      9.105048      0.589480
   8020000      9.123644      0.587942
   8040000      9.158077      0.632159
   8060000      9.173211      0.629566
   8080000      9.191163      0.646058
   8100000      9.205763      0.658149
   8120000      9.217456      0.668824
   8140000      9.232856      0.690452
   8160000      9.238701      0.741499
   8180000      9.264364      0.714370
   8200000      9.286900      0.704786
   8220000      9.291101      0.715831
   8240000      9.305385      0.738725
   8260000      9.313309      0.756389
   8280000      9.337613      0.747530
   8300000      9.350594      0.757715
   8320000      9.355393      0.773264
   8340000      9.372229      0.777963
   8360000      9.379693      0.796004
   8380000      9.391884      0.804434
   8400000      9.404656      0.816329
   8420000      9.447529      0.742392
   8440000      9.469194      0.749929
   8460000      9.484979      0.750031
   8480000      9.499202      0.746258
   8500000      9.512657      0.729963
   8520000      9.527873      0.770573
   8540000      9.541068      0.773266
   8560000      9.551824      0.765906
   8580000      9.572275      0.769036
   8600000      9.585935      0.781602
   8620000      9.600547      0.767011
   8640000      9.612225      0.757371
   8660000      9.618612      0.714863
   8680000      9.635523      0.727590
   8700000      9.637557      0.709057
   8720000      9.656633      0.714415
   8740000      9.660235      0.678908
   8760000      9.656442      0.653708
   8780000      9.666530      0.647069
   8800000      9.720421      0.690922
   8820000      9.750843      0.723206
   8840000      9.764737      0.716530
   8860000      9.792887      0.748258
   8880000      9.808385      0.796595
   8900000      9.826010      0.809546
   8920000      9.834397      0.830442
   8940000      9.841276      0.860612
   8960000      9.851163      0.886910
   8980000      9.861900      0.912336
   9000000      9.860577      0.947541
   9020000      9.915761      0.794453
   9040000      9.934587      0.790284
   9060000      9.947662      0.787802
   9080000      9.967132      0.781059
   9100000      9.970992      0.763380
   9120000      9.984826      0.764102
   9140000     10.015250      0.780133
   9160000     10.032448      0.774021
   9180000     10.050193      0.780276
   9200000     10.071781      0.835719
   9220000     10.085666      0.856928
   9240000     10.098304      0.862891
   9260000     10.112718      0.873501
   9280000     10.132282      0.906287
   9300000     10.144899      0.900021
   9320000     10.152861      0.914811
   9340000     10.178953      0.911235
   9360000     10.192106      0.930066
   9380000     10.202878      0.935927
   9400000     10.224625      0.936505
   9420000     10.242309      0.925382
   9440000     10.256050      0.917983
   9460000     10.261779      0.957838
   9480000     10.289387      0.958811
   9500000     10.292931      0.968310
   9520000     10.312195      0.959847
   9540000     10.334402      0.896070
   9560000     10.353304      0.887692
   9580000     10.361427      0.889519
   9600000     10.374837      0.880101
   9620000     10.382143      0.872065
   9640000     10.416040      0.887811
   9660000     10.431295      0.875181
   9680000     10.445361      0.844642
   9700000     10.445082      0.817167
   9720000     10.465727      0.826476
   9740000     10.479505      0.791869
   9760000     10.540842      0.833291
   9780000     10.569426      0.840866
   9800000     10.575065      0.800708
   9820000     10.593256      0.812303
   9840000     10.608157      0.803467
   9860000     10.637011      0.826626
   9880000     10.662657      0.897111
   9900000     10.681464      0.885670
   9920000     10.697708      0.874578
   9940000     10.708535      0.956069
   9960000     10.723765      0.970174
   9980000     10.740083      0.971809
  10000000     10.746123      0.993867
