         0      4.000000      0.000000
     20000      4.061877     -0.069650
     40000      4.133082     -0.049938
     60000      4.194373     -0.045799
     80000      4.265405     -0.076026
    100000      4.347117     -0.035121
    120000      4.410021      0.031021
    140000      4.470156      0.084949
    160000      4.525346      0.141585
    180000      4.607834      0.071882
    200000      4.677221      0.100585
    220000      4.754969      0.124186
    240000      4.844937      0.061794
    260000      4.914382      0.018021
    280000      4.978703      0.004039
    300000      5.063007      0.045466
    320000      5.142009      0.058161
    340000      5.217396      0.050859
    360000      5.278641      0.027656
    380000      5.344959      0.090015
    400000      5.406281     -0.015883
    420000      5.494651     -0.026969
    440000      5.560531     -0.085779
    460000      5.604280     -0.127478
    480000      5.714035      0.074639
    500000      5.767095      0.081880
    520000      5.851685      0.071423
    540000      5.928771      0.060395
    560000      5.999411      0.039942
    580000      6.073805      0.003848
    600000      6.135232     -0.017261
    620000      6.193121     -0.121772
    640000      6.248434     -0.166012
    660000      6.307864     -0.218698
    680000      6.375326     -0.244210
    700000      6.425646     -0.306830
    720000      6.486028     -0.337159
    740000      6.511503     -0.405777
    760000      6.618116     -0.370637
    780000      6.692616     -0.352675
    800000      6.751703     -0.389975
    820000      6.830286     -0.279697
    840000      6.870798     -0.229230
    860000      6.955283     -0.379372
    880000      7.013184     -0.445276
    900000      7.079265     -0.399124
    920000      7.134844     -0.411727
    940000      7.194184     -0.436580
    960000      7.276523     -0.504023
    980000      7.327168     -0.555008
   1000000      7.373776     -0.649114
   1020000      7.448006     -0.658250
   1040000      7.543872     -0.508333
   1060000      7.611644     -0.497550
   1080000      7.686765     -0.493400
   1100000      7.731161     -0.639374
   1120000      7.783072     -0.707958
   1140000      7.895066     -0.576147
   1160000      7.957394     -0.556314
   1180000      8.017625     -0.601668
   1200000      8.076491     -0.675217
   1220000      8.135804     -0.695821
   1240000      8.197386     -0.683890
   1260000      8.280970     -0.590547
   1280000      8.353230     -0.621272
   1300000      8.417587     -0.622678
   1320000      8.471820     -0.731806
   1340000      8.552059     -0.732222
   1360000      8.631940     -0.729553
   1380000      8.673286     -0.816537
   1400000      8.734650     -0.857110
   1420000      8.830396     -0.799033
   1440000      8.901521     -0.777591
   1460000      8.967282     -0.772404
   1480000      9.036836     -0.847804
   1500000      9.106771     -0.810429
   1520000      9.177705     -0.746789
   1540000      9.198690     -0.600228
   1560000      9.251244     -0.554570
   1580000      9.353746     -0.603193
   1600000      9.413699     -0.599659
   1620000      9.520159     -0.805285
   1640000      9.586709     -0.852345
   1660000      9.643862     -0.918562
   1680000      9.725187     -0.912464
   1700000      9.793471     -0.934514
   1720000      9.870541     -0.946324
   1740000      9.940652     -0.949086
   1760000      9.871334     -1.158991
   1780000     10.070557     -1.018239
   1800000     10.137229     -1.042034
   1820000     10.200954     -1.098853
   1840000     10.240541     -1.155538
   1860000     10.335415     -1.029276
   1880000     10.402836     -1.012346
   1900000     10.464310     -0.971688
   1920000     10.552120     -0.988779
   1940000     10.595459     -0.891968
   1960000     10.679736     -0.925404
   1980000     10.717637     -0.803700
   2000000     10.744128     -0.720834
   2020000     10.737905     -0.646607
   2040000     10.855096     -0.658222
   2060000     10.889206     -0.580083
   2080000     10.874504     -0.497213
   2100000     10.886926     -0.427156
   2120000     10.900673     -0.345697
   2140000     11.072167     -0.341518
   2160000     11.060178     -0.249236
   2180000     11.087695     -0.193082
   2200000     11.249851     -0.205863
   2220000     11.318429     -0.187637
   2240000     11.370762     -0.161807
   2260000     11.457617     -0.181593
   2280000     11.511241     -0.170047
   2300000     11.557492     -0.215024
   2320000     11.589013     -0.247574
   2340000     11.661994     -0.256541
   2360000     11.744374     -0.036023
   2380000     11.811934     -0.019934
   2400000     11.865267      0.012796
   2420000     11.926155      0.033152
   2440000     12.003936      0.042227
   2460000     12.086219      0.016862
   2480000     12.134736      0.055486
   2500000     12.204045      0.120952
   2520000     12.175379      0.250278
   2540000     12.320010      0.170269
   2560000     12.372686      0.248502
   2580000     12.414256      0.277667
   2600000     12.436941      0.349874
   2620000     12.500661      0.375594
   2640000     12.549110      0.409930
   2660000     12.562249      0.513687
   2680000     12.633447      0.548552
   2700000     12.672049      0.593447
   2720000     12.817117      0.493990
   2740000     12.884726      0.526466
   2760000     12.950591      0.507403
   2780000     13.016286      0.508270
   2800000     13.089846      0.525381
   2820000     13.175932      0.509572
   2840000     13.181073      0.661331
   2860000     13.205876      0.701307
   2880000     13.197865      0.771912
   2900000     13.249556      0.824307
   2920000     13.253854      0.893967
   2940000     13.170582      0.995460
   2960000     13.204683      1.038040
   2980000     13.177380      1.084410
   3000000     13.353231      1.134467
   3020000     13.409843      1.181989
   3040000     13.377386      1.273228
   3060000     13.400458      1.331131
   3080000     13.442110      1.376801
   3100000     13.534654      1.383136
   3120000     13.535793      1.480517
   3140000     13.582556      1.544682
   3160000     13.632010      1.595860
   3180000     13.671079      1.652074
   3200000     13.849581      1.582322
   3220000     13.912970      1.646500
   3240000     13.896175      1.770492
   3260000     13.880869      1.864922
   3280000     13.927697      1.916375
   3300000     13.894800      2.008593
   3320000     14.120596      1.964615
   3340000     14.142207      2.022307
   3360000     14.138230      2.101439
   3380000     14.129558      2.172219
   3400000     14.095306      2.234442
   3420000     14.205499      2.285263
   3440000     14.224771      2.356805
   3460000     14.308515      2.385497
   3480000     14.280913      2.482380
   3500000     14.240363      2.553334
   3520000     14.261430      2.618661
   3540000     14.206268      2.689203
   3560000     14.243169      2.759794
   3580000     14.178414      2.816843
   3600000     14.135099      2.874355
   3620000     14.053638      2.915553
   3640000     14.050729      2.989233
   3660000     13.970121      3.027386
   3680000     13.865303      3.042993
   3700000     13.857092      3.123874
   3720000     13.814590      3.166332
   3740000     13.896219      3.332826
   3760000     13.873332      3.399013
   3780000     13.862380      3.473977
   3800000     13.949878      3.525140
   3820000     13.889974      3.632386
   3840000     13.921623      3.677328
   3860000     13.880266      3.732125
   3880000     13.735229      3.728170
   3900000     13.727713      3.860087
   3920000     13.766856      3.924036
   3940000     13.815630      3.978484
   3960000     13.819723      4.056071
   3980000     13.827997      4.121886
   4000000     13.838939      4.212465
   4020000     13.760535      4.293486
   4040000     13.758662      4.368385
   4060000     13.760151      4.444240
   4080000     13.781526      4.519473
   4100000     13.797401      4.598204
   4120000     13.808077      4.675512
   4140000     13.791829      4.728977
   4160000     13.809747      4.817075
   4180000     13.802778      4.880749
   4200000     13.786716      4.937868
   4220000     13.784833      5.005418
   4240000     13.723413      5.050072
   4260000     13.727704      5.124228
   4280000     13.734908      5.198914
   4300000     13.688603      5.265396
   4320000     13.658371      5.326450
   4340000     13.652928      5.389873
   4360000     13.632300      5.457954
   4380000     13.671100      5.515033
   4400000     13.576453      5.579376
   4420000     13.413709      5.598465
   4440000     13.313466      5.577412
   4460000     13.346930      5.735538
   4480000     13.348751      5.813846
   4500000     13.323945      5.866848
   4520000     13.283697      5.929707
   4540000     13.280160      6.002510
   4560000     13.214697      6.059699
   4580000     13.221021      6.125757
   4600000     13.208328      6.187504
   4620000     13.130673      6.215162
   4640000     13.184583      6.315885
   4660000     12.992135      6.307233
   4680000     12.958165      6.342773
   4700000     12.859089      6.325642
   4720000     12.808105      6.384788
   4740000     12.754041      6.412028
   4760000     12.702403      6.474777
   4780000     12.611388      6.472325
   4800000     12.593567      6.551304
   4820000     12.590588      6.648089
   4840000     12.532020      6.684881
   4860000     12.337124      6.656354
   4880000     12.254468      6.669296
   4900000     12.166900      6.651984
   4920000     12.104163      6.615230
   4940000     12.036813      6.585074
   4960000     11.983116      6.682380
   4980000     12.007395      6.910090
   5000000     11.918530      6.912511
   5020000     11.894874      6.997287
   5040000     11.827244      7.012230
   5060000     11.745057      7.027404
   5080000     11.682818      7.042736
   5100000     11.648886      7.116056
   5120000     11.602535      7.149412
   5140000     11.646820      7.295020
   5160000     11.572576      7.326815
   5180000     11.533259      7.390162
   5200000     11.527432      7.449639
   5220000     11.467942      7.509787
   5240000     11.496750      7.611156
   5260000     11.497046      7.688812
   5280000     11.505564      7.764472
   5300000     11.515608      7.844790
   5320000     11.441737      7.878959
   5340000     11.407163      7.902673
   5360000     11.424124      7.997168
   5380000     11.393595      8.042448
   5400000     11.438135      8.146358
   5420000     11.409100      8.210143
   5440000     11.458003      8.257323
   5460000     11.459467      8.349097
   5480000     11.332520      8.413435
   5500000     11.392198      8.497453
   5520000     11.406822      8.565834
   5540000     11.323409      8.624009
   5560000     11.331047      8.701261
   5580000     11.352513      8.757313
   5600000     11.248746      8.821447
   5620000     11.155326      8.849694
   5640000     11.213686      8.963166
   5660000     11.245457      9.045585
   5680000     11.186210      9.105117
   5700000     11.274363      9.157868
   5720000     11.283049      9.214179
   5740000     11.256002      9.293531
   5760000     11.411070      9.321172
   5780000     11.429517      9.384147
   5800000     11.327622      9.500903
   5820000     11.276744      9.586995
   5840000     11.253955      9.660532
   5860000     11.207612      9.698124
   5880000     11.251966      9.780535
   5900000     11.414950      9.805941
   5920000     11.443311      9.842672
   5940000     11.407907      9.948300
   5960000     11.424099     10.012782
   5980000     11.451943     10.091647
   6000000     11.516570     10.150133
