         0      4.000000      0.000000
     20000      4.001226     -0.003982
     40000      4.002625      0.009066
     60000      4.006604     -0.000528
     80000      4.005642      0.007664
    100000      4.007113     -0.001403
    120000      4.003170      0.014551
    140000      4.006405      0.013106
    160000      4.005956      0.009158
    180000      4.005982      0.015110
    200000      4.006441     -0.003505
    220000      4.006245      0.013021
    240000      4.005280      0.015424
    260000      4.007861     -0.003503
    280000      4.008157     -0.007109
    300000      4.006421      0.004008
    320000      4.005741      0.007431
    340000      4.003974      0.012555
    360000      4.008427      0.014102
    380000      4.005569      0.009271
    400000      4.005140      0.004763
    420000      4.006111     -0.012436
    440000      4.008698      0.000002
    460000      4.006330     -0.016652
    480000      4.009416     -0.015261
    500000      4.008214     -0.008662
    520000      4.005728      0.001796
    540000      4.009188      0.004396
    560000      4.006058      0.002087
    580000      4.005851      0.010765
    600000      4.006315      0.007769
    620000      4.005781     -0.002488
    640000      4.007903     -0.004439
    660000      4.007621      0.016215
    680000      4.009438      0.011250
    700000      4.009116      0.006817
    720000      4.009264      0.013052
    740000      4.007471     -0.005405
    760000      4.006373     -0.016957
    780000      4.007548      0.000956
    800000      4.009973     -0.003371
    820000      4.007990      0.009408
    840000      4.002876      0.014009
    860000      4.010034      0.001076
    880000      4.006936     -0.012227
    900000      4.008244     -0.013609
    920000      4.003714     -0.015235
    940000      4.008534      0.010625
    960000      4.006647      0.010163
    980000      4.006316      0.016050
   1000000      4.005719      0.009737
   1020000      4.006745      0.018661
   1040000      4.003891     -0.012351
   1060000      4.007167     -0.016489
   1080000      4.007292     -0.003520
   1100000      4.009095     -0.019633
   1120000      4.004630     -0.018194
   1140000      4.005570     -0.009311
   1160000      4.009956     -0.000260
   1180000      4.009372     -0.017441
   1200000      4.009257     -0.018473
   1220000      4.009463     -0.020972
   1240000      4.009434     -0.020070
   1260000      4.008164     -0.017813
   1280000      4.008502     -0.021031
   1300000      4.007844     -0.023654
   1320000      4.005520      0.004994
   1340000      4.009679     -0.003176
   1360000      4.011446     -0.010052
   1380000      4.011952     -0.018527
   1400000      4.009336     -0.011763
   1420000      4.008873     -0.018822
   1440000      4.010126     -0.002084
   1460000      4.008584      0.009120
   1480000      4.007291      0.003079
   1500000      4.007280      0.006591
   1520000      4.010540      0.011050
   1540000      4.009085      0.011552
   1560000      4.009097      0.007562
   1580000      4.007999      0.009167
   1600000      4.009291     -0.018122
   1620000      4.004129     -0.020438
   1640000      4.006615     -0.013089
   1660000      4.009624     -0.000990
   1680000      4.006540     -0.009551
   1700000      4.007385     -0.009456
   1720000      4.007151     -0.004401
   1740000      4.009728     -0.009030
   1760000      4.009228     -0.009329
   1780000      4.011235     -0.016925
   1800000      4.012981     -0.022478
   1820000      4.008309      0.005629
   1840000      4.006248      0.011585
   1860000      4.009329     -0.007408
   1880000      4.013157     -0.000929
   1900000      4.012934      0.012716
   1920000      4.011124      0.003529
   1940000      4.012043      0.002626
   1960000      4.009364      0.003895
   1980000      4.010276     -0.007261
   2000000      4.011345      0.000498
   2020000      4.010218      0.013172
   2040000      4.013871     -0.003460
   2060000      4.011080      0.014677
   2080000      4.010611      0.008247
   2100000      4.008694      0.007995
   2120000      4.008720     -0.011552
   2140000      4.005293     -0.015160
   2160000      4.003447     -0.015984
   2180000      4.005642     -0.018201
   2200000      4.006653      0.010158
   2220000      4.002959      0.012913
   2240000      4.002876      0.006526
   2260000      4.006501      0.000714
   2280000      4.006178     -0.002250
   2300000      4.008947      0.004434
   2320000      4.008751     -0.002332
   2340000      4.008920     -0.002597
   2360000      4.010810     -0.012251
   2380000      4.007600     -0.002563
   2400000      4.012869     -0.014926
   2420000      4.012853     -0.010729
   2440000      4.005978     -0.016031
   2460000      4.008177     -0.007806
   2480000      4.005451     -0.021095
   2500000      4.006649     -0.005554
   2520000      4.008117     -0.022486
   2540000      4.008226     -0.018236
   2560000      4.008554     -0.023090
   2580000      4.007904     -0.018239
   2600000      4.010115     -0.018021
   2620000      4.009490     -0.003328
   2640000      4.005661     -0.001600
   2660000      4.007185     -0.008334
   2680000      4.008306     -0.006645
   2700000      4.011016      0.003270
   2720000      4.009063      0.000799
   2740000      4.011147     -0.000489
   2760000      4.005157     -0.004357
   2780000      4.006990     -0.009753
   2800000      4.004871      0.009982
   2820000      4.010670      0.015374
   2840000      4.010650      0.009298
   2860000      4.006788      0.015941
   2880000      4.006290     -0.002058
   2900000      4.007031      0.006525
   2920000      4.012194      0.009155
   2940000      4.009204      0.016254
   2960000      4.009933     -0.004803
   2980000      4.010473     -0.011771
   3000000      4.010072      0.004332
   3020000      4.008538      0.010759
   3040000      4.007389      0.004883
   3060000      4.010617     -0.002280
   3080000      4.011803     -0.012048
   3100000      4.008422     -0.005989
   3120000      4.009206      0.000851
   3140000      4.005733      0.015459
   3160000      4.010062      0.002452
   3180000      4.007170      0.003536
   3200000      4.010127     -0.003812
   3220000      4.012567      0.002034
   3240000      4.011404      0.000630
   3260000      4.013389      0.002204
   3280000      4.011195      0.007404
   3300000      4.009036     -0.008083
   3320000      4.008237     -0.005193
   3340000      4.008602     -0.006857
   3360000      4.011467     -0.013618
   3380000      4.008926     -0.022598
   3400000      4.007613     -0.021838
   3420000      4.008703     -0.024321
   3440000      4.012331     -0.023118
   3460000      4.013951     -0.017111
   3480000      4.011524     -0.017748
   3500000      4.011217     -0.017341
   3520000      4.011148     -0.007475
   3540000      4.013332     -0.010147
   3560000      4.014416     -0.020116
   3580000      4.014527     -0.025880
   3600000      4.015049     -0.024890
   3620000      4.014472     -0.024663
   3640000      4.009270     -0.024473
   3660000      4.009312     -0.021115
   3680000      4.010084     -0.023048
   3700000      4.012883     -0.008825
   3720000      4.012714     -0.014168
   3740000      4.011777      0.001757
   3760000      4.012077      0.007109
   3780000      4.013579     -0.001630
   3800000      4.014229      0.001413
   3820000      4.016959     -0.008905
   3840000      4.009963     -0.020945
   3860000      4.014392     -0.017666
   3880000      4.011414     -0.012406
   3900000      4.014409     -0.010495
   3920000      4.009835     -0.016935
   3940000      4.013898     -0.006467
   3960000      4.009267      0.001609
   3980000      4.012813      0.004925
   4000000      4.009747      0.007261
   4020000      4.008890      0.010353
   4040000      4.010054      0.020892
   4060000      4.012875      0.012271
   4080000      4.011709      0.002188
   4100000      4.011765     -0.000806
   4120000      4.013323     -0.008543
   4140000      4.011881     -0.021093
   4160000      4.012960     -0.023303
   4180000      4.016134      0.001213
   4200000      4.016747      0.001588
   4220000      4.014091      0.010459
   4240000      4.010055      0.017785
   4260000      4.011762      0.017064
   4280000      4.014289      0.001704
   4300000      4.008227     -0.023596
   4320000      4.013997     -0.018563
   4340000      4.011058     -0.022512
   4360000      4.007806     -0.022456
   4380000      4.011000     -0.023042
   4400000      4.010694     -0.014460
   4420000      4.013821     -0.014016
   4440000      4.011965     -0.014643
   4460000      4.012041     -0.000755
   4480000      4.006056     -0.009921
   4500000      4.009364     -0.019320
   4520000      4.011156      0.000863
   4540000      4.006697      0.010892
   4560000      4.007605      0.018836
   4580000      4.009962      0.008900
   4600000      4.010141      0.009618
   4620000      4.008945      0.010354
   4640000      4.013009      0.009315
   4660000      4.007651      0.018782
   4680000      4.007466      0.017778
   4700000      4.004419      0.021017
   4720000      4.009726      0.016948
   4740000      4.009218      0.017257
   4760000      4.005607      0.002009
   4780000      4.008750      0.013154
   4800000      4.011896      0.005409
   4820000      4.010753     -0.001920
   4840000      4.012881      0.002534
   4860000      4.012110     -0.002186
   4880000      4.009435      0.000917
   4900000      4.007318      0.009651
   4920000      4.005959      0.000707
   4940000      4.012344      0.007837
   4960000      4.010789     -0.019846
   4980000      4.014259     -0.019764
   5000000      4.010114     -0.033359
   5020000      4.009330     -0.031293
   5040000      4.007564     -0.035051
   5060000      4.009350     -0.026992
   5080000      4.010315     -0.028980
   5100000      4.007456     -0.026667
   5120000      4.010961     -0.028605
   5140000      4.006690     -0.013733
   5160000      4.006609     -0.013090
   5180000      4.012458     -0.026769
   5200000      4.011124     -0.019953
   5220000      4.009964     -0.014298
   5240000      4.008432     -0.010050
   5260000      4.007204     -0.004671
   5280000      4.007153     -0.011475
   5300000      4.008992     -0.000994
   5320000      4.003825      0.014123
   5340000      4.006348      0.004608
   5360000      4.001308      0.010596
   5380000      4.006556      0.007328
   5400000      4.007495      0.008993
   5420000      4.011012      0.006114
   5440000      4.008673     -0.001300
   5460000      4.007925     -0.020602
   5480000      4.006766     -0.024336
   5500000      4.007374     -0.023337
   5520000      4.002201     -0.024440
   5540000      4.005749     -0.017323
   5560000      4.008176     -0.023768
   5580000      4.008268     -0.027239
   5600000      4.006686     -0.028123
   5620000      4.009572     -0.031195
   5640000      4.007733     -0.017034
   5660000      4.001764     -0.027357
   5680000      3.998831     -0.040143
   5700000      3.996347     -0.026645
   5720000      4.006608     -0.026950
   5740000      4.001202     -0.028301
   5760000      4.005268     -0.017982
   5780000      4.010262     -0.014269
   5800000      4.004276     -0.015487
   5820000      4.004429     -0.002273
   5840000      4.003068      0.007063
   5860000      4.005303     -0.006251
   5880000      4.000465     -0.004967
   5900000      4.003622     -0.032020
   5920000      3.999698     -0.005240
   5940000      4.010248     -0.025633
   5960000      4.008215     -0.026444
   5980000      4.009947     -0.019698
   6000000      4.008880     -0.018247
   6020000      4.005652     -0.003177
   6040000      4.005545     -0.012514
   6060000      4.006052     -0.004835
   6080000      4.003950     -0.002383
   6100000      4.005440      0.004712
   6120000      4.004792      0.000129
   6140000      4.007036      0.002683
   6160000      4.010398     -0.017793
   6180000      4.003395     -0.022002
   6200000      4.007184     -0.010993
   6220000      4.009217     -0.018767
   6240000      4.005345     -0.023184
   6260000      4.004875     -0.021053
   6280000      4.002192      0.008432
   6300000      4.001524      0.004519
   6320000      3.999182      0.018845
   6340000      4.004261      0.012591
   6360000      4.009972      0.000810
   6380000      4.008471      0.007131
   6400000      4.011709      0.002383
   6420000      4.009442      0.004227
   6440000      4.009135      0.006262
   6460000      4.006903     -0.007083
   6480000      4.002879     -0.021174
   6500000      4.006942     -0.020203
   6520000      4.002272     -0.020029
   6540000      4.005939     -0.018084
   6560000      4.009149     -0.013490
   6580000      4.009980     -0.003640
   6600000      4.006191      0.015982
   6620000      4.014674      0.003248
   6640000      4.006141      0.013530
   6660000      4.010013      0.012486
   6680000      4.003948      0.004570
   6700000      4.004716     -0.010219
   6720000      4.006837     -0.000596
   6740000      4.008342      0.015032
   6760000      4.007318      0.008118
   6780000      4.011243      0.015679
   6800000      4.007696      0.020022
   6820000      4.005195      0.014825
   6840000      4.007565     -0.000623
   6860000      4.008724      0.004924
   6880000      4.010108      0.014563
   6900000      4.011973     -0.000637
   6920000      4.009557     -0.004331
   6940000      4.013420     -0.002424
   6960000      4.012823      0.002346
   6980000      4.013320      0.007818
   7000000      4.011281      0.016708
   7020000      4.007865     -0.007828
   7040000      4.003890      0.001855
   7060000      4.009867      0.009060
   7080000      4.008443      0.015445
   7100000      4.000945      0.022072
   7120000      4.007280      0.017217
   7140000      4.002059      0.006349
   7160000      4.005053     -0.003982
   7180000      4.004125     -0.011443
   7200000      4.005382     -0.005231
   7220000      4.008856     -0.025328
   7240000      4.006441     -0.008754
   7260000      4.008546     -0.013435
   7280000      4.011461     -0.017735
   7300000      4.015063     -0.020933
   7320000      4.012326      0.012542
   7340000      4.005190      0.029391
   7360000      3.998193      0.022273
   7380000      4.002292      0.022038
   7400000      3.995925      0.034537
   7420000      4.005175      0.029860
   7440000      4.001200      0.032737
   7460000      3.996352      0.043654
   7480000      3.985027      0.053057
   7500000      3.990159      0.057537
   7520000      3.987464      0.055451
   7540000      3.976971      0.061126
   7560000      3.971908      0.069678
   7580000      3.991455      0.037994
   7600000      3.996166      0.031151
   7620000      3.999844      0.030543
   7640000      3.999018      0.046242
   7660000      3.996054      0.040975
   7680000      4.000823      0.045299
   7700000      4.020258      0.027789
   7720000      4.061462     -0.088757
   7740000      4.071291     -0.132769
   7760000      4.071796     -0.066707
   7780000      4.089644     -0.104981
   7800000      4.099186     -0.098864
   7820000      4.102069     -0.130118
   7840000      4.106973     -0.156287
   7860000      4.120446     -0.178948
   7880000      4.122462     -0.166213
   7900000      4.133688     -0.155561
   7920000      4.136511     -0.189248
   7940000      4.149044      0.002413
   7960000      4.166761     -0.078061
   7980000      4.163921     -0.001565
   8000000      4.171442      0.009404
   8020000      4.179488      0.015313
   8040000      4.190418     -0.016318
   8060000      4.206505      0.013190
   8080000      4.233747     -0.169345
   8100000      4.240497     -0.053242
   8120000      4.244273     -0.036183
   8140000      4.246654     -0.033264
   8160000      4.253131     -0.029739
   8180000      4.280595     -0.080078
   8200000      4.283310     -0.070657
   8220000      4.293086     -0.070386
   8240000      4.299335     -0.066895
   8260000      4.312014     -0.074491
   8280000      4.310258     -0.022290
   8300000      4.323309     -0.003874
   8320000      4.337671     -0.010006
   8340000      4.351670     -0.011613
   8360000      4.359475      0.002949
   8380000      4.376459     -0.037694
   8400000      4.393098     -0.067036
   8420000      4.386918      0.010768
   8440000      4.372586      0.059686
   8460000      4.376344      0.063844
   8480000      4.388676      0.054625
   8500000      4.401890      0.056267
   8520000      4.395031      0.087902
   8540000      4.457891     -0.050492
   8560000      4.464638     -0.029907
   8580000      4.481950     -0.036210
   8600000      4.496054     -0.028090
   8620000      4.505837     -0.035088
   8640000      4.515084     -0.040367
   8660000      4.485005      0.091149
   8680000      4.501031      0.083614
   8700000      4.529912      0.014185
   8720000      4.530572      0.033529
   8740000      4.541044      0.040226
   8760000      4.542374      0.046818
   8780000      4.553950      0.040877
   8800000      4.523783      0.151123
   8820000      4.542647      0.130946
   8840000      4.561959      0.121435
   8860000      4.572501      0.119638
   8880000      4.528547      0.199736
   8900000      4.618380      0.061401
   8920000      4.627395      0.063895
   8940000      4.638871      0.048778
   8960000      4.593350      0.181404
   8980000      4.620772      0.156726
   9000000      4.622994      0.171145
   9020000      4.639275      0.143792
   9040000      4.637458      0.172583
   9060000      4.632221      0.188781
   9080000      4.635020      0.199907
   9100000      4.625265      0.229061
   9120000      4.656133      0.201172
   9140000      4.659593      0.194033
   9160000      4.632533      0.241706
   9180000      4.631444      0.265067
   9200000      4.752709     -0.025793
   9220000      4.751212      0.072306
   9240000      4.756979      0.072516
   9260000      4.777431      0.035167
   9280000      4.779862      0.021566
   9300000      4.785998      0.071040
   9320000      4.758406      0.187516
   9340000      4.709385      0.281758
   9360000      4.660053      0.355639
   9380000      4.662927      0.367988
   9400000      4.675464      0.373349
   9420000      4.672723      0.385615
   9440000      4.586209      0.450195
   9460000      4.581812      0.458868
   9480000      4.659484      0.431498
   9500000      4.640628      0.450149
   9520000      4.653581      0.450496
   9540000      4.634460      0.476767
   9560000      4.662082      0.459282
   9580000      4.680546      0.470053
   9600000      4.688065      0.470744
   9620000      4.675745      0.493114
   9640000      4.631685      0.518592
   9660000      4.659349      0.512911
   9680000      4.583661      0.552652
   9700000      4.566166      0.564642
   9720000      4.564793      0.574383
   9740000      4.596413      0.591774
   9760000      4.624559      0.597198
   9780000      4.604413      0.608832
   9800000      4.604459      0.614249
   9820000      4.580626      0.624875
   9840000      4.566271      0.634476
   9860000      4.573350      0.647438
   9880000      4.577756      0.671363
   9900000      4.594046      0.676790
   9920000      4.630587      0.676815
   9940000      4.566818      0.690975
   9960000      4.642312      0.688250
   9980000      4.678824      0.684400
  10000000      4.685316      0.686909
