         0      4.000000      0.000000
     20000      4.007414      0.015585
     40000      4.008707      0.013778
     60000      4.010738      0.006910
     80000      4.011871      0.016096
    100000      4.011249      0.016338
    120000      4.012939      0.011119
    140000      4.015323      0.022805
    160000      4.014637      0.021849
    180000      4.018520      0.019604
    200000      4.019225      0.026800
    220000      4.021797      0.018278
    240000      4.031650      0.018763
    260000      4.042350      0.015538
    280000      4.049562      0.015573
    300000      4.063847      0.001293
    320000      4.065200     -0.021647
    340000      4.064792     -0.045501
    360000      4.068156     -0.037063
    380000      4.093465     -0.043654
    400000      4.093333     -0.045415
    420000      4.116534     -0.021595
    440000      4.126527     -0.044409
    460000      4.133027     -0.040721
    480000      4.139752     -0.039416
    500000      4.151520     -0.037208
    520000      4.162571     -0.027579
    540000      4.166157     -0.035240
    560000      4.175050     -0.029989
    580000      4.184016     -0.051325
    600000      4.186906     -0.083277
    620000      4.196058      0.023852
    640000      4.208434      0.023303
    660000      4.219073      0.030006
    680000      4.227585      0.023689
    700000      4.242976     -0.007520
    720000      4.249880     -0.009075
    740000      4.259215     -0.011832
    760000      4.269321     -0.061815
    780000      4.274127     -0.073154
    800000      4.258611     -0.132286
    820000      4.251871     -0.151671
    840000      4.238656     -0.178161
    860000      4.242140     -0.193753
    880000      4.235775     -0.212088
    900000      4.241999     -0.229976
    920000      4.271482     -0.220519
    940000      4.288511     -0.222453
    960000      4.364142      0.009628
    980000      4.377145     -0.001849
   1000000      4.388340      0.009381
   1020000      4.387799      0.029055
   1040000      4.398156      0.053504
   1060000      4.402178      0.064924
   1080000      4.412453      0.066268
   1100000      4.415578      0.067782
   1120000      4.422691      0.072357
   1140000      4.421890      0.105171
   1160000      4.424900      0.118426
   1180000      4.430573      0.124666
   1200000      4.437901      0.133883
   1220000      4.445107      0.137731
   1240000      4.453227      0.135817
   1260000      4.461562      0.141189
   1280000      4.458929      0.152862
   1300000      4.513119      0.018358
   1320000      4.516546      0.088060
   1340000      4.527731      0.087528
   1360000      4.535268      0.082509
   1380000      4.532506      0.122072
   1400000      4.545040      0.131633
   1420000      4.558065      0.120089
   1440000      4.568263      0.126599
   1460000      4.569546      0.126193
   1480000      4.580421      0.135473
   1500000      4.593825      0.129228
   1520000      4.602825      0.108462
   1540000      4.614942      0.091675
   1560000      4.620561      0.105656
   1580000      4.628657      0.110221
   1600000      4.631745      0.120272
   1620000      4.641021      0.119069
   1640000      4.650577      0.110728
   1660000      4.657344      0.095617
   1680000      4.665135      0.111588
   1700000      4.680908      0.114251
   1720000      4.686209      0.111204
   1740000      4.674160      0.171082
   1760000      4.678771      0.181114
   1780000      4.686290      0.175102
   1800000      4.699876      0.177228
   1820000      4.706285      0.183080
   1840000      4.723003      0.160918
   1860000      4.739394      0.153080
   1880000      4.747699      0.161048
   1900000      4.763010      0.165265
   1920000      4.781387      0.159255
   1940000      4.788113      0.165500
   1960000      4.792977      0.173177
   1980000      4.795501      0.187801
   2000000      4.804832      0.192990
   2020000      4.818050      0.192043
   2040000      4.830884      0.178945
   2060000      4.841275      0.162669
   2080000      4.851364      0.173905
   2100000      4.864877      0.147754
   2120000      4.871991      0.154620
   2140000      4.886402      0.144109
   2160000      4.889947      0.145729
   2180000      4.902172      0.140645
   2200000      4.915852      0.120953
   2220000      4.924622      0.137381
   2240000      4.935708      0.159817
   2260000      4.948438      0.151938
   2280000      4.956729      0.142863
   2300000      4.957439      0.133443
   2320000      4.971149      0.137605
   2340000      4.976001      0.189921
   2360000      4.984471      0.183856
   2380000      5.009511      0.100029
   2400000      5.012368      0.133826
   2420000      5.021432      0.131237
   2440000      5.029750      0.134300
   2460000      5.032190      0.141104
   2480000      5.031993      0.149864
   2500000      5.038610      0.178598
   2520000      5.070591      0.050104
   2540000      5.062812     -0.006854
   2560000      5.077721     -0.000709
   2580000      5.085011     -0.013481
   2600000      5.099018     -0.005646
   2620000      5.103484     -0.023029
   2640000      5.115556     -0.009741
   2660000      5.122983     -0.017391
   2680000      5.124800     -0.028637
   2700000      5.129503     -0.017688
   2720000      5.148811      0.024729
   2740000      5.160685      0.054572
   2760000      5.157974      0.030733
   2780000      5.167689      0.030819
   2800000      5.184823      0.205049
   2820000      5.187062      0.254153
   2840000      5.194578      0.263612
   2860000      5.204781      0.265557
   2880000      5.212844      0.263083
   2900000      5.220583      0.269197
   2920000      5.224955      0.283433
   2940000      5.236195      0.287439
   2960000      5.247731      0.266446
   2980000      5.253012      0.296120
   3000000      5.260220      0.307772
   3020000      5.259760      0.308283
   3040000      5.261755      0.313851
   3060000      5.287639      0.303109
   3080000      5.299724      0.310891
   3100000      5.317759      0.321539
   3120000      5.322551      0.336986
   3140000      5.336600      0.337004
   3160000      5.345245      0.334308
   3180000      5.357597      0.341733
   3200000      5.368175      0.334111
   3220000      5.378857      0.329822
   3240000      5.385989      0.332205
   3260000      5.398181      0.316923
   3280000      5.403906      0.323877
   3300000      5.414988      0.310487
   3320000      5.421406      0.326127
   3340000      5.429712      0.334413
   3360000      5.448366      0.320308
   3380000      5.457561      0.326058
   3400000      5.459670      0.318630
   3420000      5.467038      0.308701
   3440000      5.476970      0.309132
   3460000      5.482250      0.303838
   3480000      5.496318      0.334428
   3500000      5.499686      0.333616
   3520000      5.512730      0.356587
   3540000      5.515631      0.362724
   3560000      5.516214      0.384302
   3580000      5.529539      0.374727
   3600000      5.543111      0.363291
   3620000      5.552261      0.367315
   3640000      5.560874      0.365789
   3660000      5.561977      0.393483
   3680000      5.570832      0.399547
   3700000      5.575531      0.413698
   3720000      5.580997      0.415332
   3740000      5.586655      0.425267
   3760000      5.603500      0.414354
   3780000      5.623690      0.394289
   3800000      5.641660      0.343815
   3820000      5.631811      0.413202
   3840000      5.643788      0.412497
   3860000      5.655529      0.422501
   3880000      5.667213      0.417180
   3900000      5.675776      0.407239
   3920000      5.683844      0.422766
   3940000      5.693031      0.427292
   3960000      5.700455      0.426649
   3980000      5.701048      0.435925
   4000000      5.712143      0.432489
   4020000      5.722604      0.447886
   4040000      5.737767      0.450183
   4060000      5.745117      0.452548
   4080000      5.757107      0.442068
   4100000      5.764736      0.442602
   4120000      5.763331      0.479573
   4140000      5.777148      0.463821
   4160000      5.783523      0.483550
   4180000      5.789433      0.503802
   4200000      5.799890      0.491139
   4220000      5.799699      0.514444
   4240000      5.804639      0.517304
   4260000      5.807646      0.515199
   4280000      5.817143      0.520737
   4300000      5.824558      0.514787
   4320000      5.825916      0.523547
   4340000      5.833657      0.545202
   4360000      5.850983      0.526533
   4380000      5.855727      0.527972
   4400000      5.855417      0.531019
   4420000      5.882525      0.521164
   4440000      5.892697      0.525852
   4460000      5.885977      0.509475
   4480000      5.883650      0.500692
   4500000      5.895831      0.482082
   4520000      5.898742      0.466864
   4540000      5.904189      0.450034
   4560000      5.934597      0.617965
   4580000      5.819275      0.807681
   4600000      5.867106      0.768676
   4620000      5.876013      0.780203
   4640000      5.883668      0.782409
   4660000      5.903660      0.745463
   4680000      5.910804      0.765813
   4700000      5.912121      0.767019
   4720000      5.872813      0.846269
   4740000      5.862460      0.868646
   4760000      5.861034      0.878646
   4780000      5.896335      0.860518
   4800000      5.897970      0.885789
   4820000      5.902695      0.902475
   4840000      5.919800      0.899609
   4860000      5.921625      0.911915
   4880000      6.014516      0.838135
   4900000      5.981958      0.890336
   4920000      5.898237      0.953680
   4940000      5.937388      0.946007
   4960000      5.938914      0.950689
   4980000      5.942116      0.959929
   5000000      5.938398      0.972314
   5020000      5.944643      0.981289
   5040000      5.936014      0.985768
   5060000      5.971253      0.998715
   5080000      5.976105      1.003943
   5100000      5.940294      1.034387
   5120000      5.955341      1.041308
   5140000      5.941369      1.044055
   5160000      5.947610      1.054619
   5180000      5.946948      1.062755
   5200000      5.960623      1.064922
   5220000      5.984053      1.073226
   5240000      5.976943      1.083822
   5260000      6.053802      1.068519
   5280000      6.033387      1.082007
   5300000      6.046034      1.083797
   5320000      6.111924      1.042330
   5340000      6.070506      1.095021
   5360000      6.092441      1.089766
   5380000      6.041526      1.135760
   5400000      6.148860      1.072738
   5420000      6.139158      1.100882
   5440000      6.104012      1.141181
   5460000      6.109307      1.150983
   5480000      6.114179      1.160597
   5500000      6.098776      1.166462
   5520000      6.187092      1.132773
   5540000      6.189372      1.136293
   5560000      6.175623      1.153677
   5580000      6.184040      1.163416
   5600000      6.212653      1.163144
   5620000      6.254906      1.092045
   5640000      6.168530      1.199746
   5660000      6.178570      1.194195
   5680000      6.116031      1.240729
   5700000      6.298239      1.159964
   5720000      6.309887      1.164202
   5740000      6.310718      1.162904
   5760000      6.308404      1.175835
   5780000      6.328644      1.186242
   5800000      6.287795      1.225972
   5820000      6.340754      1.201269
   5840000      6.355127      1.204622
   5860000      6.365497      1.204046
   5880000      6.370770      1.212941
   5900000      6.372677      1.228737
   5920000      6.358160      1.245865
   5940000      6.343181      1.260221
   5960000      6.364707      1.264890
   5980000      6.363699      1.269849
   6000000      6.398866      1.252722
   6020000      6.378695      1.285721
   6040000      6.376643      1.296216
   6060000      6.385946      1.302230
   6080000      6.396828      1.303106
   6100000      6.413937      1.300809
   6120000      6.395672      1.320626
   6140000      6.388971      1.332311
   6160000      6.403638      1.331403
   6180000      6.413119      1.340549
   6200000      6.416629      1.345134
   6220000      6.409577      1.349327
   6240000      6.438806      1.353720
   6260000      6.443982      1.355910
   6280000      6.451674      1.365919
   6300000      6.442984      1.384423
   6320000      6.433137      1.406589
   6340000      6.446414      1.408848
   6360000      6.444466      1.418203
   6380000      6.428062      1.432041
   6400000      6.476856      1.412504
   6420000      6.487036      1.416031
   6440000      6.486794      1.428329
   6460000      6.488186      1.443047
   6480000      6.484415      1.455545
   6500000      6.483461      1.469764
   6520000      6.491976      1.473894
   6540000      6.501117      1.482479
   6560000      6.520871      1.479531
   6580000      6.535116      1.490850
   6600000      6.565991      1.480506
   6620000      6.587330      1.475243
   6640000      6.589012      1.487370
   6660000      6.618053      1.469558
   6680000      6.627543      1.474630
   6700000      6.637674      1.478528
   6720000      6.676547      1.413271
   6740000      6.633173      1.511264
   6760000      6.643248      1.515326
   6780000      6.652460      1.513828
   6800000      6.630695      1.556935
   6820000      6.599410      1.589880
   6840000      6.648747      1.554728
   6860000      6.670333      1.556231
   6880000      6.612584      1.617474
   6900000      6.624070      1.624271
   6920000      6.626721      1.636929
   6940000      6.620620      1.658394
   6960000      6.615193      1.670180
   6980000      6.622213      1.671131
   7000000      6.636421      1.666904
   7020000      6.630598      1.682609
   7040000      6.616194      1.702296
   7060000      6.613379      1.716257
   7080000      6.627215      1.714340
   7100000      6.626404      1.721891
   7120000      6.611391      1.737772
   7140000      6.581774      1.752914
   7160000      6.586626      1.760545
   7180000      6.707793      1.724873
   7200000      6.700956      1.735475
   7220000      6.711081      1.742756
   7240000      6.651066      1.773144
   7260000      6.664895      1.781579
   7280000      6.641475      1.803158
   7300000      6.732450      1.777522
   7320000      6.823651      1.729124
   7340000      6.824525      1.731276
   7360000      6.831269      1.738797
   7380000      6.840801      1.736154
   7400000      6.843375      1.745510
   7420000      6.848294      1.755501
   7440000      6.864400      1.756159
   7460000      6.879762      1.740056
   7480000      6.814018      1.848490
   7500000      6.806350      1.861812
   7520000      6.816708      1.867609
   7540000      6.849580      1.849631
   7560000      6.856123      1.852071
   7580000      6.797640      1.894596
   7600000      6.865776      1.881270
   7620000      6.865034      1.889000
   7640000      6.867788      1.899095
   7660000      6.893991      1.893113
   7680000      6.906776      1.891980
   7700000      6.921831      1.876193
   7720000      6.921037      1.897093
   7740000      6.922311      1.903459
   7760000      6.925780      1.922793
   7780000      6.937036      1.920449
   7800000      6.946004      1.922681
   7820000      6.936555      1.953465
   7840000      6.926321      1.965698
   7860000      6.968788      1.941827
   7880000      7.025932      1.906922
   7900000      7.032909      1.922292
   7920000      7.039284      1.931226
   7940000      7.038069      1.946650
   7960000      7.061434      1.940261
   7980000      7.071175      1.939501
   8000000      7.105341      1.886868
   8020000      7.108754      1.917577
   8040000      7.130431      1.880656
   8060000      7.131765      1.887947
   8080000      7.149318      1.836820
   8100000      7.154080      1.863724
   8120000      7.164085      1.866334
   8140000      7.171067      1.881282
   8160000      7.181760      1.882571
   8180000      7.198194      1.870001
   8200000      7.201166      1.874265
   8220000      7.215568      1.876164
   8240000      7.230971      1.873348
   8260000      7.233752      1.882563
   8280000      7.240296      1.892997
   8300000      7.228956      1.932350
   8320000      7.255907      1.884999
   8340000      7.274183      1.879185
   8360000      7.282952      1.864518
   8380000      7.295174      1.871501
   8400000      7.301430      1.864512
   8420000      7.306621      1.885401
   8440000      7.309545      1.882175
   8460000      7.320861      1.885720
   8480000      7.326437      1.891260
   8500000      7.336004      1.898656
   8520000      7.341039      1.898332
   8540000      7.352138      1.884500
   8560000      7.344190      2.007621
   8580000      7.318385      2.074903
   8600000      7.298509      2.119172
   8620000      7.323955      2.111678
   8640000      7.328793      2.115030
   8660000      7.335995      2.115285
   8680000      7.352297      2.123269
   8700000      7.362259      2.120254
   8720000      7.355965      2.147749
   8740000      7.375128      2.127763
   8760000      7.384839      2.145656
   8780000      7.381451      2.175375
   8800000      7.386016      2.177804
   8820000      7.394130      2.176644
   8840000      7.402374      2.179323
   8860000      7.441865      2.121253
   8880000      7.453249      2.122176
   8900000      7.461306      2.121183
   8920000      7.470617      2.118881
   8940000      7.447174      2.201733
   8960000      7.448296      2.230952
   8980000      7.454402      2.238159
   9000000      7.482620      2.209422
   9020000      7.491553      2.226548
   9040000      7.491369      2.231242
   9060000      7.511686      2.214609
   9080000      7.511865      2.211747
   9100000      7.529248      2.217386
   9120000      7.538208      2.218768
   9140000      7.417031      2.369540
   9160000      7.444638      2.369508
   9180000      7.439024      2.381461
   9200000      7.578625      2.247223
   9220000      7.605450      2.232529
   9240000      7.615525      2.228697
   9260000      7.624298      2.237785
   9280000      7.632322      2.239914
   9300000      7.643750      2.214764
   9320000      7.631710      2.287518
   9340000      7.658120      2.245590
   9360000      7.657460      2.270164
   9380000      7.667364      2.276937
   9400000      7.667725      2.283270
   9420000      7.676409      2.292025
   9440000      7.686676      2.307158
   9460000      7.695266      2.298010
   9480000      7.708698      2.285540
   9500000      7.726233      2.272626
   9520000      7.736456      2.255664
   9540000      7.759337      2.268276
   9560000      7.756576      2.298520
   9580000      7.770101      2.295957
   9600000      7.759822      2.334191
   9620000      7.797229      2.274698
   9640000      7.798596      2.281777
   9660000      7.813215      2.278554
   9680000      7.825460      2.275059
   9700000      7.833050      2.276366
   9720000      7.841686      2.282074
   9740000      7.859306      2.256030
   9760000      7.867663      2.251145
   9780000      7.870333      2.271329
   9800000      7.870402      2.280057
   9820000      7.872617      2.295141
   9840000      7.880766      2.299709
   9860000      7.891596      2.299041
   9880000      7.900388      2.282243
   9900000      7.904146      2.284303
   9920000      7.908591      2.283871
   9940000      7.917299      2.262653
   9960000      7.923381      2.261673
   9980000      7.935661      2.259248
  10000000      7.954360      2.267576
