         0      4.000000      0.000000
     20000      4.039913     -0.034415
     40000      4.105853     -0.023160
     60000      4.190546      0.103175
     80000      4.253274      0.059922
    100000      4.303423      0.245464
    120000      4.343816      0.232683
    140000      4.388026      0.246152
    160000      4.474878      0.167112
    180000      4.546890     -0.190315
    200000      4.657932     -0.094223
    220000      4.701133     -0.274761
    240000      4.749038     -0.357146
    260000      4.761667     -0.442043
    280000      4.830957     -0.411874
    300000      4.854052     -0.412224
    320000      5.053147      0.091106
    340000      5.134885     -0.032305
    360000      5.165169      0.285612
    380000      5.280887      0.168139
    400000      5.349342      0.033300
    420000      5.347234     -0.191116
    440000      5.360897     -0.348488
    460000      5.485005     -0.171093
    480000      5.556263      0.016839
    500000      5.598060     -0.186208
    520000      5.680274      0.097827
    540000      5.750779      0.014115
    560000      5.830985     -0.018590
    580000      5.888334     -0.042186
    600000      5.944630      0.003199
    620000      5.996457      0.006214
    640000      5.894437     -0.310786
    660000      5.674075     -0.386048
    680000      5.681365     -0.235891
    700000      5.565924     -0.682761
    720000      5.538955     -0.509406
    740000      5.601766     -0.254067
    760000      5.577861     -0.317151
    780000      5.555586     -0.513883
    800000      5.505392     -0.447399
    820000      5.347630     -0.854590
    840000      5.495722     -0.996281
    860000      5.593353     -0.897540
    880000      5.617026     -1.006529
    900000      5.720630     -0.925303
    920000      5.870478     -0.714165
    940000      5.927226     -0.523943
    960000      6.007058     -0.560651
    980000      5.884984     -0.108170
   1000000      5.923469     -0.058718
   1020000      5.955698     -0.007416
   1040000      6.139621     -0.081356
   1060000      6.240406     -0.101886
   1080000      6.326868     -0.197774
   1100000      6.364516     -0.108554
   1120000      6.479154     -0.155851
   1140000      6.511924     -0.107021
   1160000      6.605538     -0.171524
   1180000      6.557084      0.073814
   1200000      6.588049      0.119623
   1220000      6.628808      0.140253
   1240000      6.624895      0.085998
   1260000      6.780889      0.136422
   1280000      6.815011      0.172355
   1300000      6.976802      0.039429
   1320000      7.109413     -0.095125
   1340000      7.182851     -0.142302
   1360000      7.284513     -0.267092
   1380000      7.358793     -0.339665
   1400000      7.419804     -0.316509
   1420000      7.483512     -0.336972
   1440000      7.539390     -0.309270
   1460000      7.472966      0.020285
   1480000      7.625694      0.020706
   1500000      7.750147      0.104115
   1520000      7.836225     -0.097134
   1540000      7.898316     -0.023545
   1560000      7.965291     -0.122585
   1580000      8.159695      0.027530
   1600000      8.048456      0.050124
   1620000      8.011876      0.210570
   1640000      7.782045      0.399114
   1660000      7.409242      0.634891
   1680000      7.371049      0.395713
   1700000      7.456770      0.221930
   1720000      7.602791      0.129020
   1740000      7.729193      0.016562
   1760000      7.701556     -0.198646
   1780000      7.803682     -0.212773
   1800000      7.714014     -0.342835
   1820000      7.736031     -0.340576
   1840000      7.812392     -0.416877
   1860000      7.698058     -0.246131
   1880000      7.579386     -0.398002
   1900000      7.598922     -0.644652
   1920000      7.434775     -0.394820
   1940000      7.525370     -0.208672
   1960000      7.392443     -0.032366
   1980000      7.413957      0.189228
   2000000      7.368795      0.200437
   2020000      7.240590      0.055169
   2040000      7.286619      0.048752
   2060000      7.232717     -0.130442
   2080000      7.197983     -0.195082
   2100000      7.256501     -0.452110
   2120000      7.374448     -0.684191
   2140000      7.364935     -1.000832
   2160000      7.443087     -0.655818
   2180000      7.394147     -0.750393
   2200000      7.503661     -0.546252
   2220000      7.560857     -0.494264
   2240000      7.649621     -0.506483
   2260000      7.716222     -0.423016
   2280000      7.769009     -0.231946
   2300000      7.840602     -0.285783
   2320000      7.895984     -0.317460
   2340000      7.937694     -0.269870
   2360000      8.023140     -0.651655
   2380000      7.985476     -0.805366
   2400000      8.016338     -0.914135
   2420000      8.151049     -0.859571
   2440000      8.210494     -0.870192
   2460000      8.215940     -0.977014
   2480000      8.334357     -0.881695
   2500000      8.436906     -0.706302
   2520000      8.513051     -0.615862
   2540000      8.567290     -0.584550
   2560000      8.642955     -0.697390
   2580000      8.717974     -0.628205
   2600000      8.764022     -0.694105
   2620000      8.827250     -0.613146
   2640000      8.890246     -0.577900
   2660000      8.896751     -0.447105
   2680000      8.966522     -0.161224
   2700000      9.062136     -0.096573
   2720000      9.245375     -0.053234
   2740000      9.342094     -0.264088
   2760000      9.361128     -0.186452
   2780000      9.412064      0.004690
   2800000      9.470066      0.021428
   2820000      9.557067     -0.010519
   2840000      9.590861      0.152907
   2860000      9.612626      0.281788
   2880000      9.680528      0.266105
   2900000      9.727074      0.284979
   2920000      9.769757      0.426547
   2940000      9.896067      0.198648
   2960000      9.946455      0.240678
   2980000      9.934513      0.451425
   3000000     10.102667      0.235487
   3020000     10.145370      0.285604
   3040000     10.200833      0.322383
   3060000     10.282147      0.263511
   3080000     10.201857      0.425817
   3100000     10.184361      0.710222
   3120000     10.309297      0.634022
   3140000     10.237690      0.807813
   3160000     10.301825      0.839942
   3180000     10.403616      0.822979
   3200000     10.347473      0.964462
   3220000     10.644765      0.621863
   3240000     10.554361      0.566040
   3260000     10.623440      0.635137
   3280000     10.802968      0.597211
   3300000     10.906378      0.422239
   3320000     10.924260      0.560662
   3340000     10.779720      0.479213
   3360000     10.870276      0.516602
   3380000     10.959740      0.355076
   3400000     10.986900      0.550651
   3420000     10.888985      0.919058
   3440000     10.879240      0.902521
   3460000     11.179319      0.445380
   3480000     11.350853      0.257537
   3500000     11.391145      0.281816
   3520000     11.515874     -0.154338
   3540000     11.531879     -0.022550
   3560000     11.652346     -0.060610
   3580000     11.540942      0.136312
   3600000     11.484888      0.119673
   3620000     11.557196      0.113162
   3640000     11.379746      0.531203
   3660000     11.154434      0.582716
   3680000     11.255730      0.556100
   3700000     11.287434      0.592660
   3720000     11.288564      0.340893
   3740000     11.252532      0.312533
   3760000     10.937991      0.645775
   3780000     10.958654      0.692112
   3800000     11.014443      0.543179
   3820000     11.125900      0.761093
   3840000     11.056131      0.851703
   3860000     11.105333      0.921627
   3880000     10.929111      1.059414
   3900000     10.673847      1.272553
   3920000     10.471581      1.229450
   3940000     10.863176      1.160290
   3960000     11.009494      1.113661
   3980000     10.916055      1.091491
   4000000     11.136230      0.909956
   4020000     11.069414      1.012198
   4040000     11.199137      1.117741
   4060000     11.153031      1.091247
   4080000     11.363684      0.675882
   4100000     11.301791      0.894778
   4120000     11.427955      0.681977
   4140000     11.684563      0.512794
   4160000     11.579327      0.699661
   4180000     11.391053      0.952640
   4200000     11.362290      1.032662
   4220000     11.469504      0.714688
   4240000     11.315427      0.600632
   4260000     11.375156      0.775559
   4280000     11.436931      0.737620
   4300000     11.505589      0.407774
   4320000     11.555029      0.404215
   4340000     11.529745      0.475349
   4360000     11.631195      0.690413
   4380000     11.715685      0.596744
   4400000     11.784942      0.534612
   4420000     11.830778      0.720871
   4440000     11.896231      0.727833
   4460000     11.979328      0.642228
   4480000     12.034329      0.656045
   4500000     12.076479      0.582606
   4520000     12.146461      0.612175
   4540000     12.064462      0.812537
   4560000     12.062155      0.681362
   4580000     12.172516      0.647364
   4600000     12.180118      0.744614
   4620000     12.204257      0.781801
   4640000     12.242776      0.891123
   4660000     12.367755      0.812254
   4680000     12.432206      0.654889
   4700000     12.501017      0.684319
   4720000     12.558005      0.707622
   4740000     12.597759      0.534322
   4760000     12.654092      0.520536
   4780000     12.710287      0.484767
   4800000     12.790779      0.546834
   4820000     12.819712      0.418608
   4840000     12.863859      0.371473
   4860000     12.969913      0.560109
   4880000     13.065694      0.604106
   4900000     13.083036      0.396596
   4920000     13.133955      0.377742
   4940000     13.200766      0.556760
   4960000     13.174067      0.417598
   4980000     13.298052      0.575338
   5000000     13.387236      0.473979
   5020000     13.404705      0.554948
   5040000     13.259461      0.426381
   5060000     13.262873      0.538703
   5080000     13.244208      0.988454
   5100000     13.112358      0.926134
   5120000     13.098847      0.907413
   5140000     13.130869      0.855422
   5160000     13.272263      0.707570
   5180000     13.354441      0.536288
   5200000     13.462135      0.172733
   5220000     13.482823      0.000154
   5240000     13.352337      0.298164
   5260000     13.170828      0.055153
   5280000     13.382303      0.442204
   5300000     13.202255      0.394865
   5320000     13.425428      0.536233
   5340000     13.434939      0.477741
   5360000     13.360584      0.402955
   5380000     13.370081      0.371789
   5400000     13.503456      0.723421
   5420000     13.336153      0.879436
   5440000     13.508172      0.867768
   5460000     13.378526      0.766246
   5480000     13.274771      0.775043
   5500000     13.319685      1.067672
   5520000     13.351870      1.174467
   5540000     13.397733      1.379296
   5560000     13.420048      1.298718
   5580000     13.222239      1.044626
   5600000     13.407596      1.352803
   5620000     13.380002      0.912308
   5640000     13.466280      0.934916
   5660000     13.519756      0.605276
   5680000     13.504506      0.778532
   5700000     13.486411      0.707487
   5720000     13.510730      0.989365
   5740000     13.418793      1.118071
   5760000     13.240941      1.057878
   5780000     13.261718      0.911893
   5800000     13.406974      0.885903
   5820000     13.554092      0.619594
   5840000     13.670643      0.599753
   5860000     13.598575      0.739048
   5880000     13.625829      1.115118
   5900000     13.761570      1.099679
   5920000     13.866834      0.951189
   5940000     13.732757      0.801174
   5960000     13.805027      0.890322
   5980000     13.852688      0.927561
   6000000     13.729760      0.739916
