         0      4.000000      0.000000
     20000      4.039683      0.104774
     40000      4.106153     -0.073589
     60000      4.104937     -0.329187
     80000      4.181792     -0.324987
    100000      4.269583     -0.224350
    120000      4.321386     -0.274531
    140000      4.304207     -0.125964
    160000      4.368013     -0.074287
    180000      4.459564     -0.021000
    200000      4.520883      0.010197
    220000      4.568170      0.074579
    240000      4.614882      0.129464
    260000      4.681025      0.102821
    280000      4.745333      0.311854
    300000      4.750943      0.481709
    320000      4.681002      0.363631
    340000      4.455377      0.813117
    360000      4.266817      0.817224
    380000      4.293055      1.169119
    400000      4.608459      0.930233
    420000      4.691388      0.988008
    440000      4.795349      0.743174
    460000      4.457642      0.418140
    480000      4.543508      0.559310
    500000      4.589314      0.847852
    520000      4.567623      0.938279
    540000      4.697400      0.397088
    560000      4.705497      0.410361
    580000      4.744501      0.263769
    600000      4.858643     -0.029464
    620000      4.960364      0.077413
    640000      5.032223     -0.180447
    660000      5.018370      0.030700
    680000      5.080535      0.047366
    700000      5.099394      0.283795
    720000      5.195077      0.161942
    740000      5.244819     -0.089767
    760000      5.307671      0.084873
    780000      5.316889      0.433930
    800000      5.401845      0.369013
    820000      5.354008      0.598393
    840000      5.403951      0.160713
    860000      5.597253      0.147956
    880000      5.716914      0.081898
    900000      5.804455     -0.108580
    920000      5.777633      0.186313
    940000      5.838108      0.026923
    960000      5.783260      0.214198
    980000      5.800587      0.004516
   1000000      5.838499     -0.113638
   1020000      5.897550      0.108285
   1040000      5.875205      0.429582
   1060000      5.938480      0.467843
   1080000      5.853695      0.313950
   1100000      5.795310      0.177106
   1120000      5.791188     -0.092022
   1140000      5.750769      0.128145
   1160000      5.721604      0.032459
   1180000      5.596329     -0.073204
   1200000      5.628233      0.104086
   1220000      5.758822      0.201638
   1240000      5.723204      0.525523
   1260000      5.829243      0.597791
   1280000      5.956465      0.528242
   1300000      5.929486      0.347048
   1320000      5.968897      0.184136
   1340000      6.065651      0.001842
   1360000      6.247247      0.009910
   1380000      6.147758      0.058326
   1400000      6.038368     -0.313324
   1420000      5.962460     -0.244801
   1440000      6.043632     -0.166782
   1460000      5.767128     -0.443766
   1480000      5.855102     -0.411187
   1500000      5.715399     -0.200271
   1520000      5.877864      0.048169
   1540000      5.853150      0.184525
   1560000      5.969294      0.130016
   1580000      5.986686      0.241193
   1600000      5.954490      0.207528
   1620000      5.902968      0.608704
   1640000      5.947543      0.258152
   1660000      5.902569      0.615707
   1680000      5.866640      0.652848
   1700000      5.967111      0.632682
   1720000      6.025251      0.531666
   1740000      5.846195      0.708067
   1760000      5.800708      0.724295
   1780000      5.789048      0.782556
   1800000      5.525473      1.154740
   1820000      5.747466      1.116856
   1840000      5.709504      1.170074
   1860000      5.790694      0.957261
   1880000      5.544061      1.072434
   1900000      5.536682      1.263765
   1920000      5.654235      1.372177
   1940000      5.529213      1.747339
   1960000      5.479630      1.519423
   1980000      4.827368      1.651661
   2000000      5.103363      1.869229
   2020000      4.941951      1.697998
   2040000      4.675001      1.846045
   2060000      4.685243      1.615698
   2080000      4.785690      1.151090
   2100000      4.885502      1.286459
   2120000      4.862932      1.458793
   2140000      5.083956      1.358805
   2160000      4.875966      1.782534
   2180000      4.794206      1.845670
   2200000      4.765479      1.985492
   2220000      4.813750      2.006424
   2240000      4.780461      2.095313
   2260000      4.412920      2.063743
   2280000      4.336373      2.284668
   2300000      4.344028      2.121856
   2320000      4.395330      2.024283
   2340000      4.360460      2.157666
   2360000      4.189750      2.202255
   2380000      4.397780      2.052956
   2400000      4.141556      2.153189
   2420000      3.936250      2.384223
   2440000      3.636960      2.129668
   2460000      3.588676      2.254319
   2480000      3.825895      2.017429
   2500000      3.887178      2.228914
   2520000      4.642005      2.378400
   2540000      4.778967      2.292856
   2560000      4.753432      2.351853
   2580000      4.515825      2.315022
   2600000      4.208194      2.257410
   2620000      4.482377      2.426758
   2640000      4.614800      2.305156
   2660000      4.531432      2.286508
   2680000      4.730376      2.326154
   2700000      4.783372      2.349848
   2720000      4.488848      2.300240
   2740000      4.716267      2.521676
   2760000      4.637698      2.322255
   2780000      4.795313      2.456371
   2800000      4.828905      2.309850
   2820000      4.576180      2.129404
   2840000      4.333576      2.095404
   2860000      4.441450      1.930138
   2880000      4.231541      1.893483
   2900000      4.407203      2.322650
   2920000      4.696728      2.398703
   2940000      4.600554      2.467988
   2960000      4.554329      2.653437
   2980000      4.259995      2.606657
   3000000      4.122827      2.629705
   3020000      4.217291      2.564858
   3040000      4.647481      2.563305
   3060000      5.008514      2.688393
   3080000      5.000091      2.563042
   3100000      5.087470      2.545100
   3120000      5.069033      2.554550
   3140000      5.137792      2.703486
   3160000      5.047569      2.749963
   3180000      5.278036      2.940613
   3200000      5.605316      3.035491
   3220000      5.523514      3.130553
   3240000      5.745032      3.229276
   3260000      5.875513      2.900757
   3280000      6.353358      2.755084
   3300000      6.404195      2.603532
   3320000      6.670619      2.899328
   3340000      6.839479      2.737270
   3360000      7.021169      2.665354
   3380000      6.852037      2.823786
   3400000      7.221919      2.683228
   3420000      7.156951      2.834550
   3440000      7.168281      2.971983
   3460000      7.139502      2.740774
   3480000      7.223204      2.603183
   3500000      7.228620      2.773788
   3520000      7.523026      2.345034
   3540000      7.664314      2.210384
   3560000      7.536140      2.238740
   3580000      7.479620      2.284347
   3600000      7.527923      2.322452
   3620000      7.821406      2.194663
   3640000      7.858061      2.323254
   3660000      7.963535      2.198067
   3680000      7.956361      2.364285
   3700000      8.041709      2.037710
   3720000      8.045093      1.955584
   3740000      7.881920      2.039328
   3760000      7.820499      2.153089
   3780000      7.905841      1.921784
   3800000      7.982388      2.188571
   3820000      7.996116      2.649985
   3840000      7.956888      2.460769
   3860000      7.978089      2.653105
   3880000      8.048180      2.530277
   3900000      8.139886      2.728944
   3920000      8.134493      2.926980
   3940000      8.323332      2.946143
   3960000      8.255166      2.813319
   3980000      8.156004      2.757497
   4000000      8.051667      3.428016
   4020000      8.159241      3.507674
   4040000      8.179584      3.739877
   4060000      8.137351      3.753398
   4080000      8.091636      3.588666
   4100000      7.816868      3.505967
   4120000      7.951424      3.403569
   4140000      7.932019      3.462903
   4160000      7.873329      3.452335
   4180000      7.967204      3.421645
   4200000      7.929842      3.449581
   4220000      7.532441      3.796047
   4240000      7.587026      3.766704
   4260000      7.682820      3.876842
   4280000      7.809752      3.987910
   4300000      7.971074      3.715448
   4320000      7.823728      4.012890
   4340000      7.809833      3.695080
   4360000      7.825909      3.738207
   4380000      7.919250      3.807735
   4400000      7.614402      3.746555
   4420000      7.681538      3.563624
   4440000      7.188473      3.756524
   4460000      7.281168      3.483201
   4480000      7.140248      3.586551
   4500000      6.899116      3.533116
   4520000      7.028970      3.495545
   4540000      7.095868      3.399566
   4560000      6.957319      3.298934
   4580000      7.158336      2.907151
   4600000      7.408122      2.889437
   4620000      7.175867      2.882078
   4640000      7.003190      2.674243
   4660000      7.020837      2.524248
   4680000      6.875498      2.719733
   4700000      7.155216      2.614072
   4720000      7.001050      2.313728
   4740000      6.777335      2.464027
   4760000      7.066988      2.100278
   4780000      6.874147      2.186214
   4800000      7.043063      1.895167
   4820000      6.975658      1.738524
   4840000      6.958312      1.921342
   4860000      7.027373      1.668500
   4880000      7.128094      1.933994
   4900000      7.039052      1.573037
   4920000      7.086193      1.721209
   4940000      7.206609      1.405806
   4960000      7.105951      1.498408
   4980000      7.215930      1.382877
   5000000      7.312951      1.192121
   5020000      7.439180      1.066112
   5040000      7.476460      0.990347
   5060000      7.492743      1.079320
   5080000      7.251566      0.708517
   5100000      7.316772      1.099993
   5120000      7.253674      0.862480
   5140000      7.106233      0.707480
   5160000      7.147201      0.509444
   5180000      7.070485      0.465523
   5200000      7.343195      0.678210
   5220000      7.180393      0.420056
   5240000      7.319574      0.658887
   5260000      7.437387      0.737585
   5280000      7.406595      0.541751
   5300000      7.495925      0.975361
   5320000      7.425921      1.312378
   5340000      7.388821      1.393781
   5360000      7.470244      1.246979
   5380000      7.423020      0.792443
   5400000      7.593792      0.661466
   5420000      7.253544      0.299304
   5440000      7.445028      0.327183
   5460000      7.178382      0.427716
   5480000      7.638660      0.715477
   5500000      7.523921      1.047005
   5520000      7.589107      1.022808
   5540000      7.727215      0.986796
   5560000      7.719725      0.716818
   5580000      7.768431      0.615423
   5600000      7.683290      0.264103
   5620000      8.008497      0.405403
   5640000      7.863688      0.702741
   5660000      7.540435      0.584388
   5680000      7.578162      0.864014
   5700000      7.274471      0.352850
   5720000      7.306070      0.475664
   5740000      7.340501      0.860483
   5760000      7.246599      0.418671
   5780000      7.007888      0.542014
   5800000      7.158175      0.631947
   5820000      7.386166      0.586792
   5840000      7.619713      0.614864
   5860000      7.473679      0.397892
   5880000      7.183696      0.544684
   5900000      7.372093      0.394115
   5920000      7.846455      0.555665
   5940000      7.741761      0.526425
   5960000      7.816041      0.306294
   5980000      7.658119      0.286028
   6000000      7.323129     -0.009279
