         0      4.000000      0.000000
     20000      4.009452     -0.062000
     40000      4.002885     -0.126879
     60000      4.002623     -0.147734
     80000      4.009767     -0.174989
    100000      4.015390     -0.191776
    120000      4.031644     -0.210257
    140000      4.059666     -0.200942
    160000      4.083146     -0.202783
    180000      4.101833     -0.201968
    200000      4.110141     -0.231971
    220000      4.097287     -0.271078
    240000      4.117408     -0.281825
    260000      4.179290     -0.210432
    280000      4.175234     -0.258072
    300000      4.193726     -0.233221
    320000      4.205548     -0.285992
    340000      4.213094     -0.297786
    360000      4.229564     -0.296521
    380000      4.229306     -0.326238
    400000      4.283173     -0.276722
    420000      4.290317     -0.289183
    440000      4.299231     -0.307794
    460000      4.294102     -0.344287
    480000      4.325733     -0.323713
    500000      4.343610     -0.332700
    520000      4.355928     -0.337108
    540000      4.369416     -0.293275
    560000      4.385707     -0.280293
    580000      4.400705     -0.275283
    600000      4.409695     -0.380014
    620000      4.421519     -0.401636
    640000      4.429395     -0.403777
    660000      4.450831     -0.368784
    680000      4.463906     -0.364180
    700000      4.492374     -0.378012
    720000      4.500727     -0.414679
    740000      4.521824     -0.413777
    760000      4.544371     -0.416450
    780000      4.562939     -0.413409
    800000      4.576092     -0.428110
    820000      4.589595     -0.425940
    840000      4.609242     -0.391621
    860000      4.626535     -0.405220
    880000      4.632740     -0.415299
    900000      4.651719     -0.422048
    920000      4.654775     -0.486730
    940000      4.669950     -0.483537
    960000      4.683109     -0.504236
    980000      4.701372     -0.508601
   1000000      4.729905     -0.491894
   1020000      4.737926     -0.529358
   1040000      4.753799     -0.543562
   1060000      4.761727     -0.552696
   1080000      4.779613     -0.561958
   1100000      4.789688     -0.566513
   1120000      4.808769     -0.555340
   1140000      4.829708     -0.564806
   1160000      4.847621     -0.555749
   1180000      4.859762     -0.565922
   1200000      4.878655     -0.563491
   1220000      4.890304     -0.596625
   1240000      4.898673     -0.619919
   1260000      4.910396     -0.636676
   1280000      4.920243     -0.648068
   1300000      4.917333     -0.690252
   1320000      4.928769     -0.700473
   1340000      4.944532     -0.701360
   1360000      4.958080     -0.722702
   1380000      4.980126     -0.729403
   1400000      4.996884     -0.738808
   1420000      4.985336     -0.771575
   1440000      4.978431     -0.794954
   1460000      4.970034     -0.815605
   1480000      4.970813     -0.838531
   1500000      4.958697     -0.855725
   1520000      4.986585     -0.857274
   1540000      5.112432     -0.743332
   1560000      5.138230     -0.742436
   1580000      5.147287     -0.759166
   1600000      5.159531     -0.749943
   1620000      5.146751     -0.815884
   1640000      5.160142     -0.821174
   1660000      5.172371     -0.855729
   1680000      5.203024     -0.850578
   1700000      5.225910     -0.846218
   1720000      5.258457     -0.822901
   1740000      5.245131     -0.885794
   1760000      5.265214     -0.882815
   1780000      5.288491     -0.885559
   1800000      5.291048     -0.908126
   1820000      5.286525     -0.940513
   1840000      5.300511     -0.951143
   1860000      5.314900     -0.957359
   1880000      5.318369     -0.975733
   1900000      5.322781     -0.991660
   1920000      5.336568     -0.997843
   1940000      5.337399     -1.016608
   1960000      5.361116     -1.019635
   1980000      5.380819     -1.021090
   2000000      5.399420     -1.019719
   2020000      5.415930     -1.025033
   2040000      5.434309     -1.032151
   2060000      5.457809     -1.026528
   2080000      5.502569     -0.973327
   2100000      5.517554     -0.969547
   2120000      5.525629     -0.981809
   2140000      5.545685     -0.978515
   2160000      5.559395     -0.977334
   2180000      5.573326     -0.971433
   2200000      5.587173     -0.964863
   2220000      5.591260     -1.042953
   2240000      5.592644     -1.080825
   2260000      5.616037     -1.055410
   2280000      5.627250     -1.053135
   2300000      5.636318     -1.094109
   2320000      5.658731     -1.086324
   2340000      5.686747     -1.068454
   2360000      5.713774     -1.048513
   2380000      5.736686     -1.044959
   2400000      5.760262     -0.971676
   2420000      5.776921     -0.985723
   2440000      5.790663     -0.994277
   2460000      5.806026     -1.019094
   2480000      5.820642     -1.001912
   2500000      5.834189     -0.982598
   2520000      5.841940     -0.965783
   2540000      5.869292     -0.971718
   2560000      5.892138     -1.016077
   2580000      5.904035     -0.999603
   2600000      5.917790     -1.011354
   2620000      5.932247     -1.011316
   2640000      5.946135     -0.986806
   2660000      5.967770     -0.989309
   2680000      5.980636     -0.986826
   2700000      6.003986     -0.986846
   2720000      6.014100     -0.989921
   2740000      6.026054     -0.980706
   2760000      6.037410     -0.978294
   2780000      6.056101     -0.978704
   2800000      6.066169     -0.978455
   2820000      6.089125     -0.987018
   2840000      6.100674     -0.962137
   2860000      6.118225     -0.964796
   2880000      6.140614     -0.984844
   2900000      6.150092     -0.980005
   2920000      6.167837     -0.975319
   2940000      6.179083     -0.972658
   2960000      6.195475     -0.971650
   2980000      6.204677     -1.008290
   3000000      6.221768     -1.023764
   3020000      6.233704     -1.025120
   3040000      6.247651     -1.046249
   3060000      6.267035     -1.018689
   3080000      6.284533     -1.021193
   3100000      6.303922     -0.958170
   3120000      6.317588     -0.943534
   3140000      6.326756     -0.933667
   3160000      6.347141     -0.989188
   3180000      6.367356     -0.960927
   3200000      6.377250     -0.990764
   3220000      6.367195     -0.822836
   3240000      6.378496     -0.813294
   3260000      6.398183     -0.824189
   3280000      6.408593     -0.809559
   3300000      6.420158     -0.807421
   3320000      6.432711     -0.784937
   3340000      6.443867     -0.783361
   3360000      6.459774     -0.784008
   3380000      6.470408     -0.837923
   3400000      6.497314     -0.847852
   3420000      6.512141     -0.851177
   3440000      6.522026     -0.855560
   3460000      6.531654     -0.833275
   3480000      6.547467     -0.830747
   3500000      6.568080     -0.804131
   3520000      6.578628     -0.787996
   3540000      6.585759     -0.727208
   3560000      6.579434     -0.685335
   3580000      6.601412     -0.671502
   3600000      6.616184     -0.666046
   3620000      6.628736     -0.663858
   3640000      6.642613     -0.661569
   3660000      6.655954     -0.658791
   3680000      6.669304     -0.655722
   3700000      6.683608     -0.658391
   3720000      6.696673     -0.657282
   3740000      6.726619     -0.718322
   3760000      6.723921     -0.620183
   3780000      6.751690     -0.627184
   3800000      6.769766     -0.644659
   3820000      6.779120     -0.637643
   3840000      6.803330     -0.627764
   3860000      6.815037     -0.606238
   3880000      6.822554     -0.587698
   3900000      6.851509     -0.608791
   3920000      6.861602     -0.586205
   3940000      6.875451     -0.569596
   3960000      6.887076     -0.556879
   3980000      6.896540     -0.535208
   4000000      6.932332     -0.578855
   4020000      6.921648     -0.485559
   4040000      6.932291     -0.475577
   4060000      6.931734     -0.457494
   4080000      6.945342     -0.454685
   4100000      6.951964     -0.442732
   4120000      6.967773     -0.444764
   4140000      6.991100     -0.436657
   4160000      7.016351     -0.442546
   4180000      7.026961     -0.428611
   4200000      7.044926     -0.427832
   4220000      7.055917     -0.424720
   4240000      7.061423     -0.410800
   4260000      7.040857     -0.351643
   4280000      7.065221     -0.352772
   4300000      7.038674     -0.305138
   4320000      7.051632     -0.286051
   4340000      7.042999     -0.259444
   4360000      7.061817     -0.251337
   4380000      7.070842     -0.237506
   4400000      7.096034     -0.224035
   4420000      7.096388     -0.204353
   4440000      7.099619     -0.190143
   4460000      7.128189     -0.187668
   4480000      7.117498     -0.171743
   4500000      7.120626     -0.155657
   4520000      7.125437     -0.139436
   4540000      7.175381     -0.145267
   4560000      7.172712     -0.120038
   4580000      7.212060     -0.126034
   4600000      7.214128     -0.101063
   4620000      7.222163     -0.086726
   4640000      7.213251     -0.054698
   4660000      7.212600     -0.036215
   4680000      7.251261     -0.032013
   4700000      7.287620     -0.043643
   4720000      7.294993     -0.028780
   4740000      7.320516     -0.035522
   4760000      7.323141     -0.015808
   4780000      7.336668     -0.005180
   4800000      7.344834     -0.007506
   4820000      7.354945      0.012941
   4840000      7.378799      0.006349
   4860000      7.386104      0.018792
   4880000      7.406501      0.017661
   4900000      7.420117      0.029049
   4920000      7.429894      0.043987
   4940000      7.449446      0.039899
   4960000      7.464769      0.044558
   4980000      7.482094      0.037512
   5000000      7.438984      0.137435
   5020000      7.373356      0.218174
   5040000      7.359268      0.243353
   5060000      7.361945      0.262834
   5080000      7.361247      0.277798
   5100000      7.406239      0.285195
   5120000      7.426726      0.295758
   5140000      7.453473      0.297507
   5160000      7.467621      0.307759
   5180000      7.462860      0.333683
   5200000      7.473387      0.337509
   5220000      7.487709      0.347580
   5240000      7.469019      0.376412
   5260000      7.462756      0.393022
   5280000      7.493052      0.392634
   5300000      7.500208      0.401344
   5320000      7.519390      0.399044
   5340000      7.526659      0.408444
   5360000      7.515788      0.438852
   5380000      7.523659      0.447529
   5400000      7.563752      0.435294
   5420000      7.580433      0.442797
   5440000      7.578973      0.459779
   5460000      7.586364      0.472908
   5480000      7.603108      0.479339
   5500000      7.605386      0.498175
   5520000      7.620124      0.503473
   5540000      7.644335      0.493622
   5560000      7.651720      0.507202
   5580000      7.668010      0.505021
   5600000      7.683381      0.514240
   5620000      7.686788      0.522286
   5640000      7.706732      0.523182
   5660000      7.730205      0.527362
   5680000      7.746388      0.527971
   5700000      7.749211      0.573964
   5720000      7.758977      0.608881
   5740000      7.773429      0.622588
   5760000      7.799615      0.609362
   5780000      7.820638      0.615684
   5800000      7.848843      0.602051
   5820000      7.859229      0.601459
   5840000      7.875657      0.622324
   5860000      7.891367      0.644956
   5880000      7.917296      0.618281
   5900000      7.929455      0.604969
   5920000      7.955114      0.594487
   5940000      7.967825      0.586661
   5960000      7.981820      0.557863
   5980000      7.994129      0.539003
   6000000      8.008792      0.564344
   6020000      8.025934      0.603223
   6040000      8.044746      0.595623
   6060000      8.055872      0.593935
   6080000      8.080287      0.611870
   6100000      8.091714      0.644084
   6120000      8.105370      0.662542
   6140000      8.121120      0.643920
   6160000      8.128326      0.654628
   6180000      8.144921      0.638250
   6200000      8.159452      0.660307
   6220000      8.182498      0.661444
   6240000      8.189645      0.694594
   6260000      8.196828      0.709912
   6280000      8.209701      0.708919
   6300000      8.223931      0.715107
   6320000      8.247243      0.711821
   6340000      8.263460      0.717488
   6360000      8.279167      0.705767
   6380000      8.303556      0.693088
   6400000      8.310716      0.697925
   6420000      8.339300      0.681716
   6440000      8.353663      0.695385
   6460000      8.369620      0.698810
   6480000      8.381609      0.698027
   6500000      8.405430      0.675378
   6520000      8.420263      0.677263
   6540000      8.431711      0.705935
   6560000      8.441074      0.714274
   6580000      8.447761      0.735799
   6600000      8.456701      0.742061
   6620000      8.462974      0.752567
   6640000      8.496035      0.747297
   6660000      8.505534      0.761231
   6680000      8.536087      0.733595
   6700000      8.548330      0.736400
   6720000      8.566339      0.741564
   6740000      8.584857      0.711731
   6760000      8.603216      0.720497
   6780000      8.609672      0.725403
   6800000      8.634749      0.693398
   6820000      8.668668      0.744979
   6840000      8.691020      0.706101
   6860000      8.704287      0.703648
   6880000      8.718699      0.704415
   6900000      8.729923      0.730191
   6920000      8.746837      0.730745
   6940000      8.773477      0.721044
   6960000      8.790467      0.713405
   6980000      8.797333      0.714030
   7000000      8.826680      0.656290
   7020000      8.842868      0.648418
   7040000      8.858891      0.628029
   7060000      8.879080      0.637141
   7080000      8.892766      0.638776
   7100000      8.909275      0.617097
   7120000      8.921122      0.609122
   7140000      8.945464      0.606820
   7160000      8.958233      0.611197
   7180000      8.975320      0.601722
   7200000      8.994601      0.603246
   7220000      9.017508      0.609734
   7240000      9.038772      0.597728
   7260000      9.055803      0.589605
   7280000      9.068555      0.577077
   7300000      9.084011      0.586280
   7320000      9.097526      0.617096
   7340000      9.118409      0.605003
   7360000      9.128926      0.589244
   7380000      9.148615      0.592994
   7400000      9.161826      0.567362
   7420000      9.179933      0.563610
   7440000      9.186886      0.558629
   7460000      9.199495      0.541615
   7480000      9.210811      0.538301
   7500000      9.210743      0.526920
   7520000      9.212688      0.498430
   7540000      9.213185      0.496764
   7560000      9.246160      0.492281
   7580000      9.249057      0.484094
   7600000      9.265399      0.481648
   7620000      9.275298      0.466083
   7640000      9.294567      0.458665
   7660000      9.302759      0.453031
   7680000      9.301984      0.443869
   7700000      9.304909      0.415919
   7720000      9.310937      0.396730
   7740000      9.282866      0.367929
   7760000      9.277379      0.350355
   7780000      9.270523      0.335600
   7800000      9.315452      0.322390
   7820000      9.306728      0.301844
   7840000      9.347843      0.280102
   7860000      9.403096      0.291536
   7880000      9.461233      0.323688
   7900000      9.498134      0.363746
   7920000      9.505222      0.332072
   7940000      9.465123      0.247237
   7960000      9.498181      0.253378
   7980000      9.523726      0.264489
   8000000      9.541523      0.256670
   8020000      9.513708      0.207111
   8040000      9.520967      0.190349
   8060000      9.584318      0.236557
   8080000      9.614211      0.248944
   8100000      9.628414      0.245695
   8120000      9.584665      0.163580
   8140000      9.598774      0.155606
   8160000      9.594741      0.129835
   8180000      9.599713      0.114301
   8200000      9.606336      0.094470
   8220000      9.608334      0.070756
   8240000      9.629878      0.056582
   8260000      9.634795      0.043639
   8280000      9.626964      0.023942
   8300000      9.659728      0.026489
   8320000      9.682251      0.020822
   8340000      9.643740     -0.005880
   8360000      9.663166     -0.009727
   8380000      9.670780     -0.022628
   8400000      9.661242     -0.040549
   8420000      9.671516     -0.061071
   8440000      9.654525     -0.092811
   8460000      9.654509     -0.111810
   8480000      9.665571     -0.131502
   8500000      9.662866     -0.140535
   8520000      9.680279     -0.157235
   8540000      9.671425     -0.174117
   8560000      9.704887     -0.182748
   8580000      9.717037     -0.208346
   8600000      9.710650     -0.223306
   8620000      9.748744     -0.228061
   8640000      9.742121     -0.246513
   8660000      9.727526     -0.267377
   8680000      9.740819     -0.277708
   8700000      9.787454     -0.286607
   8720000      9.787880     -0.298878
   8740000      9.775486     -0.311346
   8760000      9.771934     -0.332244
   8780000      9.810236     -0.346724
   8800000      9.776668     -0.378765
   8820000      9.789221     -0.384833
   8840000      9.722652     -0.412551
   8860000      9.721536     -0.440762
   8880000      9.717614     -0.453224
   8900000      9.723610     -0.470469
   8920000      9.712218     -0.491018
   8940000      9.755907     -0.498910
   8960000      9.740910     -0.515603
   8980000      9.767808     -0.529167
   9000000      9.760067     -0.554972
   9020000      9.771244     -0.564479
   9040000      9.740177     -0.585811
   9060000      9.711613     -0.599524
   9080000      9.707882     -0.612657
   9100000      9.702131     -0.630358
   9120000      9.720320     -0.649716
   9140000      9.739935     -0.668422
   9160000      9.715343     -0.676719
   9180000      9.725696     -0.690277
   9200000      9.725494     -0.708606
   9220000      9.715437     -0.720647
   9240000      9.707133     -0.734990
   9260000      9.716534     -0.749701
   9280000      9.664178     -0.745159
   9300000      9.685555     -0.764117
   9320000      9.642109     -0.772445
   9340000      9.661218     -0.809838
   9360000      9.642263     -0.821852
   9380000      9.696821     -0.855165
   9400000      9.690719     -0.873570
   9420000      9.683684     -0.888277
   9440000      9.674948     -0.893818
   9460000      9.672832     -0.902329
   9480000      9.674110     -0.930674
   9500000      9.675406     -0.945654
   9520000      9.681192     -0.954545
   9540000      9.699508     -0.975367
   9560000      9.692372     -0.992383
   9580000      9.679199     -1.003041
   9600000      9.661112     -1.026749
   9620000      9.666713     -1.037635
   9640000      9.668568     -1.049485
   9660000      9.676598     -1.060804
   9680000      9.670179     -1.073563
   9700000      9.658494     -1.090834
   9720000      9.685576     -1.103640
   9740000      9.681100     -1.107205
   9760000      9.692865     -1.116899
   9780000      9.678647     -1.132475
   9800000      9.678670     -1.133998
   9820000      9.700938     -1.139511
   9840000      9.724868     -1.147729
   9860000      9.738984     -1.164051
   9880000      9.754921     -1.179161
   9900000      9.734152     -1.233409
   9920000      9.742304     -1.236987
   9940000      9.739749     -1.257919
   9960000      9.744358     -1.271753
   9980000      9.763573     -1.276910
  10000000      9.722425     -1.314434
