         0      4.000000      0.000000
     20000      4.008090      0.007957
     40000      4.011631      0.010346
     60000      4.011765     -0.004168
     80000      4.014993      0.002426
    100000      4.012501      0.012006
    120000      4.010483      0.022243
    140000      4.010487      0.041523
    160000      4.041285      0.024227
    180000      4.081144     -0.107626
    200000      4.127461     -0.103468
    220000      4.174825     -0.012464
    240000      4.211144      0.021521
    260000      4.255696      0.031844
    280000      4.267286      0.151393
    300000      4.293959      0.163655
    320000      4.311934      0.167965
    340000      4.361919      0.120225
    360000      4.412768      0.044787
    380000      4.446450     -0.096737
    400000      4.460903     -0.213694
    420000      4.477553     -0.223125
    440000      4.522926     -0.233414
    460000      4.540186     -0.239332
    480000      4.570440     -0.302510
    500000      4.611568     -0.294047
    520000      4.641753     -0.165924
    540000      4.693642     -0.287606
    560000      4.696595     -0.365624
    580000      4.745700     -0.316693
    600000      4.759728     -0.359168
    620000      4.776262     -0.398905
    640000      4.857902     -0.254580
    660000      4.881017     -0.287279
    680000      4.909844     -0.296639
    700000      4.938176     -0.306274
    720000      4.972448     -0.339753
    740000      4.994411     -0.395248
    760000      5.026322     -0.310296
    780000      5.037453     -0.454875
    800000      5.094336     -0.392620
    820000      5.124974     -0.374978
    840000      5.148956     -0.444221
    860000      5.165363     -0.506138
    880000      5.184967     -0.560524
    900000      5.212221     -0.565728
    920000      5.274615     -0.484244
    940000      5.333180     -0.448773
    960000      5.351836     -0.478749
    980000      5.363912     -0.508524
   1000000      5.420108     -0.307486
   1020000      5.399590     -0.106160
   1040000      5.421436     -0.033187
   1060000      5.470320     -0.071096
   1080000      5.455441      0.016001
   1100000      5.494359      0.019822
   1120000      5.587350     -0.096260
   1140000      5.634139     -0.140289
   1160000      5.671514     -0.131175
   1180000      5.723343     -0.196592
   1200000      5.761977     -0.198114
   1220000      5.789523     -0.259975
   1240000      5.817542     -0.119101
   1260000      5.842083     -0.204583
   1280000      5.879802     -0.230712
   1300000      5.898322     -0.261310
   1320000      5.926109     -0.235938
   1340000      5.965565     -0.215521
   1360000      6.014691     -0.216002
   1380000      6.046674     -0.209772
   1400000      6.075647     -0.164987
   1420000      6.115738     -0.232156
   1440000      6.146277     -0.179273
   1460000      6.179791     -0.179002
   1480000      6.224669     -0.191683
   1500000      6.263707     -0.242228
   1520000      6.288928     -0.281411
   1540000      6.315092     -0.312429
   1560000      6.343986     -0.326575
   1580000      6.326938     -0.470564
   1600000      6.352306     -0.492567
   1620000      6.351672     -0.522173
   1640000      6.402270     -0.525582
   1660000      6.435317     -0.549643
   1680000      6.543323     -0.427304
   1700000      6.552018     -0.534768
   1720000      6.605760     -0.494706
   1740000      6.634197     -0.497521
   1760000      6.694919     -0.436895
   1780000      6.664386     -0.571648
   1800000      6.783584     -0.351863
   1820000      6.818816     -0.380498
   1840000      6.837277     -0.444372
   1860000      6.873548     -0.483410
   1880000      6.915520     -0.449165
   1900000      6.950020     -0.417033
   1920000      6.956525     -0.524466
   1940000      6.995017     -0.526858
   1960000      7.021925     -0.554063
   1980000      7.061871     -0.475129
   2000000      7.045353     -0.646413
   2020000      7.060493     -0.672664
   2040000      7.078071     -0.695160
   2060000      7.160860     -0.601444
   2080000      7.181842     -0.645663
   2100000      7.199712     -0.653624
   2120000      7.250117     -0.647284
   2140000      7.261951     -0.675490
   2160000      7.280028     -0.696124
   2180000      7.275662     -0.764091
   2200000      7.309592     -0.777035
   2220000      7.355084     -0.777739
   2240000      7.453995     -0.643399
   2260000      7.488713     -0.635104
   2280000      7.504300     -0.635405
   2300000      7.528534     -0.683406
   2320000      7.536611     -0.777342
   2340000      7.588760     -0.741312
   2360000      7.640078     -0.695535
   2380000      7.672173     -0.723729
   2400000      7.681310     -0.760491
   2420000      7.718323     -0.715223
   2440000      7.741415     -0.772612
   2460000      7.775773     -0.800549
   2480000      7.743951     -0.979937
   2500000      7.757304     -1.027834
   2520000      7.803553     -1.012853
   2540000      7.808897     -1.085665
   2560000      7.844800     -1.092301
   2580000      7.812047     -1.189049
   2600000      7.779619     -1.246192
   2620000      7.896210     -1.185081
   2640000      7.906820     -1.225237
   2660000      7.982752     -1.172100
   2680000      8.007602     -1.187493
   2700000      8.027514     -1.190405
   2720000      7.994453     -1.302565
   2740000      8.097547     -1.216898
   2760000      8.106164     -1.245231
   2780000      8.151047     -1.242719
   2800000      8.166787     -1.274871
   2820000      8.225554     -1.227594
   2840000      8.245275     -1.273628
   2860000      8.253741     -1.338794
   2880000      8.317532     -1.307885
   2900000      8.352456     -1.289647
   2920000      8.392906     -1.223686
   2940000      8.419934     -1.274780
   2960000      8.439524     -1.361286
   2980000      8.463478     -1.371889
   3000000      8.473621     -1.426906
   3020000      8.516253     -1.409162
   3040000      8.543836     -1.389118
   3060000      8.542454     -1.505745
   3080000      8.570637     -1.512742
   3100000      8.607914     -1.517298
   3120000      8.605741     -1.565601
   3140000      8.676938     -1.499138
   3160000      8.769169     -1.327339
   3180000      8.810235     -1.295301
   3200000      8.839110     -1.303183
   3220000      8.857774     -1.336713
   3240000      8.895436     -1.343062
   3260000      8.931320     -1.287846
   3280000      8.956902     -1.276126
   3300000      8.992004     -1.236311
   3320000      9.012539     -1.215027
   3340000      9.037469     -1.204186
   3360000      9.063407     -1.210604
   3380000      9.101017     -1.230371
   3400000      9.105740     -1.414583
   3420000      9.143217     -1.470295
   3440000      9.177997     -1.489622
   3460000      9.206859     -1.497643
   3480000      9.239214     -1.499358
   3500000      9.266190     -1.485191
   3520000      9.296068     -1.436379
   3540000      9.319099     -1.499171
   3560000      9.323089     -1.601865
   3580000      9.381577     -1.501973
   3600000      9.403601     -1.482752
   3620000      9.433454     -1.492860
   3640000      9.460771     -1.491922
   3660000      9.496344     -1.523367
   3680000      9.492196     -1.636581
   3700000      9.545080     -1.591666
   3720000      9.580110     -1.595202
   3740000      9.610577     -1.592934
   3760000      9.637990     -1.631050
   3780000      9.647676     -1.659463
   3800000      9.658395     -1.727978
   3820000      9.694528     -1.718922
   3840000      9.692435     -1.754505
   3860000      9.742492     -1.752326
   3880000      9.776449     -1.750118
   3900000      9.770307     -1.821600
   3920000      9.771352     -1.850812
   3940000      9.812486     -1.849851
   3960000      9.842678     -1.866065
   3980000      9.868933     -1.883977
   4000000      9.992484     -1.756078
   4020000      9.991808     -1.805906
   4040000      9.987280     -1.848495
   4060000     10.000449     -1.894017
   4080000     10.001087     -1.811836
   4100000     10.091541     -1.839431
   4120000     10.161024     -1.746263
   4140000     10.186078     -1.704439
   4160000     10.290899     -1.575198
   4180000     10.332015     -1.624039
   4200000     10.374885     -1.549004
   4220000     10.318101     -1.864623
   4240000     10.327612     -1.913980
   4260000     10.364188     -1.915174
   4280000     10.400182     -1.908760
   4300000     10.435610     -1.911896
   4320000     10.456611     -1.914141
   4340000     10.496590     -1.943248
   4360000     10.507676     -1.988859
   4380000     10.548466     -1.978238
   4400000     10.539927     -2.039889
   4420000     10.567275     -2.046593
   4440000     10.643399     -1.979970
   4460000     10.698142     -1.951347
   4480000     10.744366     -1.926481
   4500000     10.769719     -1.964286
   4520000     10.817199     -1.911872
   4540000     10.844096     -1.904385
   4560000     10.878309     -1.890498
   4580000     10.930076     -1.795102
   4600000     10.951506     -1.821071
   4620000     10.976735     -1.776189
   4640000     11.001712     -1.882903
   4660000     11.037611     -1.863867
   4680000     11.045383     -1.942004
   4700000     11.082737     -1.906103
   4720000     11.126939     -1.857507
   4740000     11.159406     -1.865012
   4760000     11.175531     -1.902732
   4780000     11.222849     -1.961529
   4800000     11.266760     -1.898292
   4820000     11.293328     -1.919142
   4840000     11.309353     -1.937484
   4860000     11.354905     -1.917560
   4880000     11.372060     -1.957078
   4900000     11.396794     -2.006021
   4920000     11.434384     -1.996899
   4940000     11.408997     -2.188315
   4960000     11.475375     -2.111058
   4980000     11.532284     -2.066951
   5000000     11.537852     -2.140404
   5020000     11.594494     -2.012147
   5040000     11.623575     -2.032855
   5060000     11.659016     -2.016071
   5080000     11.670282     -1.918154
   5100000     11.706502     -1.962055
   5120000     11.746633     -2.006316
   5140000     11.771960     -2.014711
   5160000     11.805024     -2.038201
   5180000     11.833354     -1.971087
   5200000     11.875478     -1.981307
   5220000     11.895457     -1.940171
   5240000     11.928775     -2.025151
   5260000     11.955625     -2.061235
   5280000     11.989258     -1.992031
   5300000     12.005997     -1.978188
   5320000     12.011878     -1.953668
   5340000     12.038307     -1.951969
   5360000     12.087717     -1.984070
   5380000     12.106675     -1.970871
   5400000     12.093231     -1.882329
   5420000     12.120062     -1.875720
   5440000     12.176841     -1.925492
   5460000     12.152577     -1.854228
   5480000     12.222733     -1.913228
   5500000     12.277566     -1.968628
   5520000     12.305701     -1.930761
   5540000     12.363402     -2.002438
   5560000     12.390284     -1.950222
   5580000     12.417951     -1.955308
   5600000     12.454592     -2.070673
   5620000     12.482934     -2.070298
   5640000     12.511171     -2.077249
   5660000     12.562317     -2.089478
   5680000     12.587898     -2.170363
   5700000     12.632012     -2.102549
   5720000     12.655869     -2.126787
   5740000     12.690508     -2.079036
   5760000     12.715454     -2.141129
   5780000     12.737756     -2.229146
   5800000     12.769246     -2.209556
   5820000     12.805269     -2.252731
   5840000     12.829022     -2.262994
   5860000     12.867561     -2.219612
   5880000     12.882062     -2.285437
   5900000     12.917853     -2.254678
   5920000     12.930070     -2.318729
   5940000     12.961311     -2.284694
   5960000     13.003527     -2.247626
   5980000     13.031607     -2.208075
   6000000     13.083513     -2.156937
   6020000     13.104378     -2.110852
   6040000     13.128998     -2.048396
   6060000     13.169561     -2.168349
   6080000     13.187244     -2.039267
   6100000     13.145702     -1.866834
   6120000     13.217507     -1.915825
   6140000     13.246006     -1.954857
   6160000     13.223135     -1.808995
   6180000     13.199150     -1.704823
   6200000     13.182193     -1.615818
   6220000     13.183194     -1.582203
   6240000     13.172736     -1.547492
   6260000     13.383341     -1.721958
   6280000     13.327815     -1.591277
   6300000     13.338083     -1.561929
   6320000     13.374519     -1.540162
   6340000     13.432653     -1.561422
   6360000     13.513985     -1.601605
   6380000     13.520676     -1.544866
   6400000     13.517606     -1.472900
   6420000     13.491821     -1.395767
   6440000     13.617420     -1.500571
   6460000     13.604117     -1.416675
   6480000     13.656420     -1.427170
   6500000     13.694733     -1.424464
   6520000     13.721580     -1.366483
   6540000     13.749706     -1.348838
   6560000     13.772542     -1.336921
   6580000     13.758646     -1.268091
   6600000     13.791047     -1.266210
   6620000     13.816491     -1.266076
   6640000     13.803285     -1.218445
   6660000     13.706621     -1.140581
   6680000     13.874699     -1.205106
   6700000     13.886086     -1.172157
   6720000     13.893103     -1.159547
   6740000     13.981309     -1.190577
   6760000     14.030042     -1.201727
   6780000     14.087249     -1.204574
   6800000     14.018267     -1.074950
   6820000     14.088072     -1.094706
   6840000     14.067035     -1.043652
   6860000     14.129704     -1.051684
   6880000     14.300413     -1.274677
   6900000     14.314208     -1.216671
   6920000     14.332590     -1.169559
   6940000     14.355312     -1.161165
   6960000     14.310278     -1.068752
   6980000     14.483679     -1.561967
   7000000     14.535841     -1.346995
   7020000     14.554507     -1.312576
   7040000     14.586368     -1.291258
   7060000     14.609165     -1.274011
   7080000     14.647711     -1.317229
   7100000     14.655756     -1.278371
   7120000     14.703288     -1.307995
   7140000     14.735208     -1.297911
   7160000     14.761012     -1.322486
   7180000     14.791037     -1.249932
   7200000     14.815446     -1.208446
   7220000     14.818640     -1.154068
   7240000     14.873126     -1.183110
   7260000     14.914876     -1.247764
   7280000     14.944225     -1.258802
   7300000     14.981953     -1.286796
   7320000     15.011054     -1.260909
   7340000     15.050681     -1.359066
   7360000     15.079903     -1.345162
   7380000     15.117955     -1.345191
   7400000     15.146096     -1.251179
   7420000     15.179185     -1.287956
   7440000     15.215246     -1.257982
   7460000     15.247747     -1.298980
   7480000     15.261346     -1.201532
   7500000     15.283405     -1.360681
   7520000     15.331644     -1.396972
   7540000     15.369170     -1.386641
   7560000     15.401526     -1.343082
   7580000     15.429920     -1.437266
   7600000     15.452870     -1.452477
   7620000     15.466984     -1.471728
   7640000     15.511258     -1.464180
   7660000     15.521822     -1.434961
   7680000     15.447189     -0.879855
   7700000     15.498622     -0.883782
   7720000     15.505590     -0.849639
   7740000     15.523683     -0.841649
   7760000     15.543212     -0.809268
   7780000     15.443284     -0.700861
   7800000     15.452973     -0.663548
   7820000     15.574459     -0.705434
   7840000     15.515566     -0.630087
   7860000     15.539539     -0.612730
   7880000     15.544602     -0.583994
   7900000     15.530929     -0.547717
   7920000     15.549974     -0.527556
   7940000     15.582492     -0.496931
   7960000     15.893767     -0.685148
   7980000     15.909534     -0.652753
   8000000     15.967418     -0.675314
   8020000     16.015122     -0.718608
   8040000     15.994371     -0.646577
   8060000     15.932834     -0.494211
   8080000     15.875935     -0.378739
   8100000     15.831983     -0.312609
   8120000     15.944173     -0.367408
   8140000     15.873233     -0.280975
   8160000     15.949707     -0.297764
   8180000     15.959046     -0.275457
   8200000     15.829491     -0.166699
   8220000     15.845357     -0.135469
   8240000     15.836840     -0.091380
   8260000     15.886231     -0.081067
   8280000     15.964472     -0.086624
   8300000     15.996290     -0.079032
   8320000     16.020754     -0.050204
   8340000     15.959012      0.011362
   8360000     15.782525      0.088204
   8380000     15.871859      0.094754
   8400000     15.940809      0.123432
   8420000     16.100996      0.083348
   8440000     16.026255      0.147344
   8460000     16.071580      0.158727
   8480000     16.097182      0.187632
   8500000     16.153262      0.174360
   8520000     16.289186      0.042364
   8540000     16.192050      0.238881
   8560000     16.272011      0.195518
   8580000     16.300927      0.213142
   8600000     16.332919      0.214508
   8620000     16.369151      0.232457
   8640000     16.358777      0.323066
   8660000     16.346350      0.385123
   8680000     16.387319      0.401928
   8700000     16.484342      0.308320
   8720000     16.390207      0.455793
   8740000     16.554271      0.399373
   8760000     16.565168      0.434000
   8780000     16.631769      0.412987
   8800000     16.546918      0.531088
   8820000     16.538038      0.580893
   8840000     16.595802      0.572934
   8860000     16.595044      0.606318
   8880000     16.570427      0.651158
   8900000     16.606031      0.672907
   8920000     16.545534      0.710158
   8940000     16.542957      0.733934
   8960000     16.551954      0.766770
   8980000     16.563357      0.788428
   9000000     16.599901      0.815488
   9020000     16.560832      0.852682
   9040000     16.749627      0.850533
   9060000     16.674783      0.918022
   9080000     16.673671      0.952491
   9100000     16.666584      0.976018
   9120000     16.666236      1.000968
   9140000     16.613635      1.040337
   9160000     16.703295      1.054182
   9180000     16.714976      1.084080
   9200000     16.722017      1.110786
   9220000     16.480362      1.170354
   9240000     16.494644      1.195253
   9260000     16.432516      1.228761
   9280000     16.395237      1.250236
   9300000     16.514326      1.276493
   9320000     16.453408      1.311051
   9340000     16.364030      1.320459
   9360000     16.378906      1.358233
   9380000     16.389878      1.396463
   9400000     16.407542      1.431920
   9420000     16.438442      1.469133
   9440000     16.356614      1.483289
   9460000     16.395064      1.531248
   9480000     16.385114      1.549024
   9500000     16.390085      1.589772
   9520000     16.275540      1.604842
   9540000     16.695551      1.590638
   9560000     16.328622      1.674580
   9580000     16.290201      1.679403
   9600000     16.233271      1.689989
   9620000     16.270197      1.730580
   9640000     16.246580      1.755241
   9660000     16.358322      1.827851
   9680000     16.357298      1.858890
   9700000     16.334104      1.874661
   9720000     16.285148      1.899790
   9740000     16.279234      1.922325
   9760000     16.357596      1.982415
   9780000     16.336363      2.014580
   9800000     16.317709      2.037314
   9820000     16.429325      2.074274
   9840000     16.369229      2.114774
   9860000     16.361105      2.143283
   9880000     16.348645      2.164759
   9900000     16.367544      2.190288
   9920000     16.367560      2.211539
   9940000     16.365530      2.261971
   9960000     16.352795      2.290336
   9980000     16.427377      2.318353
  10000000     16.443910      2.344059
