         0      4.000000      0.000000
     20000      4.001727     -0.074346
     40000      4.011735     -0.070032
     60000      4.033880     -0.039897
     80000      4.045800     -0.022299
    100000      4.055901     -0.023631
    120000      4.063243     -0.031763
    140000      4.075910     -0.022026
    160000      4.081571      0.000954
    180000      4.092965     -0.009380
    200000      4.107265      0.004912
    220000      4.119841      0.027043
    240000      4.132670      0.031501
    260000      4.143739      0.040398
    280000      4.157962      0.026103
    300000      4.165436      0.043593
    320000      4.176152      0.043571
    340000      4.176881      0.061888
    360000      4.184580      0.058070
    380000      4.198292      0.064491
    400000      4.203588      0.061529
    420000      4.208819      0.068932
    440000      4.218837      0.065645
    460000      4.237697      0.035882
    480000      4.245537      0.032691
    500000      4.256084      0.043698
    520000      4.260659      0.038450
    540000      4.267646      0.051746
    560000      4.273251      0.056122
    580000      4.279770      0.074497
    600000      4.284503      0.093489
    620000      4.292145      0.117210
    640000      4.281964      0.138889
    660000      4.289966      0.146560
    680000      4.279456      0.162932
    700000      4.274299      0.170425
    720000      4.273482      0.180370
    740000      4.305409      0.177069
    760000      4.327861      0.172131
    780000      4.334176      0.177495
    800000      4.348281      0.178335
    820000      4.364177      0.185040
    840000      4.383770      0.185830
    860000      4.400550      0.172594
    880000      4.400614      0.188304
    900000      4.413127      0.188979
    920000      4.435043      0.181102
    940000      4.437796      0.188150
    960000      4.450512      0.193520
    980000      4.444624      0.220639
   1000000      4.446658      0.242168
   1020000      4.471886      0.232599
   1040000      4.485547      0.236853
   1060000      4.489281      0.247841
   1080000      4.496514      0.252392
   1100000      4.522262      0.234819
   1120000      4.526573      0.251337
   1140000      4.529683      0.265302
   1160000      4.539849      0.266660
   1180000      4.554141      0.261627
   1200000      4.562742      0.267028
   1220000      4.568168      0.281646
   1240000      4.578930      0.284330
   1260000      4.588412      0.290581
   1280000      4.602743      0.292588
   1300000      4.607176      0.295217
   1320000      4.633364      0.293038
   1340000      4.627787      0.322211
   1360000      4.649160      0.308463
   1380000      4.653320      0.310561
   1400000      4.667813      0.306958
   1420000      4.696512      0.254014
   1440000      4.716045      0.245093
   1460000      4.732284      0.237490
   1480000      4.746730      0.217088
   1500000      4.752834      0.217550
   1520000      4.771762      0.219433
   1540000      4.781063      0.220931
   1560000      4.791330      0.235316
   1580000      4.797441      0.234490
   1600000      4.808532      0.216857
   1620000      4.820258      0.211211
   1640000      4.824006      0.203093
   1660000      4.834914      0.182444
   1680000      4.850311      0.193816
   1700000      4.858238      0.193831
   1720000      4.874464      0.187590
   1740000      4.897034      0.197860
   1760000      4.910340      0.203492
   1780000      4.924220      0.211442
   1800000      4.928888      0.213327
   1820000      4.939493      0.209455
   1840000      4.937955      0.185216
   1860000      4.954816      0.185850
   1880000      4.961896      0.171372
   1900000      4.970003      0.167588
   1920000      4.972833      0.154913
   1940000      4.974880      0.153097
   1960000      4.983216      0.148827
   1980000      4.980312      0.143559
   2000000      4.983078      0.129978
   2020000      4.981647      0.122804
   2040000      4.995373      0.116685
   2060000      5.004403      0.101339
   2080000      4.999858      0.074678
   2100000      5.005606      0.067807
   2120000      5.010096      0.062936
   2140000      5.021012      0.058062
   2160000      5.015122      0.047364
   2180000      5.017885      0.040434
   2200000      5.029848      0.030639
   2220000      5.006704      0.014448
   2240000      5.003110      0.002254
   2260000      5.009463      0.002062
   2280000      5.001662     -0.008941
   2300000      5.002428     -0.007943
   2320000      4.999440     -0.021106
   2340000      4.998676     -0.027759
   2360000      4.989870     -0.037150
   2380000      4.997601     -0.043291
   2400000      4.986133     -0.060563
   2420000      4.963826     -0.059209
   2440000      4.956768     -0.066830
   2460000      4.957920     -0.076934
   2480000      4.984610     -0.094877
   2500000      4.986470     -0.113561
   2520000      4.988151     -0.124876
   2540000      4.992297     -0.144591
   2560000      4.997941     -0.159215
   2580000      4.996828     -0.187241
   2600000      4.993077     -0.199707
   2620000      5.002103     -0.214629
   2640000      5.012431     -0.228935
   2660000      5.038034     -0.248031
   2680000      5.033204     -0.256533
   2700000      5.034728     -0.261799
   2720000      5.042370     -0.274715
   2740000      5.031500     -0.283747
   2760000      5.034501     -0.301942
   2780000      5.021976     -0.302599
   2800000      5.016038     -0.311189
   2820000      5.016632     -0.315062
   2840000      5.013722     -0.319264
   2860000      5.016776     -0.328035
   2880000      5.016249     -0.332429
   2900000      5.012855     -0.334569
   2920000      5.053710     -0.362737
   2940000      5.040358     -0.374662
   2960000      5.054200     -0.386275
   2980000      5.050222     -0.399283
   3000000      5.045641     -0.404923
   3020000      5.022124     -0.406212
   3040000      5.005109     -0.412044
   3060000      4.993531     -0.421716
   3080000      4.989293     -0.432987
   3100000      4.978474     -0.440443
   3120000      4.973328     -0.457082
   3140000      4.968005     -0.467211
   3160000      4.956140     -0.473967
   3180000      4.949313     -0.485626
   3200000      4.928042     -0.486637
   3220000      4.920794     -0.491911
   3240000      4.904651     -0.488300
   3260000      4.897194     -0.491348
   3280000      4.898688     -0.502081
   3300000      4.891458     -0.510427
   3320000      4.881411     -0.519515
   3340000      4.870425     -0.514463
   3360000      4.865137     -0.520136
   3380000      4.839340     -0.512247
   3400000      4.837072     -0.537188
   3420000      4.831777     -0.544272
   3440000      4.822616     -0.546890
   3460000      4.809051     -0.552314
   3480000      4.802157     -0.561963
   3500000      4.799917     -0.576213
   3520000      4.787827     -0.582894
   3540000      4.784221     -0.586305
   3560000      4.770092     -0.594972
   3580000      4.762034     -0.595217
   3600000      4.749577     -0.603436
   3620000      4.735370     -0.607632
   3640000      4.724417     -0.616818
   3660000      4.719206     -0.630110
   3680000      4.711399     -0.637610
   3700000      4.720877     -0.654749
   3720000      4.705610     -0.648417
   3740000      4.690851     -0.648302
   3760000      4.683157     -0.648394
   3780000      4.664015     -0.639309
   3800000      4.641898     -0.632023
   3820000      4.623511     -0.614898
   3840000      4.609872     -0.599524
   3860000      4.592325     -0.595309
   3880000      4.578654     -0.586541
   3900000      4.573582     -0.567362
   3920000      4.545623     -0.550378
   3940000      4.542754     -0.526567
   3960000      4.530092     -0.543946
   3980000      4.516023     -0.542029
   4000000      4.505077     -0.518408
   4020000      4.503929     -0.492838
   4040000      4.491400     -0.510397
   4060000      4.480317     -0.501564
   4080000      4.473814     -0.496628
   4100000      4.473029     -0.479354
   4120000      4.450785     -0.492252
   4140000      4.435856     -0.479779
   4160000      4.433231     -0.471557
   4180000      4.424682     -0.451609
   4200000      4.408901     -0.464575
   4220000      4.408302     -0.427737
   4240000      4.409048     -0.413418
   4260000      4.401675     -0.410766
   4280000      4.391566     -0.399478
   4300000      4.365250     -0.405045
   4320000      4.356610     -0.401721
   4340000      4.350603     -0.400282
   4360000      4.330826     -0.410753
   4380000      4.321606     -0.400581
   4400000      4.275830     -0.454213
   4420000      4.272969     -0.460229
   4440000      4.261272     -0.468125
   4460000      4.244762     -0.469695
   4480000      4.245277     -0.465509
   4500000      4.237205     -0.461177
   4520000      4.224358     -0.460495
   4540000      4.218117     -0.457371
   4560000      4.212171     -0.441079
   4580000      4.196424     -0.458646
   4600000      4.176171     -0.453076
   4620000      4.166851     -0.445596
   4640000      4.163328     -0.433213
   4660000      4.151986     -0.439006
   4680000      4.142459     -0.440529
   4700000      4.128295     -0.440364
   4720000      4.111307     -0.435536
   4740000      4.100595     -0.439372
   4760000      4.099111     -0.426267
   4780000      4.083434     -0.422651
   4800000      4.078644     -0.408606
   4820000      4.073878     -0.403409
   4840000      4.066222     -0.393207
   4860000      4.055891     -0.390134
   4880000      4.048916     -0.378388
   4900000      4.038943     -0.378882
   4920000      4.027488     -0.377871
   4940000      4.024302     -0.362346
   4960000      4.004368     -0.359832
   4980000      3.991175     -0.368444
   5000000      3.984469     -0.352652
   5020000      3.972767     -0.345576
   5040000      3.965184     -0.335238
   5060000      3.959353     -0.328676
   5080000      3.951085     -0.318183
   5100000      3.945961     -0.309995
   5120000      3.928814     -0.313655
   5140000      3.914914     -0.295359
   5160000      3.897936     -0.298571
   5180000      3.884610     -0.300122
   5200000      3.871932     -0.295609
   5220000      3.875995     -0.263631
   5240000      3.854569     -0.262965
   5260000      3.849809     -0.244994
   5280000      3.832249     -0.247892
   5300000      3.831961     -0.239276
   5320000      3.817120     -0.235623
   5340000      3.789418     -0.263174
   5360000      3.787610     -0.241502
   5380000      3.773134     -0.255011
   5400000      3.766945     -0.251242
   5420000      3.758230     -0.248098
   5440000      3.744056     -0.248127
   5460000      3.739348     -0.243872
   5480000      3.718584     -0.263972
   5500000      3.728594     -0.198654
   5520000      3.706152     -0.209975
   5540000      3.694251     -0.210010
   5560000      3.695421     -0.195178
   5580000      3.691614     -0.170111
   5600000      3.688936     -0.161654
   5620000      3.686271     -0.154786
   5640000      3.678085     -0.146342
   5660000      3.677986     -0.127331
   5680000      3.662133     -0.134478
   5700000      3.642084     -0.140351
   5720000      3.623075     -0.147737
   5740000      3.617508     -0.154272
   5760000      3.609203     -0.159215
   5780000      3.600550     -0.159789
   5800000      3.592850     -0.158973
   5820000      3.583008     -0.185985
   5840000      3.568960     -0.200266
   5860000      3.561935     -0.203147
   5880000      3.549212     -0.210191
   5900000      3.540704     -0.201667
   5920000      3.527400     -0.215305
   5940000      3.520867     -0.209811
   5960000      3.520525     -0.213212
   5980000      3.497931     -0.209630
   6000000      3.490828     -0.225303
   6020000      3.481333     -0.222742
   6040000      3.478013     -0.226345
   6060000      3.459577     -0.219655
   6080000      3.457196     -0.221818
   6100000      3.450218     -0.233769
   6120000      3.440229     -0.227551
   6140000      3.432183     -0.054679
   6160000      3.419219     -0.050327
   6180000      3.410175     -0.051257
   6200000      3.396204     -0.048306
   6220000      3.379614     -0.056280
   6240000      3.376817     -0.041015
   6260000      3.354587     -0.069787
   6280000      3.344331     -0.064435
   6300000      3.328208     -0.066307
   6320000      3.321277     -0.069130
   6340000      3.313530     -0.079892
   6360000      3.298687     -0.067341
   6380000      3.285808     -0.084995
   6400000      3.285314     -0.109487
   6420000      3.268232     -0.129480
   6440000      3.261587     -0.146181
   6460000      3.244107     -0.143498
   6480000      3.238920     -0.145916
   6500000      3.240499     -0.173396
   6520000      3.220426     -0.180937
   6540000      3.207003     -0.171984
   6560000      3.194357     -0.172635
   6580000      3.190575     -0.184077
   6600000      3.173533     -0.181120
   6620000      3.167259     -0.187433
   6640000      3.161181     -0.188841
   6660000      3.165761     -0.217831
   6680000      3.156496     -0.227650
   6700000      3.153502     -0.223145
   6720000      3.147796     -0.238566
   6740000      3.139204     -0.248667
   6760000      3.129239     -0.253274
   6780000      3.108157     -0.248062
   6800000      3.091637     -0.233656
   6820000      3.082820     -0.243798
   6840000      3.060455     -0.214870
   6860000      3.035010     -0.210821
   6880000      3.030153     -0.219202
   6900000      3.024358     -0.219910
   6920000      3.019414     -0.245062
   6940000      3.013741     -0.240441
   6960000      2.999888     -0.237907
   6980000      2.988589     -0.237272
   7000000      2.976672     -0.247840
   7020000      2.971419     -0.255187
   7040000      2.954578     -0.260607
   7060000      2.951848     -0.272277
   7080000      2.940972     -0.272424
   7100000      2.933450     -0.273191
   7120000      2.924872     -0.279957
   7140000      2.916842     -0.290419
   7160000      2.904533     -0.289441
   7180000      2.899066     -0.295603
   7200000      2.885044     -0.295176
   7220000      2.877304     -0.302446
   7240000      2.871061     -0.307326
   7260000      2.863110     -0.317828
   7280000      2.859283     -0.333658
   7300000      2.851653     -0.342619
   7320000      2.840460     -0.341874
   7340000      2.815000     -0.323944
   7360000      2.802337     -0.316667
   7380000      2.790362     -0.326653
   7400000      2.779760     -0.330927
   7420000      2.765464     -0.321505
   7440000      2.755594     -0.311414
   7460000      2.740179     -0.311583
   7480000      2.725863     -0.300373
   7500000      2.713676     -0.305162
   7520000      2.704385     -0.300431
   7540000      2.695255     -0.311610
   7560000      2.683782     -0.324379
   7580000      2.672854     -0.353323
   7600000      2.671181     -0.368592
   7620000      2.660597     -0.380702
   7640000      2.651551     -0.378732
   7660000      2.640606     -0.390590
   7680000      2.636493     -0.395608
   7700000      2.629380     -0.394912
   7720000      2.607769     -0.387389
   7740000      2.605058     -0.403889
   7760000      2.598549     -0.405688
   7780000      2.598493     -0.429012
   7800000      2.578906     -0.427826
   7820000      2.565589     -0.435355
   7840000      2.548452     -0.416767
   7860000      2.533311     -0.427066
   7880000      2.527490     -0.440756
   7900000      2.516656     -0.448677
   7920000      2.497050     -0.432915
   7940000      2.488798     -0.457986
   7960000      2.477131     -0.447846
   7980000      2.471501     -0.458973
   8000000      2.459424     -0.459617
   8020000      2.450704     -0.476179
   8040000      2.443240     -0.476480
   8060000      2.428772     -0.482324
   8080000      2.418718     -0.492539
   8100000      2.413466     -0.498680
   8120000      2.412815     -0.518342
   8140000      2.407789     -0.530400
   8160000      2.390125     -0.532401
   8180000      2.378852     -0.542110
   8200000      2.374774     -0.541399
   8220000      2.370693     -0.552819
   8240000      2.362254     -0.568491
   8260000      2.323903     -0.534175
   8280000      2.315414     -0.542754
   8300000      2.303345     -0.552025
   8320000      2.290976     -0.545657
   8340000      2.283207     -0.557213
   8360000      2.268857     -0.556306
   8380000      2.257368     -0.565994
   8400000      2.250542     -0.573571
   8420000      2.232272     -0.566165
   8440000      2.221748     -0.576277
   8460000      2.218580     -0.586274
   8480000      2.209481     -0.594074
   8500000      2.203202     -0.621728
   8520000      2.182942     -0.613631
   8540000      2.190880     -0.641034
   8560000      2.175566     -0.652364
   8580000      2.162940     -0.651626
   8600000      2.139040     -0.640558
   8620000      2.124166     -0.631499
   8640000      2.106616     -0.624439
   8660000      2.097439     -0.625869
   8680000      2.079758     -0.607785
   8700000      2.062226     -0.593286
   8720000      2.052242     -0.595541
   8740000      2.040470     -0.592941
   8760000      2.029606     -0.601203
   8780000      2.021585     -0.600581
   8800000      2.007527     -0.599802
   8820000      2.001503     -0.602370
   8840000      1.990494     -0.600314
   8860000      1.973075     -0.608656
   8880000      1.959278     -0.586975
   8900000      1.951152     -0.597028
   8920000      1.933488     -0.599015
   8940000      1.925284     -0.619615
   8960000      1.927257     -0.640700
   8980000      1.922603     -0.663845
   9000000      1.923805     -0.671416
   9020000      1.916399     -0.686825
   9040000      1.907773     -0.689660
   9060000      1.896604     -0.697498
   9080000      1.891306     -0.707936
   9100000      1.878310     -0.711637
   9120000      1.870186     -0.718484
   9140000      1.855070     -0.733019
   9160000      1.842287     -0.746583
   9180000      1.839467     -0.752198
   9200000      1.833891     -0.758577
   9220000      1.821072     -0.767855
   9240000      1.815545     -0.778528
   9260000      1.783603     -0.771128
   9280000      1.785787     -0.794103
   9300000      1.762941     -0.784702
   9320000      1.742418     -0.778568
   9340000      1.723445     -0.766546
   9360000      1.709908     -0.768765
   9380000      1.704208     -0.773701
   9400000      1.689929     -0.775472
   9420000      1.677940     -0.775746
   9440000      1.669541     -0.777027
   9460000      1.662485     -0.786704
   9480000      1.656786     -0.810615
   9500000      1.646988     -0.813691
   9520000      1.644812     -0.836914
   9540000      1.642290     -0.849966
   9560000      1.634650     -0.857939
   9580000      1.627751     -0.875278
   9600000      1.608803     -0.871108
   9620000      1.615357     -0.887836
   9640000      1.595069     -0.890544
   9660000      1.597005     -0.902070
   9680000      1.575296     -0.903793
   9700000      1.560344     -0.904940
   9720000      1.552728     -0.918094
   9740000      1.538897     -0.926286
   9760000      1.535737     -0.941475
   9780000      1.516447     -0.934421
   9800000      1.503964     -0.943561
   9820000      1.494258     -0.938492
   9840000      1.489017     -0.948593
   9860000      1.492857     -0.972249
   9880000      1.498025     -0.996237
   9900000      1.481717     -0.992129
   9920000      1.469351     -0.997091
   9940000      1.477011     -1.024931
   9960000      1.476212     -1.037346
   9980000      1.473442     -1.042315
  10000000      1.450565     -1.031944
