         0      4.000000      0.000000
     20000      3.886971      0.037099
     40000      3.678819      0.093027
     60000      3.615389      0.100275
     80000      3.625787      0.054156
    100000      3.507067      0.186789
    120000      3.595072      0.324412
    140000      3.569440      0.198610
    160000      3.595273      0.297363
    180000      3.608663     -0.081950
    200000      3.614085     -0.304156
    220000      3.639804     -0.353386
    240000      3.467521      0.142199
    260000      3.279306      0.451233
    280000      3.158865      0.296196
    300000      3.049232      0.580833
    320000      3.091460      0.454141
    340000      3.036817      0.228036
    360000      3.073193      0.299389
    380000      3.326303      0.156641
    400000      3.383164      0.143580
    420000      3.424473      0.055276
    440000      3.496078      0.303370
    460000      3.517312      0.366345
    480000      3.443079      0.382179
    500000      3.483921      0.171850
    520000      3.591712     -0.107044
    540000      3.636522     -0.263494
    560000      3.830655     -0.794681
    580000      4.055250     -0.843319
    600000      4.165146     -0.575367
    620000      4.009613     -0.379333
    640000      3.952852     -0.371976
    660000      4.099042     -0.873905
    680000      4.008076     -1.021752
    700000      3.996669     -0.617646
    720000      3.950287     -0.788064
    740000      4.082464     -0.853016
    760000      4.202825     -0.686582
    780000      4.028040     -0.600494
    800000      4.031183     -0.271104
    820000      4.049914     -0.315274
    840000      3.778735     -0.394370
    860000      3.931136     -0.156937
    880000      4.078185     -0.366646
    900000      4.014609     -0.135904
    920000      4.198471     -0.210497
    940000      4.172998     -0.532594
    960000      4.235648     -0.481317
    980000      4.162509     -0.518922
   1000000      4.117730     -0.356842
   1020000      4.112070     -0.551161
   1040000      4.365362     -0.797499
   1060000      4.464627     -0.670259
   1080000      4.338705     -0.388756
   1100000      4.350956     -0.444328
   1120000      4.376061     -0.473273
   1140000      4.315456     -0.486791
   1160000      4.301967     -0.425689
   1180000      4.391202     -0.650731
   1200000      4.174400     -0.615191
   1220000      4.293913     -0.987409
   1240000      4.318125     -1.143666
   1260000      4.154783     -0.775287
   1280000      4.167600     -0.632144
   1300000      4.093970     -0.966228
   1320000      4.080926     -1.018545
   1340000      3.947067     -1.324233
   1360000      4.133632     -0.936885
   1380000      4.110426     -0.994285
   1400000      4.155224     -0.644851
   1420000      4.253222     -1.132221
   1440000      4.174578     -1.366952
   1460000      4.020051     -0.845669
   1480000      4.010220     -1.131443
   1500000      3.919719     -1.057031
   1520000      4.002824     -0.615022
   1540000      4.054940     -0.809602
   1560000      4.140504     -0.793086
   1580000      4.138626     -1.020570
   1600000      4.354746     -0.986817
   1620000      4.607632     -1.191525
   1640000      4.647233     -1.528272
   1660000      4.555006     -1.641563
   1680000      4.369306     -1.605224
   1700000      4.357900     -0.928409
   1720000      4.439379     -1.387914
   1740000      4.429775     -1.106640
   1760000      4.572884     -0.834371
   1780000      4.443299     -0.970121
   1800000      4.657848     -0.900707
   1820000      4.511826     -0.991664
   1840000      4.284071     -0.937407
   1860000      4.649738     -1.049599
   1880000      4.583446     -1.332522
   1900000      4.874307     -1.279014
   1920000      4.846183     -1.116859
   1940000      4.982903     -0.997122
   1960000      4.919863     -1.094310
   1980000      5.000752     -1.096747
   2000000      4.920762     -1.476006
   2020000      4.989617     -1.409364
   2040000      4.930453     -1.396008
   2060000      4.924093     -1.205103
   2080000      4.942139     -1.293928
   2100000      4.976123     -0.886887
   2120000      5.080382     -1.274004
   2140000      5.292788     -0.833157
   2160000      5.225267     -1.443676
   2180000      5.389607     -1.461969
   2200000      5.228249     -1.488136
   2220000      5.252864     -1.532914
   2240000      5.230008     -1.399144
   2260000      5.287241     -1.452205
   2280000      5.370319     -1.738694
   2300000      5.419570     -1.622263
   2320000      5.367262     -1.935035
   2340000      5.340985     -1.997573
   2360000      5.069981     -1.966555
   2380000      4.971957     -2.009961
   2400000      4.787679     -2.015247
   2420000      4.795266     -2.234586
   2440000      4.752507     -2.412008
   2460000      4.723041     -2.369511
   2480000      4.762747     -2.316951
   2500000      4.827103     -1.974859
   2520000      5.065723     -2.061275
   2540000      5.088741     -2.037357
   2560000      5.118009     -2.008191
   2580000      4.897122     -2.122453
   2600000      5.107159     -2.146146
   2620000      5.174761     -1.986334
   2640000      5.057461     -2.125391
   2660000      5.044984     -2.054491
   2680000      5.042125     -2.140009
   2700000      4.991032     -2.485540
   2720000      4.940245     -2.627313
   2740000      4.825151     -2.428187
   2760000      4.934860     -2.420573
   2780000      4.803295     -2.663772
   2800000      4.516118     -2.606737
   2820000      4.503331     -2.642617
   2840000      4.289578     -2.794998
   2860000      4.279212     -2.577641
   2880000      4.241929     -2.585070
   2900000      4.357914     -2.511140
   2920000      4.429302     -2.530986
   2940000      4.672760     -2.257151
   2960000      4.680468     -2.243999
   2980000      4.860892     -2.444373
   3000000      4.586354     -2.929086
   3020000      4.703967     -2.661667
   3040000      4.437855     -2.931740
   3060000      4.197092     -3.031266
   3080000      4.233105     -3.016276
   3100000      3.913515     -3.234199
   3120000      3.692682     -3.130331
   3140000      3.380459     -3.091380
   3160000      3.573636     -2.947415
   3180000      3.584892     -2.964816
   3200000      3.304592     -2.972078
   3220000      3.162295     -2.806966
   3240000      3.517578     -2.664940
   3260000      3.728781     -2.748995
   3280000      3.932676     -2.708609
   3300000      3.655686     -2.723933
   3320000      3.466079     -2.743713
   3340000      3.498504     -2.810751
   3360000      3.721074     -2.665735
   3380000      3.757924     -2.715480
   3400000      3.652478     -2.786063
   3420000      4.062600     -2.574110
   3440000      4.065875     -2.588449
   3460000      4.403902     -2.475547
   3480000      4.436518     -2.322600
   3500000      4.196459     -2.543780
   3520000      4.005031     -2.396102
   3540000      4.174875     -2.080783
   3560000      3.931510     -2.112255
   3580000      4.193175     -1.965743
   3600000      4.396247     -1.999589
   3620000      4.325461     -2.097549
   3640000      4.038222     -2.248177
   3660000      4.327825     -2.350268
   3680000      4.003622     -2.514809
   3700000      3.951724     -2.486023
   3720000      4.160996     -2.368692
   3740000      4.166136     -2.437872
   3760000      4.336191     -2.065607
   3780000      4.637311     -1.889433
   3800000      4.573981     -1.835407
   3820000      4.147237     -1.919628
   3840000      4.174607     -1.691052
   3860000      4.157945     -1.777496
   3880000      4.083110     -1.672638
   3900000      4.368982     -1.453853
   3920000      4.221351     -1.349620
   3940000      4.348408     -1.590718
   3960000      4.171777     -1.722520
   3980000      4.116995     -1.943913
   4000000      4.298259     -1.652807
   4020000      4.318990     -1.823876
   4040000      4.361683     -2.001252
   4060000      4.533197     -2.065233
   4080000      4.475610     -1.974897
   4100000      4.206745     -2.086681
   4120000      3.944388     -2.233829
   4140000      4.147446     -2.253673
   4160000      4.144011     -2.279637
   4180000      3.728194     -2.523694
   4200000      3.942528     -2.475267
   4220000      3.712436     -2.425833
   4240000      3.738659     -2.506220
   4260000      3.523740     -2.347975
   4280000      3.613833     -2.407181
   4300000      3.612463     -2.413414
   4320000      3.347057     -2.518706
   4340000      3.468462     -2.611399
   4360000      3.432471     -2.643273
   4380000      3.256514     -2.815362
   4400000      3.333039     -2.902077
   4420000      3.373160     -2.869894
   4440000      3.280520     -2.847732
   4460000      3.298651     -2.872280
   4480000      3.398724     -2.702133
   4500000      3.405271     -2.852112
   4520000      3.335627     -2.740345
   4540000      3.571850     -2.546304
   4560000      3.481098     -2.496815
   4580000      3.287570     -2.506081
   4600000      3.182836     -2.473273
   4620000      2.786240     -2.673280
   4640000      2.433721     -2.878050
   4660000      1.918018     -2.544880
   4680000      2.181524     -2.464492
   4700000      2.139392     -2.290874
   4720000      1.963620     -2.652816
   4740000      1.550774     -2.613370
   4760000      2.016393     -2.503528
   4780000      1.624645     -2.323009
   4800000      1.792719     -2.778244
   4820000      1.855561     -2.741113
   4840000      1.537132     -2.626271
   4860000      1.434059     -2.558337
   4880000      1.438135     -2.651087
   4900000      1.392383     -2.890509
   4920000      1.456593     -2.973146
   4940000      1.424082     -2.715324
   4960000      0.897312     -2.682058
   4980000      0.946220     -2.736214
   5000000      1.152930     -2.592925
   5020000      1.243571     -2.586692
   5040000      1.547862     -2.538723
   5060000      1.661805     -2.660695
   5080000      1.636158     -2.669184
   5100000      1.551318     -2.603780
   5120000      1.363065     -2.581099
   5140000      1.435559     -2.802808
   5160000      1.510397     -2.926375
   5180000      1.507335     -2.856015
   5200000      1.603056     -2.698456
   5220000      1.718171     -2.708127
   5240000      1.961784     -2.814779
   5260000      1.609630     -2.987006
   5280000      1.664984     -3.099966
   5300000      1.271164     -2.889850
   5320000      1.406180     -3.106687
   5340000      1.789449     -3.378358
   5360000      1.467119     -3.262734
   5380000      1.420237     -3.386781
   5400000      1.472961     -3.265424
   5420000      1.543578     -3.126770
   5440000      1.415480     -3.150953
   5460000      1.652263     -3.111684
   5480000      1.835668     -3.079218
   5500000      1.655198     -2.991859
   5520000      1.874871     -2.997796
   5540000      1.744803     -2.956426
   5560000      1.735685     -3.000026
   5580000      2.193317     -3.013835
   5600000      2.083721     -3.179033
   5620000      2.012680     -3.220605
   5640000      2.041166     -3.387771
   5660000      2.125529     -3.298021
   5680000      1.771055     -3.162591
   5700000      1.604161     -3.362151
   5720000      1.904642     -3.179680
   5740000      1.975671     -3.205157
   5760000      1.832574     -3.272477
   5780000      1.868764     -3.127008
   5800000      2.178618     -3.401603
   5820000      2.611468     -3.636979
   5840000      2.496834     -3.556204
   5860000      2.556078     -3.502782
   5880000      2.791333     -3.510168
   5900000      2.079579     -3.508393
   5920000      2.476834     -3.527896
   5940000      2.447649     -3.644230
   5960000      2.462131     -3.493651
   5980000      2.204157     -3.617554
   6000000      2.485098     -3.820372
