         0      4.000000      0.000000
     20000      4.011374     -0.010638
     40000      4.008516     -0.038600
     60000      4.020103      0.004256
     80000      4.046424     -0.022899
    100000      4.066123     -0.022947
    120000      4.087991     -0.045808
    140000      4.114851     -0.065538
    160000      4.118617     -0.097881
    180000      4.155825     -0.088808
    200000      4.171651     -0.102376
    220000      4.191010     -0.112455
    240000      4.202581     -0.158618
    260000      4.229799     -0.183728
    280000      4.226421     -0.218827
    300000      4.231561     -0.235743
    320000      4.222956     -0.281536
    340000      4.268491     -0.296709
    360000      4.256424     -0.328775
    380000      4.296051     -0.337232
    400000      4.306560     -0.359153
    420000      4.400448     -0.312574
    440000      4.400653     -0.335517
    460000      4.382973     -0.385908
    480000      4.455127     -0.372191
    500000      4.492702     -0.369454
    520000      4.512160     -0.389824
    540000      4.510136     -0.439800
    560000      4.537845     -0.450150
    580000      4.537218     -0.478690
    600000      4.585064     -0.462410
    620000      4.657848     -0.442637
    640000      4.672972     -0.456999
    660000      4.693862     -0.474994
    680000      4.732055     -0.481173
    700000      4.749277     -0.504304
    720000      4.759513     -0.526514
    740000      4.800829     -0.489181
    760000      4.695048     -0.673458
    780000      4.698370     -0.710043
    800000      4.764038     -0.700235
    820000      4.776040     -0.726580
    840000      4.818026     -0.715180
    860000      4.811785     -0.757555
    880000      4.833623     -0.754002
    900000      4.828243     -0.793241
    920000      4.856358     -0.810857
    940000      4.892966     -0.815318
    960000      4.912325     -0.827132
    980000      4.947007     -0.818480
   1000000      4.943197     -0.873870
   1020000      4.906074     -0.933575
   1040000      4.987253     -0.907821
   1060000      4.998935     -0.931271
   1080000      5.042593     -0.923260
   1100000      5.074478     -0.920566
   1120000      5.028142     -0.995351
   1140000      5.030459     -1.025212
   1160000      5.075864     -1.020223
   1180000      5.079320     -1.055607
   1200000      5.012528     -1.114105
   1220000      5.031575     -1.133462
   1240000      5.094185     -1.135491
   1260000      5.115326     -1.155949
   1280000      5.118526     -1.182956
   1300000      5.141546     -1.195735
   1320000      5.138736     -1.226276
   1340000      5.168980     -1.231783
   1360000      5.148020     -1.271131
   1380000      5.169176     -1.285551
   1400000      5.117802     -1.338545
   1420000      5.128483     -1.362098
   1440000      5.151987     -1.378509
   1460000      5.101981     -1.410227
   1480000      5.106374     -1.438590
   1500000      5.089374     -1.463908
   1520000      5.105872     -1.497554
   1540000      5.079102     -1.517185
   1560000      5.062914     -1.538539
   1580000      5.397751     -1.422130
   1600000      5.429719     -1.436974
   1620000      5.468427     -1.433855
   1640000      5.496068     -1.425915
   1660000      5.514355     -1.450428
   1680000      5.552590     -1.415834
   1700000      5.544631     -1.496734
   1720000      5.465856     -1.644047
   1740000      5.481960     -1.654621
   1760000      5.501236     -1.673726
   1780000      5.535610     -1.670583
   1800000      5.546046     -1.696642
   1820000      5.580418     -1.694362
   1840000      5.577946     -1.739315
   1860000      5.613209     -1.718476
   1880000      5.639689     -1.741353
   1900000      5.614090     -1.802844
   1920000      5.638715     -1.820857
   1940000      5.655438     -1.830597
   1960000      5.684137     -1.857861
   1980000      5.691835     -1.871535
   2000000      5.740983     -1.876465
   2020000      5.701156     -1.943110
   2040000      5.710504     -1.959156
   2060000      5.740153     -1.963557
   2080000      5.757432     -1.985225
   2100000      5.781728     -1.999882
   2120000      5.813032     -2.006278
   2140000      5.831781     -2.019903
   2160000      5.874852     -2.014637
   2180000      5.874213     -2.049029
   2200000      5.896782     -2.070329
   2220000      5.917599     -2.088040
   2240000      5.879768     -2.155496
   2260000      5.911423     -2.170212
   2280000      5.938031     -2.183239
   2300000      5.966582     -2.182494
   2320000      5.924368     -2.247359
   2340000      5.963243     -2.261242
   2360000      5.959223     -2.298817
   2380000      6.010127     -2.270300
   2400000      5.984559     -2.328917
   2420000      5.998533     -2.349687
   2440000      6.034048     -2.355691
   2460000      6.037791     -2.381973
   2480000      5.976192     -2.468560
   2500000      6.017879     -2.456714
   2520000      6.020401     -2.496811
   2540000      6.021329     -2.539425
   2560000      6.011870     -2.569599
   2580000      6.062076     -2.577506
   2600000      6.093538     -2.586112
   2620000      6.110846     -2.607087
   2640000      6.133732     -2.605478
   2660000      6.154769     -2.607017
   2680000      6.102071     -2.711363
   2700000      6.121466     -2.724537
   2720000      6.092758     -2.775707
   2740000      6.081083     -2.800358
   2760000      6.085448     -2.829750
   2780000      6.086820     -2.848162
   2800000      6.091512     -2.871285
   2820000      6.114097     -2.889467
   2840000      6.083349     -2.931549
   2860000      6.103885     -2.945533
   2880000      6.188599     -2.932808
   2900000      6.114893     -3.014939
   2920000      6.156204     -3.019367
   2940000      6.143194     -3.059748
   2960000      6.117992     -3.084710
   2980000      6.175833     -3.100748
   3000000      6.165164     -3.131556
   3020000      6.144820     -3.154398
   3040000      6.121582     -3.177829
   3060000      6.126213     -3.194641
   3080000      6.124859     -3.218941
   3100000      6.084294     -3.229791
   3120000      6.102789     -3.259982
   3140000      6.229814     -3.297844
   3160000      6.181858     -3.334494
   3180000      6.152038     -3.356351
   3200000      6.165058     -3.375447
   3220000      6.185884     -3.412603
   3240000      6.188588     -3.437040
   3260000      6.219780     -3.446108
   3280000      6.227306     -3.475524
   3300000      6.274022     -3.497629
   3320000      6.248500     -3.528845
   3340000      6.236916     -3.556453
   3360000      6.279726     -3.589736
   3380000      6.336743     -3.606004
   3400000      6.358156     -3.621983
   3420000      6.299424     -3.678717
   3440000      6.373702     -3.680886
   3460000      6.371208     -3.715186
   3480000      6.407386     -3.728728
   3500000      6.417937     -3.747792
   3520000      6.403979     -3.782909
   3540000      6.421034     -3.789547
   3560000      6.476393     -3.794698
   3580000      6.472687     -3.821888
   3600000      6.465180     -3.854436
   3620000      6.334588     -3.911234
   3640000      6.336928     -3.936842
   3660000      6.358433     -3.952597
   3680000      6.358320     -3.979630
   3700000      6.347521     -3.995276
   3720000      6.458803     -4.012087
   3740000      6.390019     -4.057531
   3760000      6.396856     -4.083050
   3780000      6.351051     -4.111454
   3800000      6.354652     -4.140765
   3820000      6.410905     -4.154346
   3840000      6.485608     -4.162180
   3860000      6.485710     -4.180150
   3880000      6.519650     -4.204346
   3900000      6.584887     -4.224948
   3920000      6.563619     -4.249043
   3940000      6.553317     -4.270700
   3960000      6.689629     -4.258000
   3980000      6.716614     -4.276187
   4000000      6.704926     -4.308525
   4020000      6.737337     -4.322049
   4040000      6.750296     -4.349717
   4060000      6.767032     -4.366180
   4080000      6.771109     -4.388535
   4100000      6.737098     -4.432565
   4120000      6.710726     -4.459212
   4140000      6.717373     -4.475969
   4160000      6.834533     -4.473689
   4180000      6.845466     -4.495101
   4200000      6.857818     -4.513015
   4220000      6.858033     -4.540580
   4240000      6.879258     -4.561422
   4260000      6.897321     -4.574737
   4280000      6.936490     -4.567697
   4300000      6.881085     -4.618940
   4320000      6.954146     -4.586239
   4340000      6.939911     -4.625243
   4360000      6.815011     -4.690395
   4380000      6.806379     -4.717950
   4400000      6.812174     -4.735268
   4420000      6.826334     -4.756936
   4440000      6.807524     -4.778845
   4460000      6.806571     -4.807562
   4480000      6.842888     -4.832432
   4500000      6.838975     -4.855485
   4520000      6.857097     -4.879623
   4540000      6.860681     -4.902401
   4560000      6.818612     -4.927987
   4580000      6.817180     -4.947854
   4600000      6.834215     -4.967963
   4620000      6.879616     -4.995449
   4640000      6.879034     -5.020551
   4660000      6.885304     -5.035426
   4680000      6.823929     -5.079793
   4700000      6.843728     -5.096167
   4720000      6.838748     -5.129400
   4740000      6.796852     -5.162915
   4760000      6.805727     -5.185077
   4780000      6.807378     -5.210356
   4800000      6.753726     -5.214760
   4820000      6.780367     -5.259207
   4840000      6.790818     -5.288261
   4860000      6.778510     -5.316012
   4880000      6.705823     -5.325568
   4900000      6.718305     -5.355363
   4920000      6.664496     -5.370786
   4940000      6.786959     -5.417213
   4960000      6.818709     -5.434277
   4980000      6.808180     -5.459426
   5000000      6.816434     -5.489234
   5020000      6.824626     -5.510170
   5040000      6.816108     -5.534719
   5060000      6.820371     -5.557052
   5080000      6.851850     -5.583305
   5100000      6.711475     -5.596384
   5120000      6.736354     -5.626518
   5140000      6.704725     -5.642799
   5160000      6.736444     -5.677687
   5180000      6.695590     -5.693507
   5200000      6.659698     -5.713270
   5220000      6.702123     -5.755543
   5240000      6.654182     -5.772143
   5260000      6.678307     -5.795582
   5280000      6.580421     -5.788653
   5300000      6.584195     -5.815051
   5320000      6.475008     -5.774297
   5340000      6.471532     -5.807643
   5360000      6.561944     -5.890116
   5380000      6.566382     -5.934677
   5400000      6.592194     -5.967726
   5420000      6.577716     -5.992779
   5440000      6.627488     -6.024863
   5460000      6.619679     -6.047304
   5480000      6.599130     -6.065768
   5500000      6.577015     -6.090516
   5520000      6.563315     -6.114948
   5540000      6.602852     -6.136260
   5560000      6.628607     -6.153213
   5580000      6.628364     -6.170620
   5600000      6.554574     -6.197088
   5620000      6.281089     -6.095668
   5640000      6.264591     -6.121849
   5660000      6.256782     -6.148542
   5680000      6.206717     -6.128027
   5700000      6.189447     -6.138708
   5720000      6.252715     -6.239960
   5740000      6.297019     -6.280378
   5760000      6.305021     -6.305150
   5780000      6.293996     -6.309535
   5800000      6.250804     -6.329053
   5820000      6.246307     -6.352409
   5840000      6.186054     -6.356302
   5860000      6.163004     -6.370192
   5880000      6.197126     -6.412875
   5900000      6.160925     -6.426001
   5920000      6.196856     -6.465683
   5940000      6.204062     -6.483815
   5960000      6.193928     -6.503499
   5980000      6.155912     -6.525512
   6000000      6.110576     -6.537757
   6020000      6.089631     -6.552167
   6040000      6.010613     -6.539565
   6060000      6.009533     -6.566827
   6080000      6.021920     -6.606621
   6100000      6.043050     -6.626728
   6120000      6.019337     -6.646935
   6140000      5.943367     -6.645210
   6160000      5.925817     -6.658630
   6180000      5.904913     -6.669219
   6200000      5.900184     -6.691700
   6220000      5.835667     -6.670394
   6240000      5.872073     -6.744633
   6260000      5.820630     -6.698648
   6280000      5.847141     -6.778375
   6300000      5.848747     -6.809457
   6320000      5.859313     -6.846364
   6340000      5.836425     -6.867563
   6360000      5.802966     -6.883557
   6380000      5.751994     -6.883690
   6400000      5.763350     -6.923505
   6420000      5.810114     -6.969650
   6440000      5.641707     -6.871113
   6460000      5.642092     -6.908598
   6480000      5.633219     -6.933919
   6500000      5.626631     -6.955914
   6520000      5.638134     -6.991747
   6540000      5.636683     -7.021207
   6560000      5.676930     -7.060401
   6580000      5.635489     -7.078621
   6600000      5.603068     -7.083754
   6620000      5.587930     -7.103353
   6640000      5.619518     -7.143086
   6660000      5.593305     -7.163040
   6680000      5.560322     -7.168891
   6700000      5.557343     -7.196001
   6720000      5.621488     -7.252233
   6740000      5.601568     -7.270257
   6760000      5.645706     -7.304308
   6780000      5.612711     -7.315978
   6800000      5.644175     -7.339506
   6820000      5.667146     -7.352106
   6840000      5.678924     -7.370930
   6860000      5.655808     -7.409577
   6880000      5.635814     -7.435723
   6900000      5.647127     -7.445336
   6920000      5.690017     -7.454180
   6940000      5.641609     -7.495572
   6960000      5.680949     -7.506407
   6980000      5.672306     -7.530316
   7000000      5.683730     -7.554554
   7020000      5.708574     -7.557290
   7040000      5.632582     -7.610336
   7060000      5.601192     -7.646313
   7080000      5.611757     -7.680708
   7100000      5.615728     -7.698827
   7120000      5.766154     -7.711735
   7140000      5.683857     -7.757593
   7160000      5.712907     -7.777753
   7180000      5.719907     -7.803978
   7200000      5.753151     -7.830889
   7220000      5.781234     -7.841950
   7240000      5.635177     -7.886820
   7260000      5.676792     -7.927031
   7280000      5.703804     -7.946016
   7300000      5.617819     -7.961335
   7320000      5.582397     -7.980180
   7340000      5.681478     -8.021893
   7360000      5.538370     -8.020825
   7380000      5.503575     -8.020959
   7400000      5.435011     -8.029045
   7420000      5.415475     -8.051126
   7440000      5.396366     -8.077786
   7460000      5.456858     -8.142970
   7480000      5.512191     -8.193459
   7500000      5.475639     -8.203938
   7520000      5.508948     -8.239943
   7540000      5.559770     -8.270294
   7560000      5.589036     -8.288290
   7580000      5.575134     -8.309521
   7600000      5.579899     -8.340421
   7620000      5.509080     -8.349836
   7640000      5.514337     -8.373174
   7660000      5.371649     -8.344160
   7680000      5.377877     -8.380710
   7700000      5.336904     -8.381550
   7720000      5.388905     -8.426452
   7740000      5.366871     -8.441462
   7760000      5.349428     -8.457235
   7780000      5.380377     -8.507334
   7800000      5.372796     -8.549930
   7820000      5.292739     -8.538015
   7840000      5.288279     -8.573613
   7860000      5.264006     -8.581846
   7880000      5.202159     -8.565559
   7900000      5.210609     -8.616036
   7920000      5.145001     -8.597622
   7940000      5.213333     -8.685584
   7960000      5.188847     -8.704503
   7980000      5.171269     -8.715189
   8000000      5.224054     -8.774164
   8020000      5.179321     -8.773474
   8040000      5.155442     -8.795913
   8060000      5.166779     -8.819773
   8080000      5.080747     -8.800427
   8100000      5.042343     -8.802534
   8120000      5.017808     -8.824881
   8140000      4.918473     -8.766587
   8160000      4.902147     -8.780548
   8180000      4.857622     -8.765144
   8200000      4.821314     -8.752931
   8220000      4.834080     -8.830424
   8240000      4.844966     -8.880552
   8260000      4.780056     -8.854329
   8280000      4.773456     -8.894586
   8300000      4.753496     -8.914235
   8320000      4.738549     -8.936452
   8340000      4.744067     -8.970394
   8360000      4.733881     -8.995999
   8380000      4.665195     -8.986360
   8400000      4.684882     -9.050943
   8420000      4.724154     -9.090354
   8440000      4.605173     -9.040306
   8460000      4.562786     -9.045253
   8480000      4.537729     -9.053024
   8500000      4.495289     -9.035582
   8520000      4.472157     -9.042122
   8540000      4.548610     -9.193560
   8560000      4.506941     -9.186613
   8580000      4.486176     -9.204710
   8600000      4.507356     -9.252375
   8620000      4.498666     -9.291686
   8640000      4.491559     -9.317708
   8660000      4.498694     -9.343666
   8680000      4.421689     -9.307774
   8700000      4.393496     -9.316484
   8720000      4.367374     -9.315596
   8740000      4.351617     -9.338070
   8760000      4.340342     -9.361685
   8780000      4.318726     -9.379457
   8800000      4.287661     -9.377989
   8820000      4.269178     -9.398718
   8840000      4.286093     -9.440424
   8860000      4.318716     -9.499496
   8880000      4.314559     -9.523253
   8900000      4.370030     -9.560139
   8920000      4.363894     -9.582110
   8940000      4.375520     -9.619951
   8960000      4.352404     -9.642606
   8980000      4.269680     -9.620987
   9000000      4.251318     -9.627682
   9020000      4.433525     -9.713838
   9040000      4.439257     -9.732325
   9060000      4.412495     -9.746116
   9080000      4.483539     -9.764991
   9100000      4.529500     -9.768315
   9120000      4.395627     -9.824673
   9140000      4.414509     -9.842766
   9160000      4.486346     -9.860471
   9180000      4.491713     -9.890174
   9200000      4.486020     -9.912232
   9220000      4.474806     -9.935962
   9240000      4.534395     -9.937482
   9260000      4.561847     -9.953569
   9280000      4.587374     -9.970623
   9300000      4.555556    -10.015265
   9320000      4.528877    -10.048142
   9340000      4.558214    -10.062885
   9360000      4.555384    -10.091630
   9380000      4.493772    -10.130667
   9400000      4.442644    -10.167462
   9420000      4.418693    -10.185639
   9440000      4.448223    -10.213101
   9460000      4.463132    -10.243755
   9480000      4.478964    -10.266948
   9500000      4.478119    -10.289024
   9520000      4.493021    -10.312963
   9540000      4.497949    -10.337398
   9560000      4.465633    -10.355181
   9580000      4.472527    -10.385392
   9600000      4.463612    -10.413018
   9620000      4.438527    -10.437514
   9640000      4.457932    -10.462924
   9660000      4.475965    -10.487053
   9680000      4.435236    -10.516773
   9700000      4.418811    -10.526244
   9720000      4.415318    -10.558147
   9740000      4.335300    -10.568644
   9760000      4.350564    -10.598351
   9780000      4.391360    -10.642701
   9800000      4.389111    -10.660625
   9820000      4.376497    -10.687408
   9840000      4.390147    -10.716405
   9860000      4.410700    -10.736484
   9880000      4.432839    -10.764533
   9900000      4.497291    -10.762806
   9920000      4.441684    -10.799534
   9940000      4.466449    -10.818341
   9960000      4.461415    -10.851259
   9980000      4.469726    -10.868857
  10000000      4.481917    -10.885846
