         0      4.000000      0.000000
     20000      4.012282     -0.004040
     40000      4.025827      0.032423
     60000      4.030858     -0.079327
     80000      4.049956     -0.068697
    100000      4.062802     -0.091279
    120000      4.083131     -0.089816
    140000      4.096248     -0.103687
    160000      4.113368     -0.082328
    180000      4.120006     -0.126635
    200000      4.124248     -0.150237
    220000      4.141861     -0.167724
    240000      4.148632     -0.184863
    260000      4.162111     -0.192662
    280000      4.190908     -0.204551
    300000      4.203884     -0.217138
    320000      4.203748     -0.242906
    340000      4.213577     -0.245074
    360000      4.228475     -0.248157
    380000      4.242816     -0.258423
    400000      4.263209     -0.254650
    420000      4.281830     -0.251268
    440000      4.295862     -0.262927
    460000      4.298229     -0.286963
    480000      4.292567     -0.315161
    500000      4.324205     -0.308790
    520000      4.376865     -0.252000
    540000      4.394027     -0.270517
    560000      4.402246     -0.293093
    580000      4.423706     -0.308268
    600000      4.438773     -0.300032
    620000      4.468976     -0.293241
    640000      4.471938     -0.313869
    660000      4.478529     -0.336480
    680000      4.449770     -0.376065
    700000      4.445349     -0.389045
    720000      4.463500     -0.408219
    740000      4.478500     -0.418913
    760000      4.501863     -0.421773
    780000      4.510130     -0.441300
    800000      4.531834     -0.444203
    820000      4.549482     -0.456726
    840000      4.565899     -0.461889
    860000      4.578793     -0.462479
    880000      4.611209     -0.451145
    900000      4.590968     -0.495217
    920000      4.614228     -0.496836
    940000      4.615141     -0.508797
    960000      4.595932     -0.557917
    980000      4.612544     -0.565801
   1000000      4.610050     -0.575253
   1020000      4.641870     -0.572410
   1040000      4.643165     -0.598565
   1060000      4.614480     -0.636706
   1080000      4.598860     -0.662395
   1100000      4.626648     -0.667524
   1120000      4.612131     -0.687068
   1140000      4.642898     -0.695438
   1160000      4.648576     -0.711697
   1180000      4.670576     -0.713411
   1200000      4.669344     -0.727227
   1220000      4.686716     -0.734487
   1240000      4.739672     -0.732513
   1260000      4.723369     -0.765800
   1280000      4.736539     -0.786754
   1300000      4.750734     -0.794848
   1320000      4.777229     -0.812948
   1340000      4.770490     -0.836902
   1360000      4.776515     -0.847202
   1380000      4.779441     -0.862613
   1400000      4.801349     -0.869856
   1420000      4.817384     -0.877758
   1440000      4.823734     -0.899222
   1460000      4.821460     -0.917504
   1480000      4.830272     -0.928995
   1500000      4.848200     -0.930292
   1520000      4.860467     -0.934948
   1540000      4.876415     -0.950272
   1560000      4.871910     -0.962360
   1580000      4.871096     -0.987822
   1600000      4.863974     -1.010315
   1620000      4.901056     -1.001132
   1640000      4.931449     -0.994416
   1660000      4.941830     -1.001561
   1680000      4.936053     -1.036930
   1700000      4.932064     -1.071100
   1720000      4.967051     -1.075866
   1740000      4.984829     -1.079898
   1760000      4.991622     -1.105443
   1780000      5.025869     -1.101971
   1800000      5.016447     -1.121363
   1820000      5.015347     -1.147670
   1840000      5.020128     -1.162391
   1860000      5.023481     -1.181842
   1880000      5.034237     -1.195138
   1900000      5.028231     -1.224720
   1920000      5.021836     -1.242819
   1940000      5.039058     -1.250326
   1960000      5.022280     -1.282802
   1980000      5.032957     -1.290893
   2000000      5.024295     -1.315525
   2020000      5.022542     -1.327808
   2040000      5.037047     -1.338394
   2060000      5.068356     -1.340247
   2080000      5.097186     -1.338962
   2100000      5.091907     -1.363925
   2120000      5.087650     -1.385250
   2140000      5.075069     -1.405156
   2160000      5.112038     -1.417884
   2180000      5.112253     -1.432212
   2200000      5.146362     -1.438722
   2220000      5.143522     -1.461218
   2240000      5.139221     -1.478876
   2260000      5.158091     -1.493877
   2280000      5.172479     -1.503660
   2300000      5.176730     -1.518716
   2320000      5.199575     -1.530066
   2340000      5.211536     -1.544050
   2360000      5.206081     -1.568018
   2380000      5.165594     -1.587874
   2400000      5.151947     -1.616423
   2420000      5.136038     -1.637593
   2440000      5.130836     -1.645862
   2460000      5.119463     -1.655770
   2480000      5.117780     -1.668331
   2500000      5.084810     -1.668022
   2520000      5.085645     -1.696130
   2540000      5.094078     -1.713077
   2560000      5.067728     -1.715658
   2580000      5.056633     -1.744245
   2600000      5.055070     -1.760951
   2620000      5.042694     -1.768683
   2640000      5.039697     -1.788482
   2660000      5.027347     -1.802631
   2680000      5.115649     -1.854018
   2700000      5.134267     -1.881175
   2720000      5.123753     -1.890866
   2740000      5.113887     -1.909773
   2760000      5.114810     -1.927416
   2780000      5.108345     -1.948643
   2800000      5.113695     -1.964141
   2820000      5.098547     -1.970295
   2840000      5.200027     -1.999589
   2860000      5.217176     -2.018059
   2880000      5.224392     -2.031312
   2900000      5.224996     -2.048046
   2920000      5.218282     -2.066850
   2940000      5.200783     -2.078690
   2960000      5.235852     -2.094237
   2980000      5.190614     -2.106328
   3000000      5.189933     -2.128048
   3020000      5.195372     -2.144450
   3040000      5.218302     -2.166526
   3060000      5.216224     -2.188478
   3080000      5.325105     -2.190800
   3100000      5.342557     -2.201497
   3120000      5.361505     -2.215751
   3140000      5.355486     -2.230545
   3160000      5.361706     -2.245429
   3180000      5.366134     -2.265093
   3200000      5.417075     -2.261979
   3220000      5.456540     -2.260360
   3240000      5.468447     -2.271149
   3260000      5.464365     -2.292130
   3280000      5.464356     -2.303807
   3300000      5.466357     -2.317143
   3320000      5.543246     -2.281661
   3340000      5.496543     -2.344474
   3360000      5.486531     -2.360362
   3380000      5.489317     -2.371983
   3400000      5.526869     -2.375297
   3420000      5.538727     -2.388423
   3440000      5.539067     -2.412224
   3460000      5.543785     -2.427554
   3480000      5.507118     -2.465626
   3500000      5.510056     -2.485278
   3520000      5.559089     -2.481211
   3540000      5.597946     -2.478936
   3560000      5.601622     -2.493211
   3580000      5.598148     -2.514482
   3600000      5.594430     -2.536319
   3620000      5.640738     -2.536247
   3640000      5.662150     -2.529429
   3660000      5.689293     -2.541132
   3680000      5.701229     -2.547182
   3700000      5.742324     -2.526684
   3720000      5.766553     -2.529815
   3740000      5.794905     -2.516697
   3760000      5.810332     -2.509413
   3780000      5.794673     -2.572193
   3800000      5.827000     -2.559726
   3820000      5.831793     -2.585824
   3840000      5.835989     -2.606923
   3860000      5.838119     -2.627722
   3880000      5.863118     -2.626396
   3900000      5.871728     -2.609454
   3920000      5.888693     -2.614728
   3940000      5.892987     -2.623005
   3960000      5.915492     -2.657348
   3980000      5.934319     -2.642950
   4000000      5.962094     -2.622703
   4020000      5.975494     -2.647442
   4040000      5.987505     -2.667434
   4060000      6.019173     -2.635343
   4080000      6.040892     -2.624502
   4100000      6.010329     -2.744083
   4120000      6.022740     -2.739759
   4140000      6.071902     -2.686142
   4160000      6.084056     -2.695141
   4180000      6.095366     -2.690321
   4200000      6.113697     -2.691494
   4220000      6.121245     -2.723615
   4240000      6.133600     -2.729823
   4260000      6.146243     -2.750883
   4280000      6.155151     -2.755424
   4300000      6.169927     -2.770066
   4320000      6.185328     -2.772458
   4340000      6.199808     -2.786139
   4360000      6.181831     -2.831626
   4380000      6.182675     -2.844019
   4400000      6.265707     -2.772980
   4420000      6.275229     -2.792297
   4440000      6.307432     -2.774317
   4460000      6.337836     -2.749562
   4480000      6.338246     -2.777944
   4500000      6.353126     -2.782656
   4520000      6.369258     -2.774464
   4540000      6.381697     -2.778757
   4560000      6.406635     -2.769829
   4580000      6.425529     -2.753733
   4600000      6.448295     -2.751166
   4620000      6.461683     -2.740557
   4640000      6.480600     -2.738781
   4660000      6.497191     -2.778376
   4680000      6.517561     -2.759825
   4700000      6.531426     -2.730080
   4720000      6.538929     -2.776534
   4740000      6.555318     -2.807684
   4760000      6.579445     -2.767634
   4780000      6.601016     -2.753635
   4800000      6.614323     -2.745735
   4820000      6.624309     -2.739148
   4840000      6.639619     -2.737129
   4860000      6.653143     -2.746441
   4880000      6.663893     -2.730157
   4900000      6.691320     -2.786877
   4920000      6.712503     -2.754665
   4940000      6.730725     -2.748378
   4960000      6.741108     -2.743602
   4980000      6.762173     -2.743950
   5000000      6.773110     -2.739473
   5020000      6.796431     -2.734443
   5040000      6.808274     -2.731386
   5060000      6.822764     -2.745686
   5080000      6.844204     -2.739829
   5100000      6.867447     -2.713541
   5120000      6.886940     -2.728717
   5140000      6.903987     -2.723697
   5160000      6.917265     -2.688982
   5180000      6.938994     -2.767019
   5200000      6.956049     -2.772768
   5220000      6.969520     -2.783182
   5240000      6.980929     -2.793776
   5260000      7.003472     -2.761502
   5280000      7.014787     -2.772576
   5300000      7.030001     -2.792092
   5320000      7.049058     -2.765192
   5340000      7.059485     -2.753503
   5360000      7.075444     -2.786321
   5380000      7.086431     -2.830552
   5400000      7.105872     -2.835023
   5420000      7.129905     -2.820456
   5440000      7.150653     -2.798201
   5460000      7.166637     -2.772334
   5480000      7.185426     -2.771314
   5500000      7.204820     -2.762068
   5520000      7.219517     -2.761031
   5540000      7.236628     -2.776732
   5560000      7.257622     -2.753469
   5580000      7.273853     -2.759619
   5600000      7.284560     -2.754536
   5620000      7.302562     -2.779289
   5640000      7.321263     -2.804736
   5660000      7.338743     -2.823381
   5680000      7.338218     -2.906715
   5700000      7.343014     -2.927132
   5720000      7.369211     -2.897392
   5740000      7.393546     -2.872593
   5760000      7.405395     -2.921877
   5780000      7.412197     -2.943980
   5800000      7.426753     -2.963318
   5820000      7.443241     -2.977191
   5840000      7.451707     -2.999999
   5860000      7.464417     -3.010914
   5880000      7.473233     -3.026713
   5900000      7.485950     -3.032085
   5920000      7.525509     -3.008368
   5940000      7.536501     -3.027579
   5960000      7.537457     -3.060010
   5980000      7.562593     -3.038551
   6000000      7.587515     -2.982381
   6020000      7.605998     -2.973384
   6040000      7.626709     -2.961228
   6060000      7.648330     -2.971883
   6080000      7.666897     -2.962616
   6100000      7.686736     -2.976502
   6120000      7.702299     -2.965844
   6140000      7.717016     -2.957621
   6160000      7.732231     -2.953849
   6180000      7.741690     -2.889203
   6200000      7.739563     -2.865820
   6220000      7.759462     -2.868729
   6240000      7.766932     -2.840554
   6260000      7.786384     -2.845720
   6280000      7.812384     -2.860409
   6300000      7.824631     -2.855245
   6320000      7.865521     -2.976430
   6340000      7.883904     -3.009050
   6360000      7.897819     -3.019804
   6380000      7.915793     -3.016896
   6400000      7.924955     -3.030999
   6420000      7.942059     -3.041753
   6440000      7.956495     -3.069411
   6460000      7.962635     -3.090474
   6480000      7.974860     -3.120946
   6500000      7.991990     -3.143661
   6520000      8.002538     -3.151240
   6540000      8.026320     -3.144888
   6560000      8.048724     -3.105217
   6580000      8.063446     -3.070608
   6600000      8.075994     -3.090479
   6620000      8.091207     -3.069241
   6640000      8.112529     -3.084492
   6660000      8.126201     -3.071927
   6680000      8.149588     -3.077593
   6700000      8.161642     -3.085577
   6720000      8.167515     -3.052985
   6740000      8.180316     -3.047757
   6760000      8.202054     -3.090808
   6780000      8.214329     -3.044823
   6800000      8.231161     -3.043905
   6820000      8.247682     -3.057530
   6840000      8.265928     -3.041668
   6860000      8.283811     -3.049850
   6880000      8.300170     -3.034568
   6900000      8.306116     -3.023642
   6920000      8.327841     -3.055909
   6940000      8.342823     -3.056080
   6960000      8.354330     -3.054968
   6980000      8.367480     -3.060933
   7000000      8.383461     -3.085254
   7020000      8.408237     -3.076611
   7040000      8.416792     -3.066446
   7060000      8.433890     -3.060385
   7080000      8.445583     -3.029629
   7100000      8.463385     -3.026834
   7120000      8.482090     -3.009460
   7140000      8.487414     -3.006596
   7160000      8.493539     -2.965769
   7180000      8.506391     -2.959250
   7200000      8.524191     -2.970993
   7220000      8.529620     -2.928876
   7240000      8.542270     -2.925832
   7260000      8.553541     -2.925521
   7280000      8.605631     -3.016686
   7300000      8.623590     -3.046652
   7320000      8.637307     -3.035473
   7340000      8.655829     -3.013791
   7360000      8.673008     -3.018436
   7380000      8.692157     -3.037610
   7400000      8.705425     -3.032692
   7420000      8.722343     -3.031562
   7440000      8.735761     -3.083926
   7460000      8.752679     -3.059287
   7480000      8.764279     -3.092754
   7500000      8.777155     -3.091352
   7520000      8.794232     -3.073204
   7540000      8.809180     -3.071311
   7560000      8.823136     -3.066330
   7580000      8.827585     -3.036828
   7600000      8.839796     -3.057766
   7620000      8.855013     -3.055729
   7640000      8.881203     -3.072430
   7660000      8.893227     -3.086168
   7680000      8.899541     -3.075465
   7700000      8.912109     -3.077184
   7720000      8.948057     -3.109114
   7740000      8.965479     -3.136816
   7760000      8.986219     -3.132166
   7780000      8.997167     -3.123630
   7800000      9.007643     -3.128517
   7820000      9.021661     -3.170168
   7840000      9.039339     -3.181431
   7860000      9.048617     -3.183471
   7880000      9.063592     -3.179921
   7900000      9.067222     -3.191906
   7920000      9.082744     -3.196760
   7940000      9.094262     -3.200173
   7960000      9.101649     -3.217013
   7980000      9.117634     -3.204127
   8000000      9.122418     -3.229800
   8020000      9.123473     -3.263887
   8040000      9.157158     -3.230812
   8060000      9.157391     -3.262015
   8080000      9.190962     -3.236059
   8100000      9.220998     -3.212235
   8120000      9.222119     -3.237884
   8140000      9.232941     -3.257648
   8160000      9.246752     -3.257287
   8180000      9.260035     -3.268406
   8200000      9.265440     -3.285370
   8220000      9.266489     -3.297245
   8240000      9.272011     -3.309725
   8260000      9.303957     -3.303826
   8280000      9.307451     -3.316772
   8300000      9.319376     -3.325156
   8320000      9.320236     -3.341997
   8340000      9.359579     -3.337168
   8360000      9.394655     -3.297530
   8380000      9.406074     -3.316960
   8400000      9.413074     -3.317674
   8420000      9.419432     -3.363089
   8440000      9.436573     -3.354286
   8460000      9.407159     -3.429207
   8480000      9.483649     -3.371819
   8500000      9.511764     -3.357538
   8520000      9.523486     -3.369413
   8540000      9.525619     -3.392357
   8560000      9.548906     -3.391818
   8580000      9.556359     -3.401672
   8600000      9.577947     -3.386884
   8620000      9.604371     -3.345619
   8640000      9.611716     -3.352983
   8660000      9.634048     -3.334675
   8680000      9.643573     -3.312249
   8700000      9.657844     -3.317827
   8720000      9.676930     -3.355264
   8740000      9.694403     -3.361369
   8760000      9.705835     -3.351470
   8780000      9.710696     -3.340331
   8800000      9.728573     -3.334659
   8820000      9.751595     -3.328714
   8840000      9.768485     -3.343664
   8860000      9.782904     -3.330862
   8880000      9.814610     -3.344495
   8900000      9.825669     -3.381308
   8920000      9.842041     -3.382662
   8940000      9.851529     -3.393872
   8960000      9.866951     -3.392371
   8980000      9.866568     -3.406354
   9000000      9.870249     -3.422212
   9020000      9.888674     -3.427947
   9040000      9.908002     -3.406787
   9060000      9.909739     -3.430868
   9080000      9.936226     -3.427379
   9100000      9.960706     -3.419185
   9120000      9.975567     -3.403510
   9140000      9.998485     -3.360501
   9160000     10.012253     -3.363952
   9180000     10.020588     -3.358489
   9200000     10.038100     -3.337302
   9220000     10.053039     -3.301272
   9240000     10.071699     -3.298641
   9260000     10.080147     -3.287059
   9280000     10.092522     -3.296227
   9300000     10.102874     -3.279795
   9320000     10.114244     -3.279842
   9340000     10.124159     -3.281463
   9360000     10.150318     -3.299916
   9380000     10.171631     -3.310189
   9400000     10.178056     -3.283133
   9420000     10.205458     -3.283869
   9440000     10.226452     -3.287551
   9460000     10.247752     -3.309018
   9480000     10.265926     -3.284353
   9500000     10.282320     -3.297455
   9520000     10.304209     -3.328071
   9540000     10.314948     -3.320417
   9560000     10.330010     -3.371780
   9580000     10.355370     -3.377830
   9600000     10.371015     -3.397627
   9620000     10.385098     -3.383764
   9640000     10.410402     -3.391930
   9660000     10.425126     -3.378683
   9680000     10.435273     -3.396187
   9700000     10.444554     -3.273571
   9720000     10.453206     -3.258604
   9740000     10.468857     -3.249628
   9760000     10.492201     -3.250581
   9780000     10.504084     -3.256637
   9800000     10.511871     -3.243627
   9820000     10.514850     -3.226644
   9840000     10.533610     -3.234327
   9860000     10.554063     -3.232842
   9880000     10.570452     -3.242557
   9900000     10.595345     -3.259389
   9920000     10.611745     -3.271007
   9940000     10.633466     -3.291567
   9960000     10.654354     -3.304930
   9980000     10.670246     -3.268779
  10000000     10.687055     -3.294486
