         0      4.000000      0.000000
     20000      4.040749     -0.056874
     40000      3.998869     -0.411460
     60000      4.170365     -0.083975
     80000      4.201092      0.167471
    100000      4.209894      0.111649
    120000      4.284638      0.409331
    140000      4.192362      0.508115
    160000      4.139902      0.447430
    180000      4.193075      0.341129
    200000      4.185602      0.537583
    220000      4.000580      0.378197
    240000      3.884927      0.407148
    260000      3.951807      0.412074
    280000      3.672276      0.244215
    300000      3.646451      0.405557
    320000      3.701608      0.522509
    340000      3.483319      0.614868
    360000      3.522755      0.652652
    380000      3.535225      0.591425
    400000      3.712995      0.525239
    420000      3.764876      0.373551
    440000      3.745112      0.703166
    460000      3.760880      0.771509
    480000      3.886395      0.659713
    500000      3.815319      0.851054
    520000      3.794576      0.777653
    540000      3.841142      0.786262
    560000      3.639406      0.868781
    580000      3.574790      0.730919
    600000      3.230327      0.988629
    620000      3.233408      0.962060
    640000      3.178016      1.103603
    660000      2.939040      1.317857
    680000      2.780341      1.416600
    700000      2.973605      1.497370
    720000      2.666822      1.586915
    740000      3.146827      1.295670
    760000      3.013312      1.578398
    780000      2.673822      1.647291
    800000      2.783256      1.586211
    820000      3.021515      1.313570
    840000      3.256217      1.199155
    860000      3.231796      1.304051
    880000      3.370315      1.170335
    900000      3.387929      0.983975
    920000      3.271593      1.055595
    940000      3.378885      1.044516
    960000      3.473483      0.827607
    980000      3.408886      1.019393
   1000000      3.324422      1.097930
   1020000      2.973413      1.369737
   1040000      3.175403      1.211285
   1060000      3.163764      1.468137
   1080000      3.314596      1.264264
   1100000      3.296555      1.322444
   1120000      3.162217      1.381871
   1140000      3.478071      1.385253
   1160000      3.105910      1.556807
   1180000      2.945639      1.707758
   1200000      3.289645      1.683079
   1220000      3.253927      1.624774
   1240000      3.599325      1.448613
   1260000      3.428987      1.509986
   1280000      3.261311      1.520704
   1300000      3.390490      1.574518
   1320000      3.606356      1.376289
   1340000      3.738123      0.916280
   1360000      3.785927      1.098663
   1380000      3.748152      1.166935
   1400000      3.680305      1.032717
   1420000      3.418297      1.200879
   1440000      3.596599      1.040915
   1460000      3.870698      0.963070
   1480000      3.678165      1.393155
   1500000      3.971740      1.090854
   1520000      4.149571      0.736805
   1540000      4.075231      0.700740
   1560000      3.873084      1.101658
   1580000      3.992515      1.285504
   1600000      3.951965      1.318994
   1620000      3.955656      1.355157
   1640000      3.987649      1.476005
   1660000      4.100610      1.141248
   1680000      4.232194      1.226415
   1700000      4.203108      1.284011
   1720000      4.312200      1.108638
   1740000      4.170832      1.292332
   1760000      4.031444      1.372712
   1780000      4.263006      1.187597
   1800000      3.996314      1.231526
   1820000      4.226384      0.822413
   1840000      3.656537      1.027203
   1860000      3.818976      1.053362
   1880000      3.718149      1.236466
   1900000      3.952781      0.874219
   1920000      3.981658      0.778181
   1940000      3.768158      0.701993
   1960000      3.593647      1.035297
   1980000      3.349012      1.286998
   2000000      3.453956      1.051977
   2020000      3.234567      1.267113
   2040000      3.378969      1.490164
   2060000      3.249617      1.569794
   2080000      3.362593      1.476620
   2100000      3.769810      1.297669
   2120000      3.954071      1.368773
   2140000      3.907100      1.269588
   2160000      4.378031      0.773796
   2180000      4.176382      0.998118
   2200000      4.316611      0.959344
   2220000      4.175687      1.137843
   2240000      4.115194      0.978020
   2260000      4.126145      0.953950
   2280000      4.246367      0.762209
   2300000      4.114368      0.785547
   2320000      4.132210      0.747080
   2340000      4.320330      0.486426
   2360000      4.338512      0.247108
   2380000      4.227845      0.449492
   2400000      4.317286      0.157599
   2420000      3.986018      0.163488
   2440000      3.840798      0.306900
   2460000      3.736239      0.559980
   2480000      3.524718      0.822832
   2500000      3.719047      0.645011
   2520000      3.806495      0.812901
   2540000      3.632320      0.969146
   2560000      3.516397      1.023303
   2580000      3.847713      0.760682
   2600000      3.882236      0.724738
   2620000      3.901164      0.696924
   2640000      4.031919      0.561505
   2660000      3.893291      0.760887
   2680000      3.909078      0.599655
   2700000      3.876866      0.663559
   2720000      3.865550      0.709824
   2740000      4.313812      0.601125
   2760000      4.310406      0.285104
   2780000      4.491583      0.311545
   2800000      4.324139      0.514865
   2820000      4.296620      0.099246
   2840000      4.280363     -0.010605
   2860000      4.333035     -0.149514
   2880000      4.294779     -0.242708
   2900000      4.131030     -0.468553
   2920000      4.167601     -0.486861
   2940000      4.155776     -0.627625
   2960000      4.141610     -0.762435
   2980000      4.175136     -0.603966
   3000000      4.242550     -0.690581
   3020000      4.218201     -0.443930
   3040000      3.967961     -0.333428
   3060000      3.960078     -0.357933
   3080000      3.920988     -0.207558
   3100000      3.847486     -0.353041
   3120000      4.035535     -0.267408
   3140000      3.752329     -0.601485
   3160000      3.665737     -0.393483
   3180000      3.618758     -0.101787
   3200000      3.752159     -0.217541
   3220000      3.665972     -0.255964
   3240000      3.751271     -0.182718
   3260000      3.926257     -0.223523
   3280000      3.707918     -0.404677
   3300000      3.901852     -0.509951
   3320000      3.978757     -0.576347
   3340000      3.795152     -0.583140
   3360000      3.968730     -1.116702
   3380000      3.630542     -0.985676
   3400000      3.767918     -0.935050
   3420000      3.734387     -1.049414
   3440000      3.601565     -1.001258
   3460000      3.470446     -0.724241
   3480000      3.499161     -1.272727
   3500000      3.479212     -1.013322
   3520000      3.490895     -0.880880
   3540000      3.536943     -1.000635
   3560000      3.353969     -0.726351
   3580000      3.201519     -0.771298
   3600000      2.997734     -0.402774
   3620000      3.041745     -0.579597
   3640000      2.861177     -0.231427
   3660000      2.899494     -0.368949
   3680000      2.917899     -0.301299
   3700000      2.598580     -0.185060
   3720000      2.888644     -0.419697
   3740000      2.961386     -0.444353
   3760000      3.104991     -0.374900
   3780000      2.954833     -0.413612
   3800000      2.901588     -0.325118
   3820000      2.992606     -0.676326
   3840000      2.836147     -0.549818
   3860000      2.711962     -0.513791
   3880000      2.401658     -0.259322
   3900000      2.492208     -0.270691
   3920000      2.417750     -0.392007
   3940000      1.992227     -0.180088
   3960000      1.845164     -0.151152
   3980000      1.935211     -0.352542
   4000000      1.718287     -0.389662
   4020000      1.794917     -0.254825
   4040000      2.056148     -0.312487
   4060000      2.275177     -0.228468
   4080000      1.990770     -0.079441
   4100000      1.783766      0.001168
   4120000      1.719014     -0.058351
   4140000      2.307885     -0.108491
   4160000      2.437168     -0.186105
   4180000      2.321544      0.157740
   4200000      2.482909      0.202882
   4220000      2.215371      0.137485
   4240000      2.805578     -0.096316
   4260000      2.865846     -0.115897
   4280000      2.697044      0.015111
   4300000      2.690302     -0.079435
   4320000      2.602793      0.075569
   4340000      2.786648     -0.053104
   4360000      2.478891      0.153969
   4380000      2.302499      0.069445
   4400000      1.875270      0.354350
   4420000      1.876717      0.331589
   4440000      1.977295      0.133265
   4460000      2.011627      0.247000
   4480000      2.487387      0.206989
   4500000      2.259482      0.169190
   4520000      2.323558     -0.027857
   4540000      2.455309     -0.070069
   4560000      2.468922     -0.032456
   4580000      2.299829      0.140884
   4600000      1.995507     -0.024864
   4620000      1.633157      0.051844
   4640000      1.369975      0.127942
   4660000      1.324971     -0.046598
   4680000      1.253588     -0.085690
   4700000      1.153563     -0.060268
   4720000      1.125465     -0.151186
   4740000      1.252562     -0.222374
   4760000      1.369347     -0.135844
   4780000      0.955220      0.038681
   4800000      1.233771     -0.063714
   4820000      1.367106     -0.146108
   4840000      1.717305     -0.133495
   4860000      1.660180     -0.161251
   4880000      1.866083     -0.333803
   4900000      1.498382     -0.213691
   4920000      1.662377     -0.265084
   4940000      1.976171     -0.022991
   4960000      1.757125     -0.146201
   4980000      1.875486     -0.272567
   5000000      1.998764     -0.205970
   5020000      2.121950      0.047598
   5040000      2.017367      0.101972
   5060000      1.889633      0.164628
   5080000      1.746746      0.131373
   5100000      1.821647     -0.019592
   5120000      1.731426      0.137194
   5140000      1.847179      0.149132
   5160000      1.739165     -0.055639
   5180000      1.508589     -0.232477
   5200000      1.530878     -0.183346
   5220000      1.438282     -0.408456
   5240000      1.736138     -0.341081
   5260000      1.443072     -0.538484
   5280000      1.514997     -0.648693
   5300000      1.825514     -0.679251
   5320000      1.983050     -0.640823
   5340000      1.727879     -0.664093
   5360000      1.872595     -0.542769
   5380000      2.101224     -0.543099
   5400000      2.297309     -0.162574
   5420000      2.334110      0.115156
   5440000      2.289172      0.224868
   5460000      2.427396      0.121826
   5480000      2.557487      0.057966
   5500000      2.695442      0.284012
   5520000      2.211606      0.302565
   5540000      2.187506      0.017466
   5560000      1.806984     -0.303564
   5580000      1.737030     -0.445826
   5600000      1.580515     -0.618475
   5620000      1.761390     -0.426753
   5640000      1.761605     -0.609887
   5660000      2.029304     -0.575116
   5680000      1.857813     -0.371855
   5700000      1.488587     -0.598903
   5720000      1.478021     -0.418495
   5740000      1.642049     -0.331083
   5760000      1.289887     -0.171774
   5780000      1.613845     -0.240087
   5800000      1.604598     -0.376172
   5820000      1.909152     -0.079372
   5840000      2.319868     -0.081552
   5860000      2.368777      0.073158
   5880000      2.217058      0.041542
   5900000      2.102093      0.146189
   5920000      1.772436      0.118244
   5940000      1.690854      0.339696
   5960000      1.277606      0.164883
   5980000      1.348743      0.221475
   6000000      0.953742      0.134699
