         0      4.000000      0.000000
     20000      4.010801     -0.009795
     40000      4.018457     -0.010090
     60000      4.032750     -0.031421
     80000      4.046337     -0.049274
    100000      4.053662     -0.085518
    120000      4.067765     -0.091432
    140000      4.089057     -0.063466
    160000      4.107507     -0.064394
    180000      4.119474     -0.075555
    200000      4.123269     -0.091305
    220000      4.162437     -0.015671
    240000      4.177529     -0.016509
    260000      4.193298     -0.023213
    280000      4.207226     -0.045666
    300000      4.221006     -0.059260
    320000      4.233593     -0.074711
    340000      4.259806     -0.043673
    360000      4.271892     -0.054314
    380000      4.287236     -0.063838
    400000      4.295153     -0.098025
    420000      4.302375     -0.115522
    440000      4.317997     -0.118015
    460000      4.317347     -0.145460
    480000      4.340807     -0.147723
    500000      4.354920     -0.154543
    520000      4.377042     -0.137868
    540000      4.368018     -0.175486
    560000      4.374993     -0.191482
    580000      4.399870     -0.186554
    600000      4.406477     -0.205960
    620000      4.420868     -0.205070
    640000      4.426732     -0.234681
    660000      4.439494     -0.232380
    680000      4.461916     -0.233871
    700000      4.477993     -0.245717
    720000      4.497895     -0.240135
    740000      4.506108     -0.262730
    760000      4.522200     -0.263648
    780000      4.517892     -0.298569
    800000      4.548037     -0.292171
    820000      4.564285     -0.293355
    840000      4.575564     -0.313899
    860000      4.575433     -0.342245
    880000      4.595139     -0.337857
    900000      4.619133     -0.323703
    920000      4.603986     -0.358806
    940000      4.620802     -0.366762
    960000      4.647537     -0.360875
    980000      4.662083     -0.368526
   1000000      4.682747     -0.370215
   1020000      4.700005     -0.372828
   1040000      4.727885     -0.365683
   1060000      4.747740     -0.360271
   1080000      4.763008     -0.360462
   1100000      4.782273     -0.370960
   1120000      4.805727     -0.362252
   1140000      4.823340     -0.332218
   1160000      4.809881     -0.447016
   1180000      4.825649     -0.453856
   1200000      4.830833     -0.478106
   1220000      4.813197     -0.534164
   1240000      4.789038     -0.569659
   1260000      4.797688     -0.596680
   1280000      4.801354     -0.611684
   1300000      4.814807     -0.620349
   1320000      4.836497     -0.631953
   1340000      4.800292     -0.683184
   1360000      4.815229     -0.694866
   1380000      4.826565     -0.705964
   1400000      4.822449     -0.727173
   1420000      4.841293     -0.736018
   1440000      4.899961     -0.714093
   1460000      4.883247     -0.747841
   1480000      4.888834     -0.765741
   1500000      4.861778     -0.806034
   1520000      4.862868     -0.818934
   1540000      4.889582     -0.823184
   1560000      4.895626     -0.839055
   1580000      4.967408     -0.784398
   1600000      4.996813     -0.779980
   1620000      5.004472     -0.800567
   1640000      5.003155     -0.837796
   1660000      4.993394     -0.887425
   1680000      5.003284     -0.891907
   1700000      5.006885     -0.916040
   1720000      4.959802     -0.963693
   1740000      5.029004     -0.924082
   1760000      5.043380     -0.929187
   1780000      5.024619     -0.989801
   1800000      5.035677     -1.008418
   1820000      5.044514     -1.018339
   1840000      5.062047     -1.018666
   1860000      5.081828     -1.021708
   1880000      5.102489     -1.034592
   1900000      5.128902     -1.040280
   1920000      5.144957     -1.037155
   1940000      5.180280     -1.013000
   1960000      5.200669     -1.007364
   1980000      5.211376     -1.023263
   2000000      5.227896     -1.029420
   2020000      5.248938     -1.028433
   2040000      5.264480     -1.033054
   2060000      5.287132     -1.052786
   2080000      5.300152     -1.041065
   2100000      5.322559     -1.005887
   2120000      5.337405     -0.997573
   2140000      5.360689     -1.017760
   2160000      5.358742     -1.083920
   2180000      5.376303     -1.079412
   2200000      5.381273     -1.091165
   2220000      5.401051     -1.067774
   2240000      5.411672     -1.101092
   2260000      5.420726     -1.118249
   2280000      5.429477     -1.148418
   2300000      5.442012     -1.164457
   2320000      5.441479     -1.181332
   2340000      5.446514     -1.193496
   2360000      5.447798     -1.217634
   2380000      5.469196     -1.215303
   2400000      5.473723     -1.225416
   2420000      5.508944     -1.210757
   2440000      5.526840     -1.218183
   2460000      5.557830     -1.197391
   2480000      5.572673     -1.201218
   2500000      5.590897     -1.198963
   2520000      5.609384     -1.200235
   2540000      5.612925     -1.228086
   2560000      5.645539     -1.203026
   2580000      5.639882     -1.252061
   2600000      5.643146     -1.275800
   2620000      5.654838     -1.287179
   2640000      5.670364     -1.304960
   2660000      5.689670     -1.304720
   2680000      5.698666     -1.314656
   2700000      5.720029     -1.314219
   2720000      5.739815     -1.307450
   2740000      5.746984     -1.338166
   2760000      5.754774     -1.348929
   2780000      5.777818     -1.349174
   2800000      5.794950     -1.359279
   2820000      5.812889     -1.361162
   2840000      5.822562     -1.376492
   2860000      5.830514     -1.393877
   2880000      5.837739     -1.401762
   2900000      5.846715     -1.423988
   2920000      5.864271     -1.416149
   2940000      5.875464     -1.432700
   2960000      5.902888     -1.425240
   2980000      5.897501     -1.454936
   3000000      5.928296     -1.444591
   3020000      5.929066     -1.481756
   3040000      5.934030     -1.500757
   3060000      5.945587     -1.506037
   3080000      5.946279     -1.528047
   3100000      5.968502     -1.532586
   3120000      5.962748     -1.552565
   3140000      5.971804     -1.554877
   3160000      6.014577     -1.553042
   3180000      6.036059     -1.548107
   3200000      6.049569     -1.554131
   3220000      6.067429     -1.551579
   3240000      6.028653     -1.661585
   3260000      6.042732     -1.677531
   3280000      6.052768     -1.691406
   3300000      6.065023     -1.710686
   3320000      6.086307     -1.706173
   3340000      6.098961     -1.712363
   3360000      6.083539     -1.767745
   3380000      6.107993     -1.769936
   3400000      6.117196     -1.782195
   3420000      6.138207     -1.770835
   3440000      6.143098     -1.789000
   3460000      6.177076     -1.779289
   3480000      6.187288     -1.791213
   3500000      6.190682     -1.822275
   3520000      6.145721     -1.887720
   3540000      6.145310     -1.906987
   3560000      6.160667     -1.917940
   3580000      6.170275     -1.934532
   3600000      6.171056     -1.950138
   3620000      6.179592     -1.965838
   3640000      6.196889     -1.970087
   3660000      6.174429     -1.998402
   3680000      6.168887     -2.014463
   3700000      6.173546     -2.028468
   3720000      6.183979     -2.045396
   3740000      6.186369     -2.055966
   3760000      6.181612     -2.081850
   3780000      6.184012     -2.098828
   3800000      6.217387     -2.108740
   3820000      6.211789     -2.129839
   3840000      6.198086     -2.150771
   3860000      6.188070     -2.163202
   3880000      6.186361     -2.176712
   3900000      6.185911     -2.196501
   3920000      6.208973     -2.208295
   3940000      6.167886     -2.223358
   3960000      6.179206     -2.246329
   3980000      6.142280     -2.262050
   4000000      6.192295     -2.276813
   4020000      6.142317     -2.291045
   4040000      6.230474     -2.301945
   4060000      6.336000     -2.282515
   4080000      6.326489     -2.309952
   4100000      6.282773     -2.343871
   4120000      6.337971     -2.342966
   4140000      6.376216     -2.349930
   4160000      6.366224     -2.366998
   4180000      6.387050     -2.372487
   4200000      6.402656     -2.382853
   4220000      6.401791     -2.401195
   4240000      6.347225     -2.436404
   4260000      6.354884     -2.450392
   4280000      6.351560     -2.461044
   4300000      6.339309     -2.477943
   4320000      6.339502     -2.496396
   4340000      6.355628     -2.512975
   4360000      6.362309     -2.525741
   4380000      6.385768     -2.534504
   4400000      6.374510     -2.550803
   4420000      6.363801     -2.562481
   4440000      6.344117     -2.589880
   4460000      6.275283     -2.604030
   4480000      6.272208     -2.623249
   4500000      6.256164     -2.631763
   4520000      6.256584     -2.652270
   4540000      6.241817     -2.666247
   4560000      6.242840     -2.684479
   4580000      6.253807     -2.707141
   4600000      6.278560     -2.728888
   4620000      6.278989     -2.740569
   4640000      6.282391     -2.755498
   4660000      6.286002     -2.777993
   4680000      6.294555     -2.800335
   4700000      6.304362     -2.818988
   4720000      6.293460     -2.838414
   4740000      6.317612     -2.856913
   4760000      6.282533     -2.866751
   4780000      6.268518     -2.884614
   4800000      6.343013     -2.918924
   4820000      6.333440     -2.936750
   4840000      6.345091     -2.948196
   4860000      6.350351     -2.971946
   4880000      6.358668     -2.971579
   4900000      6.364769     -2.986335
   4920000      6.342717     -3.018197
   4940000      6.340583     -3.035666
   4960000      6.355560     -3.055718
   4980000      6.327592     -3.075285
   5000000      6.329211     -3.090394
   5020000      6.325296     -3.100099
   5040000      6.242097     -3.073179
   5060000      6.242457     -3.092315
   5080000      6.296730     -3.134094
   5100000      6.292960     -3.144930
   5120000      6.306090     -3.163529
   5140000      6.316900     -3.179801
   5160000      6.311528     -3.193206
   5180000      6.304778     -3.208838
   5200000      6.304785     -3.227877
   5220000      6.315331     -3.239966
   5240000      6.296839     -3.255988
   5260000      6.183290     -3.226503
   5280000      6.224846     -3.263148
   5300000      6.213175     -3.273305
   5320000      6.193384     -3.271741
   5340000      6.204781     -3.298782
   5360000      6.200852     -3.317428
   5380000      6.207224     -3.331375
   5400000      6.210615     -3.349146
   5420000      6.223407     -3.373220
   5440000      6.214547     -3.390276
   5460000      6.207626     -3.398951
   5480000      6.203671     -3.408069
   5500000      6.249358     -3.445271
   5520000      6.237932     -3.464050
   5540000      6.223324     -3.475615
   5560000      6.215510     -3.490800
   5580000      6.216406     -3.508270
   5600000      6.232635     -3.526766
   5620000      6.238078     -3.543150
   5640000      6.259360     -3.552406
   5660000      6.284876     -3.556299
   5680000      6.290405     -3.571675
   5700000      6.291691     -3.587433
   5720000      6.292858     -3.595414
   5740000      6.253988     -3.615869
   5760000      6.271292     -3.629282
   5780000      6.307199     -3.643124
   5800000      6.299749     -3.658983
   5820000      6.248883     -3.687501
   5840000      6.230200     -3.694913
   5860000      6.227111     -3.714044
   5880000      6.219058     -3.728064
   5900000      6.194621     -3.731920
   5920000      6.190136     -3.754611
   5940000      6.200198     -3.773278
   5960000      6.210350     -3.789329
   5980000      6.208551     -3.803889
   6000000      6.214535     -3.823433
   6020000      6.227022     -3.839119
   6040000      6.237870     -3.851180
   6060000      6.148524     -3.867732
   6080000      6.155253     -3.889460
   6100000      6.174509     -3.907828
   6120000      6.183472     -3.918260
   6140000      6.197292     -3.931022
   6160000      6.158911     -3.947948
   6180000      6.146088     -3.962815
   6200000      6.136858     -3.977794
   6220000      6.095907     -3.986561
   6240000      6.096227     -3.998061
   6260000      6.083362     -4.019510
   6280000      6.067925     -4.030270
   6300000      6.059076     -4.042110
   6320000      6.035443     -4.050661
   6340000      6.059515     -4.075601
   6360000      6.105360     -4.106978
   6380000      6.084169     -4.117953
   6400000      6.068431     -4.126331
   6420000      6.157270     -4.152069
   6440000      6.169027     -4.163908
   6460000      6.154146     -4.185184
   6480000      6.164214     -4.196079
   6500000      6.185031     -4.201957
   6520000      6.162942     -4.218930
   6540000      6.208393     -4.234790
   6560000      6.176522     -4.253712
   6580000      6.178292     -4.278741
   6600000      6.184330     -4.293947
   6620000      6.243041     -4.305035
   6640000      6.276166     -4.313546
   6660000      6.277016     -4.324477
   6680000      6.284866     -4.335445
   6700000      6.285334     -4.349049
   6720000      6.311286     -4.358099
   6740000      6.304949     -4.370885
   6760000      6.297777     -4.383760
   6780000      6.262794     -4.416880
   6800000      6.244120     -4.434561
   6820000      6.229203     -4.464264
   6840000      6.204706     -4.478842
   6860000      6.227565     -4.500473
   6880000      6.192581     -4.511460
   6900000      6.175395     -4.533224
   6920000      6.167251     -4.556894
   6940000      6.170877     -4.572035
   6960000      6.191774     -4.587158
   6980000      6.206005     -4.606390
   7000000      6.227937     -4.618966
   7020000      6.209603     -4.637606
   7040000      6.181902     -4.655585
   7060000      6.188169     -4.672258
   7080000      6.176768     -4.683401
   7100000      6.170714     -4.703201
   7120000      6.163885     -4.719324
   7140000      6.234752     -4.720360
   7160000      6.241487     -4.731021
   7180000      6.222420     -4.761391
   7200000      6.194853     -4.774147
   7220000      6.196986     -4.792002
   7240000      6.196340     -4.808675
   7260000      6.168945     -4.819105
   7280000      6.202716     -4.832488
   7300000      6.139099     -4.845332
   7320000      6.160145     -4.859465
   7340000      6.193024     -4.874465
   7360000      6.193530     -4.889450
   7380000      6.189748     -4.906406
   7400000      6.237029     -4.927969
   7420000      6.210198     -4.942180
   7440000      6.204771     -4.959707
   7460000      6.198056     -4.983578
   7480000      6.190669     -5.001146
   7500000      6.191695     -5.013861
   7520000      6.191367     -5.029623
   7540000      6.187044     -5.048508
   7560000      6.210436     -5.065349
   7580000      6.205807     -5.075882
   7600000      6.157207     -5.081716
   7620000      6.177352     -5.107264
   7640000      6.165778     -5.113959
   7660000      6.144120     -5.129233
   7680000      6.137569     -5.137255
   7700000      6.116812     -5.145086
   7720000      6.112395     -5.157522
   7740000      6.113583     -5.192350
   7760000      6.112170     -5.207884
   7780000      6.127841     -5.232164
   7800000      6.092800     -5.244636
   7820000      6.071024     -5.249155
   7840000      6.072815     -5.258649
   7860000      6.065785     -5.277418
   7880000      6.075969     -5.296306
   7900000      6.063547     -5.309420
   7920000      6.047711     -5.320735
   7940000      6.056197     -5.332965
   7960000      6.070324     -5.358215
   7980000      6.059115     -5.367117
   8000000      6.058894     -5.386541
   8020000      6.050228     -5.393799
   8040000      6.064331     -5.420015
   8060000      6.073269     -5.441826
   8080000      5.988418     -5.427980
   8100000      5.992186     -5.452540
   8120000      5.996217     -5.465539
   8140000      5.959999     -5.471342
   8160000      5.980526     -5.508618
   8180000      5.975487     -5.524596
   8200000      5.978103     -5.546704
   8220000      5.989781     -5.553178
   8240000      5.859074     -5.503102
   8260000      5.891035     -5.544074
   8280000      5.899025     -5.565867
   8300000      5.888644     -5.580056
   8320000      5.791342     -5.536955
   8340000      5.784069     -5.545624
   8360000      5.749979     -5.515568
   8380000      5.736333     -5.515776
   8400000      5.713838     -5.495437
   8420000      5.698966     -5.480924
   8440000      5.681260     -5.468420
   8460000      5.669393     -5.546118
   8480000      5.653813     -5.547610
   8500000      5.647584     -5.548903
   8520000      5.632436     -5.560505
   8540000      5.619285     -5.555777
   8560000      5.612560     -5.556602
   8580000      5.601121     -5.574416
   8600000      5.586678     -5.583569
   8620000      5.582580     -5.606485
   8640000      5.572870     -5.600427
   8660000      5.554848     -5.623719
   8680000      5.539585     -5.631050
   8700000      5.523523     -5.612270
   8720000      5.524861     -5.599974
   8740000      5.500166     -5.676885
   8760000      5.488596     -5.685274
   8780000      5.486104     -5.712885
   8800000      5.475852     -5.743206
   8820000      5.459178     -5.748210
   8840000      5.450551     -5.769920
   8860000      5.422537     -5.747936
   8880000      5.421033     -5.775466
   8900000      5.402664     -5.771076
   8920000      5.377631     -5.754073
   8940000      5.360502     -5.754764
   8960000      5.321528     -5.714929
   8980000      5.305870     -5.722056
   9000000      5.292034     -5.744777
   9020000      5.296195     -5.791701
   9040000      5.283081     -5.795945
   9060000      5.262618     -5.797599
   9080000      5.252078     -5.808997
   9100000      5.230902     -5.799945
   9120000      5.222016     -5.804860
   9140000      5.221960     -5.785939
   9160000      5.207393     -5.811100
   9180000      5.193237     -5.815382
   9200000      5.184064     -5.823527
   9220000      5.231948     -5.939660
   9240000      5.207715     -5.935527
   9260000      5.210961     -5.962703
   9280000      5.183440     -5.956736
   9300000      5.181614     -5.970428
   9320000      5.109010     -5.892907
   9340000      5.084696     -5.860922
   9360000      5.069906     -5.868146
   9380000      5.052248     -5.877115
   9400000      5.040472     -5.867089
   9420000      5.020341     -5.851753
   9440000      5.008287     -5.834237
   9460000      4.996819     -5.848074
   9480000      4.996089     -5.920024
   9500000      4.977173     -5.940235
   9520000      5.000475     -6.010721
   9540000      4.949186     -5.980554
   9560000      4.936437     -6.015713
   9580000      4.926622     -6.031936
   9600000      4.916457     -6.046445
   9620000      4.912770     -6.066766
   9640000      4.879108     -6.046887
   9660000      4.869748     -6.067764
   9680000      4.852030     -6.065803
   9700000      4.867514     -6.115882
   9720000      4.859039     -6.128976
   9740000      4.870064     -6.174530
   9760000      4.912901     -6.212967
   9780000      4.868159     -6.203749
   9800000      4.853283     -6.219116
   9820000      4.818011     -6.208519
   9840000      4.820605     -6.240163
   9860000      4.819678     -6.261141
   9880000      4.811925     -6.266349
   9900000      4.810360     -6.281182
   9920000      4.794351     -6.281939
   9940000      4.808494     -6.321466
   9960000      4.809228     -6.335885
   9980000      4.775928     -6.341250
  10000000      4.756852     -6.349081
