         0      4.000000      0.000000
     20000      4.055353     -0.014505
     40000      4.114349      0.157784
     60000      4.190488      0.141940
     80000      4.246146      0.204705
    100000      4.317864      0.217638
    120000      4.392071      0.130024
    140000      4.472816      0.134855
    160000      4.546125      0.130152
    180000      4.615395      0.134765
    200000      4.606341      0.364024
    220000      4.604508      0.460329
    240000      4.775295      0.268582
    260000      4.886978      0.006638
    280000      4.925301      0.236940
    300000      4.978569      0.269033
    320000      5.061224      0.145313
    340000      5.172781      0.153464
    360000      5.221340      0.272228
    380000      5.281559      0.248355
    400000      5.225258      0.577453
    420000      5.434402      0.329773
    440000      5.477790      0.458506
    460000      5.523502      0.486741
    480000      5.564536      0.562169
    500000      5.684617      0.500327
    520000      5.743992      0.493456
    540000      5.768675      0.549186
    560000      5.893991      0.299525
    580000      5.937631      0.433536
    600000      6.027979      0.373208
    620000      6.084275      0.372668
    640000      6.141369      0.392791
    660000      6.204835      0.348184
    680000      6.264374      0.125465
    700000      6.329571      0.519714
    720000      6.421732      0.476122
    740000      6.492642      0.451020
    760000      6.536335      0.259091
    780000      6.574439      0.216656
    800000      6.644306      0.229825
    820000      6.710799      0.255731
    840000      6.814949      0.323043
    860000      6.857907      0.327570
    880000      6.943630      0.322405
    900000      7.007956      0.385532
    920000      7.084332      0.280285
    940000      7.148137      0.331315
    960000      7.191001      0.198793
    980000      7.259639      0.186717
   1000000      7.373177      0.348428
   1020000      7.380012      0.098865
   1040000      7.426148      0.047509
   1060000      7.491207      0.073301
   1080000      7.559031      0.161079
   1100000      7.639833      0.118866
   1120000      7.660008     -0.072754
   1140000      7.733206     -0.073318
   1160000      7.788464     -0.094958
   1180000      7.806033     -0.257034
   1200000      7.863064     -0.217961
   1220000      7.863110     -0.428008
   1240000      7.922191     -0.479041
   1260000      8.022382     -0.486283
   1280000      8.043062     -0.559042
   1300000      8.110673     -0.548930
   1320000      8.118008     -0.624505
   1340000      8.235163     -0.612791
   1360000      8.313724     -0.542586
   1380000      8.383033     -0.627473
   1400000      8.452732     -0.590594
   1420000      8.507041     -0.601844
   1440000      8.553661     -0.500716
   1460000      8.609155     -0.410126
   1480000      8.697634     -0.524887
   1500000      8.745469     -0.461487
   1520000      8.803178     -0.436411
   1540000      8.885397     -0.578991
   1560000      8.946131     -0.527162
   1580000      9.009030     -0.484212
   1600000      9.088179     -0.583878
   1620000      9.158215     -0.552133
   1640000      9.210254     -0.506350
   1660000      9.291146     -0.672513
   1680000      9.345121     -0.860052
   1700000      9.365203     -0.959372
   1720000      9.498924     -0.771841
   1740000      9.552965     -0.836873
   1760000      9.632222     -0.889925
   1780000      9.683661     -0.876342
   1800000      9.735927     -0.769068
   1820000      9.796276     -0.760838
   1840000      9.902870     -0.811437
   1860000      9.954833     -0.681942
   1880000     10.011345     -0.657825
   1900000     10.088785     -0.658018
   1920000     10.173563     -0.678140
   1940000     10.235829     -0.849662
   1960000     10.305748     -0.781736
   1980000     10.343777     -1.061037
   2000000     10.402399     -1.104201
   2020000     10.264570     -1.449707
   2040000     10.447436     -1.327286
   2060000     10.388811     -1.578107
   2080000     10.529015     -1.507108
   2100000     10.616087     -1.503803
   2120000     10.574608     -1.653498
   2140000     10.481190     -1.824975
   2160000     10.346339     -1.963565
   2180000     10.472181     -1.985060
   2200000     10.367761     -2.063091
   2220000     10.717710     -1.959519
   2240000     10.814448     -1.941502
   2260000     10.915800     -1.937599
   2280000     10.996720     -1.937665
   2300000     11.097734     -1.899177
   2320000     11.130201     -1.939503
   2340000     11.229285     -1.825799
   2360000     11.289999     -1.826570
   2380000     11.358311     -1.720579
   2400000     11.415621     -1.812622
   2420000     11.458235     -1.778881
   2440000     11.556317     -1.922281
   2460000     11.585357     -2.107640
   2480000     11.595701     -2.189968
   2500000     11.731222     -2.069039
   2520000     11.781539     -2.091270
   2540000     11.843846     -2.104066
   2560000     11.907803     -2.047648
   2580000     11.930869     -2.213340
   2600000     11.985322     -2.259038
   2620000     12.084696     -2.235281
   2640000     12.165766     -2.231496
   2660000     12.225378     -2.238480
   2680000     12.264574     -2.077803
   2700000     12.349392     -2.069418
   2720000     12.407832     -2.243475
   2740000     12.463238     -2.173990
   2760000     12.533937     -2.317435
   2780000     12.601321     -2.269875
   2800000     12.646037     -2.303862
   2820000     12.686820     -2.489616
   2840000     12.798853     -2.146555
   2860000     12.877413     -2.214134
   2880000     12.934276     -2.243835
   2900000     12.973096     -2.093604
   2920000     13.059548     -2.192532
   2940000     13.122793     -2.184043
   2960000     13.171843     -2.135512
   2980000     13.220109     -2.108992
   3000000     13.213962     -1.939222
   3020000     13.293625     -1.988461
   3040000     13.342097     -1.997795
   3060000     13.393490     -2.011619
   3080000     13.479338     -2.074233
   3100000     13.550754     -1.860534
   3120000     13.603718     -1.835525
   3140000     13.609814     -1.724237
   3160000     13.791158     -1.959258
   3180000     13.846967     -1.810629
   3200000     13.905726     -2.008974
   3220000     14.036367     -2.156179
   3240000     14.067352     -2.414626
   3260000     14.156481     -2.339588
   3280000     14.175842     -2.405277
   3300000     14.258257     -2.422209
   3320000     14.339650     -2.352067
   3340000     14.373158     -2.443709
   3360000     14.509661     -2.194510
   3380000     14.569040     -2.391939
   3400000     14.664636     -2.093176
   3420000     14.623278     -1.833793
   3440000     14.586733     -1.893245
   3460000     14.778394     -2.269368
   3480000     14.899694     -2.124448
   3500000     14.959378     -2.191214
   3520000     15.018096     -1.874968
   3540000     15.089670     -1.976792
   3560000     15.152478     -1.843179
   3580000     15.183977     -2.024466
   3600000     15.248656     -2.014911
   3620000     15.284024     -1.906449
   3640000     15.360513     -1.864910
   3660000     15.430750     -1.824159
   3680000     15.476272     -2.054552
   3700000     15.532046     -2.103678
   3720000     15.597928     -2.130591
   3740000     15.634768     -2.182651
   3760000     15.730288     -2.145770
   3780000     15.835646     -2.082158
   3800000     15.867216     -2.119688
   3820000     15.869505     -2.319023
   3840000     15.966643     -2.255950
   3860000     16.016126     -2.275481
   3880000     16.105594     -2.239493
   3900000     16.219058     -2.165504
   3920000     16.286304     -2.172576
   3940000     16.382619     -1.974731
   3960000     16.355795     -2.385713
   3980000     16.425113     -2.380549
   4000000     16.550020     -2.091946
   4020000     16.660210     -1.920622
   4040000     16.729251     -1.883300
   4060000     16.754759     -1.761588
   4080000     16.794475     -1.694716
   4100000     16.841389     -1.676250
   4120000     16.901766     -1.627952
   4140000     16.989271     -1.620734
   4160000     16.947336     -1.550421
   4180000     17.205365     -1.964877
   4200000     17.269026     -2.002278
   4220000     17.321901     -2.132097
   4240000     17.418896     -2.028819
   4260000     17.478429     -2.020232
   4280000     17.538241     -2.050692
   4300000     17.620152     -1.967817
   4320000     17.652903     -1.824668
   4340000     17.726931     -1.816817
   4360000     17.800904     -1.903853
   4380000     17.803762     -1.771319
   4400000     17.870841     -1.750576
   4420000     17.943368     -1.741646
   4440000     18.015821     -1.676386
   4460000     18.059583     -1.627696
   4480000     18.158520     -1.678112
   4500000     18.207247     -1.644393
   4520000     18.237621     -1.577045
   4540000     18.322424     -1.658257
   4560000     18.369935     -1.558357
   4580000     18.461346     -1.609784
   4600000     18.546003     -1.713186
   4620000     18.618666     -1.828061
   4640000     18.689341     -1.860528
   4660000     18.726548     -2.016172
   4680000     18.766318     -2.077276
   4700000     18.795352     -2.157807
   4720000     18.893926     -2.120304
   4740000     18.981277     -2.119587
   4760000     19.046134     -2.121085
   4780000     19.159087     -2.003479
   4800000     19.213964     -1.882158
   4820000     19.198845     -2.075181
   4840000     19.238394     -2.164786
   4860000     19.241421     -2.500313
   4880000     19.180714     -2.679413
   4900000     19.354370     -2.607888
   4920000     19.401534     -2.627462
   4940000     19.475132     -2.614945
   4960000     19.469840     -2.762352
   4980000     19.471067     -2.883911
   5000000     19.531117     -2.929557
   5020000     19.488142     -3.046275
   5040000     19.584602     -3.061964
   5060000     19.628805     -3.115441
   5080000     19.648577     -3.178418
   5100000     19.705567     -3.191554
   5120000     19.840229     -3.169859
   5140000     19.788135     -3.283716
   5160000     19.895827     -3.278431
   5180000     19.962174     -3.312152
   5200000     19.948401     -3.441324
   5220000     20.072585     -3.383809
   5240000     20.129511     -3.472140
   5260000     20.157177     -3.544651
   5280000     20.314821     -3.453655
   5300000     20.150795     -3.730674
   5320000     20.374659     -3.588802
   5340000     20.599870     -3.438087
   5360000     20.733455     -3.299547
   5380000     20.789233     -3.371301
   5400000     20.816177     -3.463721
   5420000     20.858288     -3.495041
   5440000     20.916087     -3.516255
   5460000     20.907340     -3.652372
   5480000     21.019139     -3.543352
   5500000     20.893177     -3.828354
   5520000     21.106490     -3.780043
   5540000     21.100945     -3.875939
   5560000     21.047378     -3.993832
   5580000     21.214118     -4.005074
   5600000     21.295387     -4.018905
   5620000     21.258595     -4.137871
   5640000     21.397147     -4.107457
   5660000     21.461637     -4.148220
   5680000     21.526702     -4.186495
   5700000     21.533728     -4.241247
   5720000     21.694434     -4.209850
   5740000     21.800609     -4.167863
   5760000     21.908670     -4.036293
   5780000     21.994476     -4.005710
   5800000     22.051677     -3.960832
   5820000     22.105336     -4.044649
   5840000     22.174372     -4.091949
   5860000     22.232903     -4.150414
   5880000     22.205755     -4.314279
   5900000     22.387463     -4.173931
   5920000     22.377787     -4.292437
   5940000     22.542081     -4.085073
   5960000     22.596312     -4.089199
   5980000     22.631732     -4.254154
   6000000     22.718510     -4.212990
