         0      4.000000      0.000000
     20000      4.034142      0.000895
     40000      4.125722     -0.056704
     60000      4.169704     -0.172485
     80000      4.237849     -0.165148
    100000      4.292382     -0.227410
    120000      4.369874     -0.162127
    140000      4.422268     -0.055576
    160000      4.499070     -0.138061
    180000      4.556280     -0.284279
    200000      4.617508     -0.301183
    220000      4.663755     -0.312439
    240000      4.688743     -0.540845
    260000      4.764705     -0.504942
    280000      4.842779     -0.476796
    300000      4.906300     -0.417491
    320000      4.963429     -0.504369
    340000      5.036952     -0.416036
    360000      5.080481     -0.215906
    380000      5.156510     -0.317565
    400000      5.245999     -0.291855
    420000      5.323157     -0.273005
    440000      5.383419     -0.095538
    460000      5.411356     -0.020248
    480000      5.569066     -0.295285
    500000      5.617695     -0.325007
    520000      5.686820     -0.351792
    540000      5.774871     -0.173272
    560000      5.816946     -0.080464
    580000      5.889124     -0.018803
    600000      5.977527     -0.093135
    620000      6.010963     -0.036219
    640000      6.079775      0.015329
    660000      6.151001     -0.022035
    680000      6.205550      0.030743
    700000      6.303930     -0.034036
    720000      6.357274     -0.061821
    740000      6.399948      0.094192
    760000      6.465580     -0.044383
    780000      6.540321     -0.040969
    800000      6.597447     -0.015424
    820000      6.721304      0.051863
    840000      6.788367      0.005687
    860000      6.852685     -0.001951
    880000      6.921294     -0.063734
    900000      6.978177     -0.113381
    920000      7.080850     -0.024200
    940000      7.132921      0.149029
    960000      7.119045      0.271421
    980000      7.175391      0.331678
   1000000      7.336244      0.206205
   1020000      7.387266      0.265771
   1040000      7.425832      0.194176
   1060000      7.570065      0.148818
   1080000      7.624354      0.217555
   1100000      7.625513      0.364174
   1120000      7.721689      0.374077
   1140000      7.733701      0.528201
   1160000      7.781248      0.549886
   1180000      7.790131      0.659926
   1200000      7.618255      0.872816
   1220000      7.731765      0.907820
   1240000      7.689788      1.014755
   1260000      7.739801      1.074185
   1280000      7.727290      1.167453
   1300000      7.763962      1.215719
   1320000      7.819348      1.257175
   1340000      7.867785      1.301674
   1360000      7.912214      1.320021
   1380000      7.848637      1.446479
   1400000      7.902429      1.481961
   1420000      7.809683      1.608303
   1440000      7.761716      1.688713
   1460000      7.658445      1.749593
   1480000      7.738829      1.803849
   1500000      7.744328      1.871386
   1520000      7.759694      1.958876
   1540000      7.962058      1.958068
   1560000      7.972243      2.051373
   1580000      8.038746      2.085650
   1600000      8.051070      2.171242
   1620000      8.013742      2.263165
   1640000      8.235266      2.206672
   1660000      8.328675      2.220251
   1680000      8.098808      2.452728
   1700000      8.278551      2.454363
   1720000      8.178994      2.555577
   1740000      8.117930      2.672665
   1760000      8.199130      2.703881
   1780000      8.403952      2.633403
   1800000      8.387686      2.771945
   1820000      8.489126      2.714288
   1840000      8.472628      2.870454
   1860000      8.446239      2.986486
   1880000      8.465801      3.048574
   1900000      8.348287      3.191476
   1920000      8.417204      3.233282
   1940000      8.351379      3.316718
   1960000      8.305308      3.400917
   1980000      8.281268      3.452237
   2000000      8.425381      3.516684
   2020000      8.497685      3.581403
   2040000      8.468553      3.645944
   2060000      8.524669      3.718204
   2080000      8.506409      3.774885
   2100000      8.656149      3.775482
   2120000      8.715794      3.835440
   2140000      9.054459      3.708170
   2160000      9.069526      3.804718
   2180000      9.165659      3.822387
   2200000      9.238897      3.810433
   2220000      9.337151      3.783536
   2240000      9.391811      3.731083
   2260000      9.372759      3.934222
   2280000      9.435431      3.938834
   2300000      9.483000      4.006841
   2320000      9.530881      4.036262
   2340000      9.592838      4.032307
   2360000      9.662539      4.032798
   2380000      9.731253      4.051923
   2400000      9.788719      4.072389
   2420000      9.789493      4.215112
   2440000      9.866023      4.186662
   2460000      9.974427      4.113718
   2480000     10.022526      4.140684
   2500000     10.104957      3.990599
   2520000     10.183915      4.058920
   2540000     10.257980      3.914419
   2560000     10.307522      3.831174
   2580000     10.385058      3.814580
   2600000     10.447895      3.845489
   2620000     10.459595      3.682796
   2640000     10.447884      3.573077
   2660000     10.604935      3.668311
   2680000     10.658927      3.588263
   2700000     10.689618      3.539881
   2720000     10.784555      3.524453
   2740000     10.845751      3.480513
   2760000     10.915889      3.461976
   2780000     10.957829      3.389496
   2800000     11.011219      3.352484
   2820000     11.092313      3.342816
   2840000     11.105436      3.269260
   2860000     11.237273      3.278987
   2880000     11.272932      3.218092
   2900000     11.376947      3.279571
   2920000     11.536239      3.446587
   2940000     11.587432      3.440006
   2960000     11.655474      3.586416
   2980000     11.727222      3.492428
   3000000     11.787042      3.335727
   3020000     11.890622      3.472550
   3040000     11.948716      3.426390
   3060000     11.998936      3.333830
   3080000     12.032872      3.372992
   3100000     12.104217      3.329129
   3120000     12.174126      3.354686
   3140000     12.078210      2.899644
   3160000     12.076322      2.797365
   3180000     12.161443      2.775558
   3200000     12.223514      2.747546
   3220000     12.328749      2.760046
   3240000     12.416694      2.765048
   3260000     12.473890      2.719733
   3280000     12.433413      2.604943
   3300000     12.595377      2.688614
   3320000     12.637155      2.639420
   3340000     12.617151      2.511476
   3360000     12.705000      2.491307
   3380000     12.738263      2.419082
   3400000     12.784283      2.383539
   3420000     12.707032      2.216710
   3440000     12.769161      2.198786
   3460000     12.803595      2.144082
   3480000     12.956662      2.157652
   3500000     13.055272      2.153074
   3520000     13.110732      2.103871
   3540000     13.233629      2.121303
   3560000     13.277450      2.057064
   3580000     13.290451      1.975305
   3600000     13.253432      1.892586
   3620000     13.320631      1.857832
   3640000     13.383028      1.826843
   3660000     13.358660      1.705418
   3680000     13.294765      1.614399
   3700000     13.437466      1.587732
   3720000     13.394831      1.500934
   3740000     13.285618      1.398891
   3760000     13.419896      1.358270
   3780000     13.504888      1.327883
   3800000     13.624153      1.320710
   3820000     13.708534      1.286195
   3840000     13.760351      1.223390
   3860000     13.721526      1.122401
   3880000     13.805739      1.093710
   3900000     13.801883      1.029506
   3920000     13.782212      0.936978
   3940000     13.776097      0.874828
   3960000     13.944370      0.870083
   3980000     14.055693      0.891045
   4000000     14.009061      0.775132
   4020000     14.120287      0.739172
   4040000     14.147989      0.670841
   4060000     14.150375      0.598242
   4080000     14.227285      0.554153
   4100000     14.271624      0.502489
   4120000     14.363343      0.478432
   4140000     14.506426      0.523678
   4160000     14.459071      0.369284
   4180000     14.397296      0.270681
   4200000     14.461114      0.244798
   4220000     14.394851      0.137664
   4240000     14.307291      0.066958
   4260000     14.530258      0.051298
   4280000     14.678258      0.077231
   4300000     14.678916     -0.003361
   4320000     14.625910     -0.114983
   4340000     14.556814     -0.212114
   4360000     14.485907     -0.284391
   4380000     14.502280     -0.361975
   4400000     14.627226     -0.413661
   4420000     14.893314     -0.315498
   4440000     14.978766     -0.328125
   4460000     15.030385     -0.394357
   4480000     15.037619     -0.469645
   4500000     15.122580     -0.468580
   4520000     15.135795     -0.567221
   4540000     15.147091     -0.646709
   4560000     15.214391     -0.695756
   4580000     15.259049     -0.740334
   4600000     15.330776     -0.772808
   4620000     15.458824     -0.726779
   4640000     15.541396     -0.642432
   4660000     15.621569     -0.635669
   4680000     15.666470     -0.614077
   4700000     15.706807     -0.725348
   4720000     15.773701     -0.702120
   4740000     15.845607     -0.618397
   4760000     15.892838     -0.554560
   4780000     15.949227     -0.575014
   4800000     16.010377     -0.476441
   4820000     16.027014     -0.382511
   4840000     16.140491     -0.495707
   4860000     16.230335     -0.837225
   4880000     16.297594     -0.794230
   4900000     16.345966     -0.865133
   4920000     16.414825     -0.845974
   4940000     16.467917     -0.861583
   4960000     16.525643     -0.939168
   4980000     16.539459     -1.034427
   5000000     16.607945     -1.092110
   5020000     16.614469     -1.225927
   5040000     16.756117     -1.126430
   5060000     16.764787     -1.251436
   5080000     16.837003     -1.266014
   5100000     16.918240     -1.230386
   5120000     16.945755     -1.316998
   5140000     17.048746     -1.278036
   5160000     17.131859     -1.289775
   5180000     17.192411     -1.304060
   5200000     17.226104     -1.387524
   5220000     17.293517     -1.418588
   5240000     17.314618     -1.515417
   5260000     17.370383     -1.542127
   5280000     17.437685     -1.580536
   5300000     17.536985     -1.544878
   5320000     17.583324     -1.603101
   5340000     17.628483     -1.656777
   5360000     17.682510     -1.708775
   5380000     17.772269     -1.703020
   5400000     17.799971     -1.831815
   5420000     17.812316     -1.888879
   5440000     17.901418     -1.875957
   5460000     17.756082     -2.169645
   5480000     17.693695     -2.267264
   5500000     17.665101     -2.331621
   5520000     17.641031     -2.417210
   5540000     17.441195     -2.480544
   5560000     17.461378     -2.547190
   5580000     17.407891     -2.589275
   5600000     17.407792     -2.664611
   5620000     17.466620     -2.748951
   5640000     17.423054     -2.823954
   5660000     17.492423     -2.906874
   5680000     17.478645     -2.979672
   5700000     17.451943     -3.040889
   5720000     17.250802     -3.056875
   5740000     17.177078     -3.098190
   5760000     17.155215     -3.191224
   5780000     17.097260     -3.215655
   5800000     17.026232     -3.242276
   5820000     17.192724     -3.451126
   5840000     17.293873     -3.526645
   5860000     17.255635     -3.581691
   5880000     17.164392     -3.630635
   5900000     17.117255     -3.688511
   5920000     17.069998     -3.734440
   5940000     17.086126     -3.805739
   5960000     17.069902     -3.876942
   5980000     16.992211     -3.901774
   6000000     17.046149     -4.013873
