         0      4.000000      0.000000
     20000      4.052174     -0.017198
     40000      4.089125     -0.135607
     60000      4.143783     -0.138713
     80000      4.228426     -0.078041
    100000      4.305783     -0.135922
    120000      4.341990     -0.245743
    140000      4.372733     -0.310666
    160000      4.471794     -0.310859
    180000      4.523897     -0.377164
    200000      4.606523     -0.404929
    220000      4.635907     -0.488614
    240000      4.700974     -0.506164
    260000      4.804082     -0.487556
    280000      4.853701     -0.535142
    300000      4.938756     -0.560623
    320000      5.037588     -0.481221
    340000      5.055767     -0.662090
    360000      5.137201     -0.625254
    380000      5.186365     -0.677779
    400000      5.236860     -0.760029
    420000      5.295129     -0.755773
    440000      5.345181     -0.817988
    460000      5.376376     -0.869854
    480000      5.519453     -0.766384
    500000      5.627477     -0.658123
    520000      5.672373     -0.730873
    540000      5.736296     -0.589996
    560000      5.805463     -0.656054
    580000      5.871237     -0.479818
    600000      5.933312     -0.475932
    620000      5.987822     -0.381296
    640000      6.057117     -0.377865
    660000      6.164081     -0.498388
    680000      6.219320     -0.466380
    700000      6.193819     -0.785026
    720000      6.329147     -0.562567
    740000      6.395529     -0.706926
    760000      6.464016     -0.713251
    780000      6.534513     -0.743040
    800000      6.597647     -0.759975
    820000      6.664920     -0.784906
    840000      6.733845     -0.738573
    860000      6.772865     -0.778079
    880000      6.888388     -0.790379
    900000      6.974961     -0.670833
    920000      7.050260     -0.659743
    940000      7.131535     -0.749026
    960000      7.190390     -0.764569
    980000      7.270682     -0.782864
   1000000      7.316634     -0.632629
   1020000      7.391037     -0.688437
   1040000      7.460266     -0.780019
   1060000      7.519295     -0.659024
   1080000      7.595796     -0.684785
   1100000      7.646459     -0.624267
   1120000      7.720848     -0.685031
   1140000      7.790518     -0.747943
   1160000      7.871117     -0.760644
   1180000      7.919233     -0.803553
   1200000      7.971276     -0.773316
   1220000      8.011060     -0.863415
   1240000      8.055755     -0.914223
   1260000      8.102930     -0.970875
   1280000      8.184993     -0.996603
   1300000      8.235178     -1.036563
   1320000      8.294861     -1.098210
   1340000      8.360748     -1.131088
   1360000      8.385158     -1.196091
   1380000      8.395898     -1.277903
   1400000      8.439665     -1.361472
   1420000      8.638734     -1.279340
   1440000      8.631758     -1.379458
   1460000      8.727212     -1.384478
   1480000      8.872356     -1.226045
   1500000      8.927591     -1.306029
   1520000      9.001106     -1.305883
   1540000      9.119931     -1.085883
   1560000      9.178663     -1.210739
   1580000      9.234700     -1.284431
   1600000      9.290636     -1.294334
   1620000      9.303003     -1.373864
   1640000      9.417496     -1.367619
   1660000      9.484008     -1.406452
   1680000      9.506297     -1.460146
   1700000      9.429360     -1.635966
   1720000      9.407509     -1.716283
   1740000      9.619289     -1.658903
   1760000      9.679191     -1.670509
   1780000      9.729427     -1.703863
   1800000      9.703927     -1.802030
   1820000      9.736558     -1.855138
   1840000      9.791060     -1.902189
   1860000      9.906105     -1.902164
   1880000      9.934846     -1.968239
   1900000     10.001152     -1.981936
   1920000     10.029495     -2.048542
   1940000     10.058688     -2.104380
   1960000     10.169827     -2.088018
   1980000     10.246135     -2.118083
   2000000     10.221483     -2.206656
   2020000     10.165466     -2.291141
   2040000     10.165897     -2.354911
   2060000     10.272299     -2.373552
   2080000     10.511057     -2.286415
   2100000     10.526821     -2.385430
   2120000     10.499986     -2.508606
   2140000     10.649340     -2.485930
   2160000     10.702195     -2.518784
   2180000     10.713320     -2.606673
   2200000     10.776095     -2.636639
   2220000     10.828466     -2.678157
   2240000     10.872365     -2.684290
   2260000     10.919286     -2.744943
   2280000     11.025100     -2.742735
   2300000     11.028660     -2.849166
   2320000     11.023402     -2.944515
   2340000     10.979778     -3.024771
   2360000     11.010140     -3.070357
   2380000     10.975276     -3.123084
   2400000     11.066462     -3.191587
   2420000     11.345103     -3.117764
   2440000     11.423779     -3.130311
   2460000     11.503538     -3.091859
   2480000     11.547092     -3.148678
   2500000     11.585880     -3.207919
   2520000     11.582963     -3.327531
   2540000     11.737994     -3.228192
   2560000     11.762697     -3.332470
   2580000     11.774541     -3.403218
   2600000     11.769645     -3.494563
   2620000     11.796396     -3.566087
   2640000     11.811231     -3.645313
   2660000     11.939548     -3.652912
   2680000     11.926528     -3.746651
   2700000     12.019174     -3.759095
   2720000     12.062747     -3.820566
   2740000     12.065434     -3.912371
   2760000     12.090784     -3.961527
   2780000     12.284938     -3.861838
   2800000     12.394273     -3.806552
   2820000     12.458903     -3.798524
   2840000     12.510347     -3.815691
   2860000     12.572579     -3.816800
   2880000     12.638129     -3.836933
   2900000     12.721426     -3.832271
   2920000     12.800492     -3.821515
   2940000     12.858080     -3.840856
   2960000     12.926065     -3.929923
   2980000     12.992790     -3.911646
   3000000     13.075719     -3.867280
   3020000     13.142233     -3.935701
   3040000     13.188461     -4.000198
   3060000     13.206678     -4.095451
   3080000     13.280463     -4.121784
   3100000     13.398686     -4.077763
   3120000     13.456593     -4.142151
   3140000     13.525410     -4.095664
   3160000     13.588626     -4.152773
   3180000     13.655083     -4.114316
   3200000     13.710354     -3.920797
   3220000     13.788052     -4.138314
   3240000     13.878504     -4.141269
   3260000     13.958796     -4.201709
   3280000     13.978406     -4.325116
   3300000     14.080348     -4.143701
   3320000     14.149820     -4.203298
   3340000     14.223047     -4.140626
   3360000     14.294771     -4.166542
   3380000     14.364545     -4.082286
   3400000     14.396974     -4.037515
   3420000     14.495009     -4.157188
   3440000     14.555921     -4.301240
   3460000     14.631169     -4.133696
   3480000     14.687422     -4.105717
   3500000     14.763927     -4.111373
   3520000     14.813710     -4.040873
   3540000     14.887393     -3.984159
   3560000     14.969711     -3.950660
   3580000     15.013054     -3.896988
   3600000     15.044164     -3.815177
   3620000     15.129470     -3.833476
   3640000     15.206284     -3.836836
   3660000     15.264062     -3.801051
   3680000     15.391132     -3.938689
   3700000     15.486202     -4.008661
   3720000     15.535000     -3.924455
   3740000     15.607239     -4.017044
   3760000     15.673446     -4.083732
   3780000     15.744141     -4.212901
   3800000     15.766581     -4.343354
   3820000     15.818354     -4.397617
   3840000     15.886659     -4.448822
   3860000     15.942656     -4.519781
   3880000     15.962438     -4.603966
   3900000     15.993392     -4.659833
   3920000     16.054446     -4.677367
   3940000     16.144177     -4.682733
   3960000     16.159815     -4.794099
   3980000     16.176795     -4.860209
   4000000     16.188725     -4.933742
   4020000     16.211626     -4.976179
   4040000     16.330319     -4.985755
   4060000     16.481505     -4.918252
   4080000     16.534903     -4.993546
   4100000     16.601320     -5.031127
   4120000     16.587955     -5.129534
   4140000     16.625180     -5.182969
   4160000     16.768860     -5.120354
   4180000     16.819544     -5.138942
   4200000     16.846379     -5.235845
   4220000     16.887137     -5.305291
   4240000     16.807348     -5.469452
   4260000     16.841506     -5.559886
   4280000     17.034942     -5.470040
   4300000     17.136848     -5.412099
   4320000     17.215741     -5.422891
   4340000     17.208153     -5.562720
   4360000     17.244896     -5.599410
   4380000     17.299517     -5.648049
   4400000     17.452733     -5.590611
   4420000     17.481758     -5.672501
   4440000     17.531740     -5.717701
   4460000     17.579063     -5.751101
   4480000     17.701567     -5.708061
   4500000     17.747004     -5.749825
   4520000     17.858020     -5.641728
   4540000     17.909990     -5.704771
   4560000     17.963150     -5.766832
   4580000     18.067886     -5.697979
   4600000     18.132791     -5.730835
   4620000     18.195483     -5.530795
   4640000     18.275642     -5.545318
   4660000     18.335590     -5.509027
   4680000     18.372846     -5.380523
   4700000     18.469453     -5.535795
   4720000     18.546236     -5.490377
   4740000     18.590260     -5.402508
   4760000     18.662485     -5.374151
   4780000     18.710553     -5.352833
   4800000     18.759616     -5.293286
   4820000     18.842078     -5.291822
   4840000     18.947481     -5.463168
   4860000     19.000636     -5.534983
   4880000     19.075482     -5.495976
   4900000     19.168169     -5.495527
   4920000     19.228776     -5.574503
   4940000     19.301724     -5.448714
   4960000     19.362330     -5.433868
   4980000     19.434937     -5.539222
   5000000     19.471896     -5.651657
   5020000     19.521007     -5.748461
   5040000     19.601633     -5.719640
   5060000     19.628741     -5.791332
   5080000     19.699511     -5.808170
   5100000     19.761832     -5.830231
   5120000     19.834213     -5.804244
   5140000     19.887423     -5.879324
   5160000     19.982513     -5.863253
   5180000     20.031871     -5.901012
   5200000     20.055757     -5.966682
   5220000     20.185722     -5.818715
   5240000     20.249968     -5.842752
   5260000     20.277506     -6.017776
   5280000     20.346454     -6.064121
   5300000     20.427117     -6.068314
   5320000     20.438774     -6.159505
   5340000     20.518183     -6.146905
   5360000     20.547584     -6.248054
   5380000     20.524231     -6.366019
   5400000     20.582897     -6.423436
   5420000     20.595110     -6.490816
   5440000     20.699187     -6.502504
   5460000     20.746325     -6.556894
   5480000     20.848427     -6.549507
   5500000     20.947100     -6.491249
   5520000     20.937027     -6.629645
   5540000     20.920968     -6.740615
   5560000     21.014318     -6.723662
   5580000     20.999058     -6.842321
   5600000     21.162556     -6.777584
   5620000     21.229614     -6.756113
   5640000     21.290371     -6.835954
   5660000     21.281520     -6.977109
   5680000     21.308923     -7.029452
   5700000     21.510652     -6.842564
   5720000     21.556512     -6.937516
   5740000     21.612397     -6.968384
   5760000     21.637582     -7.057973
   5780000     21.728372     -7.045070
   5800000     21.786792     -7.100137
   5820000     21.876298     -7.093234
   5840000     21.884160     -7.177320
   5860000     21.995536     -7.161779
   5880000     22.005079     -7.252308
   5900000     22.096038     -7.259751
   5920000     22.113988     -7.384181
   5940000     22.196898     -7.397869
   5960000     22.231083     -7.456355
   5980000     22.320804     -7.462841
   6000000     22.413180     -7.470097
