         0      4.000000      0.000000
     20000      4.060043     -0.018048
     40000      4.126506     -0.024820
     60000      4.195510     -0.140706
     80000      4.196058      0.184880
    100000      4.299242      0.037021
    120000      4.346234     -0.211820
    140000      4.434808     -0.131233
    160000      4.476683     -0.281058
    180000      4.422180      0.292096
    200000      4.450214      0.216572
    220000      4.446991     -0.262234
    240000      4.566227     -0.113344
    260000      4.661825     -0.269373
    280000      4.711422     -0.261286
    300000      4.797750     -0.106774
    320000      4.899873      0.151470
    340000      4.942237      0.269948
    360000      5.029720      0.207467
    380000      5.036501      0.340032
    400000      5.166063      0.053130
    420000      5.216037      0.059619
    440000      5.290819     -0.030621
    460000      5.339190     -0.050226
    480000      5.395623      0.109102
    500000      5.485263      0.209632
    520000      5.541886      0.022263
    540000      5.608681      0.018194
    560000      5.677804     -0.024758
    580000      5.717006      0.002303
    600000      5.703446      0.274472
    620000      5.848027      0.343256
    640000      5.925673      0.371244
    660000      5.973040      0.424568
    680000      6.030914      0.286275
    700000      6.123862      0.175656
    720000      6.178751      0.301811
    740000      6.267246      0.176119
    760000      6.312634      0.157980
    780000      6.396068      0.248208
    800000      6.464324      0.275663
    820000      6.507306      0.373217
    840000      6.559069      0.386926
    860000      6.619679      0.423010
    880000      6.751525      0.383395
    900000      6.856283      0.303583
    920000      6.920910      0.383385
    940000      6.987430      0.315330
    960000      7.045988      0.436509
    980000      7.087751      0.486380
   1000000      7.136644      0.026333
   1020000      7.181566     -0.012687
   1040000      7.227474     -0.056053
   1060000      7.244466     -0.256436
   1080000      7.326897     -0.209964
   1100000      7.410390     -0.137960
   1120000      7.463996     -0.133775
   1140000      7.525881     -0.149315
   1160000      7.589913     -0.141037
   1180000      7.563209     -0.448968
   1200000      7.675736     -0.329205
   1220000      7.776711     -0.208512
   1240000      7.847661     -0.136613
   1260000      7.888815      0.025858
   1280000      7.854397      0.206080
   1300000      7.922620      0.197202
   1320000      8.088755     -0.272085
   1340000      8.126996     -0.220709
   1360000      8.178057     -0.168178
   1380000      8.242688     -0.297653
   1400000      8.293039     -0.291421
   1420000      8.354930     -0.272148
   1440000      8.410045     -0.445982
   1460000      8.400788     -0.671707
   1480000      8.525131     -0.389546
   1500000      8.582638     -0.486112
   1520000      8.635420     -0.196773
   1540000      8.693680     -0.144155
   1560000      8.766240     -0.222745
   1580000      8.844985     -0.229735
   1600000      8.903840     -0.554491
   1620000      8.982142     -0.539245
   1640000      9.060225     -0.465254
   1660000      9.142283     -0.379368
   1680000      9.181267     -0.397490
   1700000      9.252999     -0.569831
   1720000      9.297489     -0.598203
   1740000      9.377957     -0.402777
   1760000      9.462237     -0.358372
   1780000      9.482791     -0.032910
   1800000      9.585504     -0.107096
   1820000      9.593966      0.215315
   1840000      9.730012     -0.170333
   1860000      9.795667     -0.153462
   1880000      9.856478     -0.153287
   1900000      9.912041     -0.110223
   1920000      9.935492      0.075056
   1940000     10.027129     -0.017925
   1960000     10.105916     -0.160981
   1980000     10.172804     -0.049412
   2000000     10.216046      0.000742
   2020000     10.268695     -0.099840
   2040000     10.139506     -0.848978
   2060000     10.320667     -0.736137
   2080000     10.299020     -0.882530
   2100000     10.308559     -0.983747
   2120000     10.339294     -1.002813
   2140000     10.563558     -0.787985
   2160000     10.728952     -0.479247
   2180000     10.800694     -0.513232
   2200000     10.833903     -0.453557
   2220000     10.880206      0.130438
   2240000     10.721614      0.117976
   2260000     10.624554      0.492640
   2280000     10.607687      0.236754
   2300000     10.625208     -0.223267
   2320000     10.594871     -0.309710
   2340000     10.577325      0.009182
   2360000     10.368967      0.300479
   2380000     10.245066      0.293539
   2400000     10.245887      0.487337
   2420000     10.120772      0.586091
   2440000     10.034575      0.452682
   2460000     10.068938      0.653877
   2480000     10.152446      0.569568
   2500000     10.252895      0.239249
   2520000     10.265726     -0.093423
   2540000     10.123150     -0.314542
   2560000     10.014819     -0.180453
   2580000     10.169651     -0.287090
   2600000     10.179595     -0.400695
   2620000      9.969108      0.006502
   2640000      9.678866     -0.011029
   2660000      9.836348     -0.225187
   2680000      9.592127      0.096317
   2700000      9.640084     -0.082140
   2720000      9.375100      0.066411
   2740000      9.716908      0.129172
   2760000      9.759438     -0.049208
   2780000      9.654834      0.080432
   2800000      9.865435     -0.009187
   2820000      9.692557      0.306094
   2840000      9.782186      0.029461
   2860000      9.901783      0.204478
   2880000      9.874147      0.299021
   2900000      9.904963      0.625219
   2920000     10.039755      0.433877
   2940000      9.652100      0.557339
   2960000      9.753631      0.323939
   2980000      9.877976      0.313559
   3000000      9.694122      0.373988
   3020000      9.631242      0.320508
   3040000      9.393200      0.452806
   3060000      9.283340      0.473635
   3080000      9.259679      0.222676
   3100000      9.155435      0.439318
   3120000      9.068518      0.489924
   3140000      9.042181      0.485959
   3160000      9.136304      0.388280
   3180000      9.129272      0.271258
   3200000      8.478298      0.434419
   3220000      8.175949      0.518059
   3240000      8.181393      0.550303
   3260000      8.408550      0.330433
   3280000      8.407721      0.353711
   3300000      8.372830      0.539811
   3320000      8.452284      0.531947
   3340000      8.523330      0.668401
   3360000      8.628285      0.460755
   3380000      8.755704      0.575114
   3400000      8.697414      0.613786
   3420000      8.629924      0.455939
   3440000      8.820350      0.621204
   3460000      8.810237      0.388954
   3480000      9.224035      0.379391
   3500000      8.790765      0.218122
   3520000      8.628248      0.260477
   3540000      8.374879      0.277759
   3560000      8.513810      0.287739
   3580000      8.441133     -0.034676
   3600000      8.166104     -0.058865
   3620000      8.083891     -0.114782
   3640000      8.143780     -0.101905
   3660000      8.149954     -0.125160
   3680000      8.181681     -0.256722
   3700000      8.240988     -0.191331
   3720000      8.600544      0.137948
   3740000      8.212156     -0.424043
   3760000      8.085864     -0.246935
   3780000      7.988194     -0.348300
   3800000      7.949268     -0.182064
   3820000      8.066919     -0.120584
   3840000      8.106632      0.111401
   3860000      7.846581     -0.165857
   3880000      7.822538     -0.239158
   3900000      7.712098     -0.557495
   3920000      7.660291     -0.864365
   3940000      7.689059     -0.851503
   3960000      7.897138     -0.445874
   3980000      7.724814     -0.440530
   4000000      7.753339     -0.463474
   4020000      7.860495     -0.274736
   4040000      8.216074     -0.086885
   4060000      8.336809     -0.044447
   4080000      8.227952      0.133707
   4100000      8.100372     -0.054994
   4120000      8.285728     -0.062115
   4140000      7.949324     -0.107251
   4160000      8.051644     -0.186042
   4180000      7.854702     -0.266652
   4200000      7.929613     -0.474889
   4220000      7.811616     -0.618041
   4240000      7.842794     -0.595193
   4260000      7.803292     -0.402965
   4280000      7.713710     -0.857242
   4300000      7.756066     -0.768749
   4320000      7.772915     -0.703911
   4340000      7.747934     -0.417408
   4360000      7.779680     -0.697801
   4380000      7.693810     -1.134774
   4400000      7.793708     -1.351413
   4420000      7.928671     -1.600383
   4440000      7.903584     -1.784016
   4460000      7.899233     -1.741690
   4480000      7.882251     -1.533816
   4500000      7.977916     -1.785680
   4520000      7.989970     -1.801533
   4540000      8.069921     -1.732425
   4560000      8.165888     -1.741658
   4580000      8.101570     -1.490140
   4600000      8.307343     -1.696860
   4620000      8.340826     -1.529568
   4640000      8.316190     -1.527291
   4660000      8.555234     -1.934095
   4680000      8.362490     -2.021187
   4700000      8.315001     -1.737121
   4720000      8.328788     -1.782218
   4740000      8.366003     -1.856500
   4760000      8.266382     -1.663869
   4780000      8.246228     -1.510985
   4800000      8.465426     -1.649606
   4820000      8.463652     -1.816269
   4840000      8.716031     -1.671618
   4860000      8.439893     -1.440933
   4880000      8.473626     -1.821432
   4900000      8.536725     -2.448862
   4920000      8.561134     -2.372912
   4940000      8.431035     -2.385768
   4960000      8.690430     -2.237362
   4980000      8.440901     -1.989483
   5000000      8.690163     -2.305240
   5020000      8.659194     -2.502199
   5040000      8.849504     -2.484525
   5060000      9.263666     -2.752919
   5080000      9.094956     -2.905245
   5100000      9.084808     -2.758625
   5120000      9.459962     -2.673289
   5140000      9.545126     -2.842233
   5160000      9.604799     -2.846120
   5180000      9.916805     -2.718773
   5200000     10.004534     -2.617574
   5220000      9.731157     -2.458169
   5240000     10.023529     -2.208987
   5260000     10.267098     -2.149954
   5280000     10.454219     -2.104001
   5300000     10.645080     -2.108890
   5320000     10.496526     -1.674409
   5340000     10.435442     -1.855978
   5360000     10.636632     -1.748828
   5380000     10.773284     -1.772136
   5400000     10.621853     -1.570515
   5420000     10.665318     -1.408341
   5440000     10.400933     -1.073382
   5460000     10.469833     -1.115082
   5480000     10.453339     -1.156326
   5500000     10.201905     -0.755174
   5520000     10.055215     -0.927995
   5540000      9.837801     -0.981037
   5560000      9.966355     -0.764436
   5580000      9.804789     -0.790707
   5600000      9.903705     -0.687893
   5620000      9.815571     -0.906684
   5640000      9.924554     -1.169574
   5660000     10.021426     -1.098010
   5680000      9.938309     -1.015004
   5700000      9.872033     -1.290302
   5720000      9.966693     -1.483650
   5740000      9.940509     -1.674323
   5760000      9.871731     -1.681762
   5780000     10.016418     -1.429396
   5800000     10.250990     -1.563596
   5820000     10.083703     -1.735473
   5840000     10.243268     -1.662257
   5860000     10.332364     -1.937911
   5880000     10.156756     -2.008166
   5900000     10.221958     -1.961143
   5920000     10.403529     -1.707467
   5940000     10.395027     -1.475516
   5960000     10.204574     -1.504380
   5980000     10.049910     -1.766444
   6000000     10.032589     -1.895261
