         0      4.000000      0.000000
     20000      4.001882      0.008806
     40000      4.002604     -0.004050
     60000      4.000933      0.001236
     80000      4.003803      0.000899
    100000      4.002539      0.002155
    120000      4.002161      0.012015
    140000      4.002613      0.006907
    160000      4.001404      0.003234
    180000      4.002756     -0.007849
    200000      4.001449     -0.001844
    220000      4.000428      0.003732
    240000      4.001627      0.002446
    260000      4.002846      0.008760
    280000      4.002901      0.002336
    300000      4.001103      0.012784
    320000      4.002198      0.000774
    340000      4.001608      0.007674
    360000      4.001504      0.010404
    380000      4.000352      0.002004
    400000      4.001910      0.008691
    420000      4.002922      0.003534
    440000      4.003305     -0.000701
    460000      4.002559     -0.006396
    480000      4.001226     -0.003629
    500000      4.003126     -0.003782
    520000      4.002304      0.004582
    540000      4.004371      0.007646
    560000      4.003068      0.007453
    580000      4.003357      0.008907
    600000      4.002446      0.001048
    620000      4.004856     -0.008782
    640000      4.002374      0.000278
    660000      4.001734     -0.011115
    680000      4.001946      0.000479
    700000      4.002072      0.003550
    720000      4.001456      0.008940
    740000      4.000598      0.006567
    760000      4.001960     -0.003790
    780000      4.002911      0.011128
    800000      3.999589      0.004645
    820000      4.000487      0.013383
    840000      4.003072      0.004390
    860000      4.003819      0.013366
    880000      4.003654      0.006728
    900000      4.001688      0.006034
    920000      4.001970      0.003764
    940000      4.004480     -0.003924
    960000      4.003340      0.000308
    980000      4.000535      0.003049
   1000000      4.000633      0.001538
   1020000      4.001572     -0.005519
   1040000      4.000347      0.007378
   1060000      4.002244      0.001543
   1080000      4.002327      0.007747
   1100000      4.003685      0.003990
   1120000      4.002871      0.005090
   1140000      4.001913      0.002499
   1160000      4.000868     -0.008738
   1180000      4.002061      0.003886
   1200000      4.001910     -0.000218
   1220000      4.000405      0.013907
   1240000      4.001719     -0.001828
   1260000      4.000579      0.004561
   1280000      3.999280      0.000716
   1300000      3.999781      0.000044
   1320000      4.001569      0.013968
   1340000      4.001036      0.012678
   1360000      4.001911     -0.000257
   1380000      4.001793     -0.002404
   1400000      4.001020      0.002934
   1420000      4.001458      0.007104
   1440000      4.001600      0.007527
   1460000      4.003004      0.008928
   1480000      4.002503      0.003270
   1500000      4.003557     -0.003096
   1520000      4.001768     -0.001984
   1540000      4.001962      0.004645
   1560000      4.001424      0.002224
   1580000      4.001281      0.004770
   1600000      4.002492      0.009289
   1620000      4.001240      0.015749
   1640000      4.003580      0.010207
   1660000      4.003304      0.007341
   1680000      4.003064      0.014497
   1700000      4.001335      0.012776
   1720000      4.002267      0.009428
   1740000      4.002784      0.013160
   1760000      4.002831      0.009583
   1780000      4.003401      0.013223
   1800000      4.004009      0.010064
   1820000      4.003653     -0.001501
   1840000      4.003548     -0.005246
   1860000      4.004579     -0.004215
   1880000      4.003109      0.001807
   1900000      4.001830      0.008573
   1920000      4.003131      0.004102
   1940000      4.001741      0.010281
   1960000      3.999537      0.010396
   1980000      4.000895      0.005217
   2000000      4.000422      0.002402
   2020000      4.000335      0.000144
   2040000      3.999868      0.003435
   2060000      4.001121      0.007685
   2080000      4.002909     -0.002014
   2100000      4.002106     -0.000735
   2120000      4.003125     -0.006901
   2140000      4.003125     -0.009185
   2160000      4.001844     -0.012470
   2180000      4.004258     -0.005619
   2200000      4.001228      0.006021
   2220000      4.002866      0.000758
   2240000      4.002321     -0.010742
   2260000      4.002108     -0.004791
   2280000      4.001796      0.005980
   2300000      4.002415     -0.000753
   2320000      4.000958     -0.000372
   2340000      4.002873      0.006708
   2360000      4.003078      0.001883
   2380000      4.002354      0.006912
   2400000      4.000231      0.000261
   2420000      4.003211     -0.000061
   2440000      4.002662     -0.005231
   2460000      4.002339      0.001450
   2480000      4.001913      0.004680
   2500000      4.001953      0.003316
   2520000      4.002379      0.006064
   2540000      4.002186      0.004014
   2560000      4.001099      0.010284
   2580000      4.003346     -0.001063
   2600000      4.002652     -0.003012
   2620000      4.000369      0.002437
   2640000      4.003143      0.000669
   2660000      4.002796      0.003343
   2680000      4.002226      0.000791
   2700000      4.002723      0.004678
   2720000      4.001449      0.002401
   2740000      4.001218     -0.002275
   2760000      4.000764      0.007356
   2780000      4.002642     -0.005526
   2800000      4.002970     -0.003326
   2820000      4.003366     -0.004528
   2840000      4.000811     -0.007691
   2860000      4.000479      0.001452
   2880000      4.001394      0.018412
   2900000      4.002742     -0.007511
   2920000      4.002930     -0.002347
   2940000      4.004522     -0.000105
   2960000      4.003956      0.010130
   2980000      4.002937     -0.005544
   3000000      4.004153     -0.002054
   3020000      4.004795     -0.000092
   3040000      4.001738     -0.001074
   3060000      4.002176     -0.001432
   3080000      4.004590      0.000955
   3100000      4.003635      0.002839
   3120000      4.003759      0.002775
   3140000      4.003103      0.002980
   3160000      4.003059      0.002356
   3180000      4.004777     -0.002606
   3200000      4.001934     -0.008941
   3220000      4.002249     -0.002475
   3240000      4.000710      0.002806
   3260000      4.002961     -0.003678
   3280000      4.001782     -0.000638
   3300000      4.002240     -0.002202
   3320000      4.001277      0.001388
   3340000      4.000284      0.001180
   3360000      4.001203     -0.002005
   3380000      4.002645      0.008028
   3400000      4.004095      0.005361
   3420000      4.004197     -0.007192
   3440000      4.003209     -0.000224
   3460000      4.002812      0.002380
   3480000      4.003151     -0.002323
   3500000      4.001140      0.004762
   3520000      4.003732      0.006674
   3540000      4.003653      0.003652
   3560000      4.003384     -0.004414
   3580000      4.002546      0.001981
   3600000      4.000667      0.007801
   3620000      4.003163      0.012149
   3640000      4.001636      0.013860
   3660000      4.002892      0.010915
   3680000      4.003122      0.007426
   3700000      4.001594      0.008813
   3720000      4.000621      0.009274
   3740000      4.002421      0.012134
   3760000      4.001259     -0.003323
   3780000      4.002018      0.001489
   3800000      4.002827     -0.009593
   3820000      4.002599     -0.000606
   3840000      4.003955      0.001989
   3860000      4.001381      0.011621
   3880000      4.000758      0.010073
   3900000      4.001252      0.012060
   3920000      4.001825      0.002677
   3940000      4.001689     -0.002242
   3960000      4.002348      0.001449
   3980000      4.002342     -0.001036
   4000000      4.002737     -0.007230
   4020000      4.004532     -0.005088
   4040000      4.002874     -0.004951
   4060000      4.002148     -0.003981
   4080000      4.003815      0.000347
   4100000      4.002312     -0.000135
   4120000      4.001567     -0.003234
   4140000      4.001920     -0.001845
   4160000      4.002413      0.006454
   4180000      4.001866      0.008115
   4200000      4.002894      0.003517
   4220000      4.001840      0.001564
   4240000      4.000522     -0.002261
   4260000      4.002816     -0.008473
   4280000      4.003948      0.002385
   4300000      4.001184      0.001976
   4320000      4.003375      0.000289
   4340000      4.003289     -0.003028
   4360000      4.002240     -0.003958
   4380000      4.001313     -0.000646
   4400000      4.002944      0.000874
   4420000      4.003214      0.003780
   4440000      4.001666      0.008377
   4460000      4.003037      0.004298
   4480000      4.002926      0.013128
   4500000      4.003408      0.011841
   4520000      4.000634      0.012058
   4540000      4.001462      0.005757
   4560000      4.001505     -0.001471
   4580000      4.002801     -0.002356
   4600000      4.001883      0.001051
   4620000      4.002187      0.010615
   4640000      4.004331      0.005570
   4660000      4.001241      0.000990
   4680000      4.003084      0.007442
   4700000      4.002362      0.003850
   4720000      4.002416     -0.001675
   4740000      4.001365      0.001032
   4760000      4.000959     -0.002905
   4780000      4.002201     -0.008970
   4800000      4.002387     -0.003638
   4820000      4.002614     -0.007969
   4840000      3.999950     -0.003620
   4860000      4.001132      0.011882
   4880000      4.002715      0.009705
   4900000      4.002333      0.011786
   4920000      4.002272      0.008731
   4940000      4.001321      0.011664
   4960000      4.003108      0.007229
   4980000      4.002115     -0.001515
   5000000      4.001562      0.006188
   5020000      4.004342      0.006928
   5040000      4.002103     -0.005563
   5060000      4.000758     -0.001169
   5080000      4.001844      0.003817
   5100000      4.001564      0.005664
   5120000      4.002732      0.001980
   5140000      4.003358      0.009227
   5160000      4.003419      0.008203
   5180000      4.001981      0.005180
   5200000      4.003483      0.013689
   5220000      4.000133     -0.000526
   5240000      4.002329     -0.001291
   5260000      4.002345      0.010762
   5280000      4.001976      0.002474
   5300000      4.001949      0.003865
   5320000      4.002665      0.011009
   5340000      4.001693      0.008396
   5360000      4.001524      0.003541
   5380000      4.000650      0.004193
   5400000      3.999065      0.009699
   5420000      4.002618      0.000810
   5440000      4.004616     -0.003336
   5460000      4.002403     -0.003001
   5480000      4.002726     -0.002668
   5500000      4.002001     -0.001686
   5520000      4.000596      0.001769
   5540000      4.003270      0.005559
   5560000      4.001326      0.004943
   5580000      4.001463     -0.005449
   5600000      4.000373     -0.000799
   5620000      4.002415      0.002196
   5640000      4.002432     -0.000728
   5660000      3.999977      0.006025
   5680000      4.002377      0.002912
   5700000      4.003903     -0.006140
   5720000      4.003810     -0.008366
   5740000      4.002982     -0.000636
   5760000      4.002062      0.010955
   5780000      4.003639      0.012706
   5800000      4.002302      0.000853
   5820000      4.001086      0.005259
   5840000      4.002447      0.002214
   5860000      4.002139     -0.008587
   5880000      4.000118      0.000503
   5900000      4.001419      0.002687
   5920000      4.004343     -0.005624
   5940000      4.004503     -0.004330
   5960000      4.001061      0.005239
   5980000      4.001363      0.007733
   6000000      4.002363     -0.006371
   6020000      4.002593     -0.002070
   6040000      4.003068     -0.003765
   6060000      4.002615      0.001547
   6080000      4.003492     -0.005936
   6100000      4.000779     -0.001698
   6120000      4.003336      0.002414
   6140000      4.001096      0.000875
   6160000      4.002725     -0.003980
   6180000      4.002218      0.001296
   6200000      4.003315     -0.003379
   6220000      4.004717      0.010876
   6240000      4.003766      0.002526
   6260000      4.002747      0.010129
   6280000      4.004261      0.008274
   6300000      4.003328      0.002025
   6320000      4.002334      0.006283
   6340000      4.001511     -0.004775
   6360000      4.002832     -0.002589
   6380000      4.003166      0.007612
   6400000      4.001030      0.005095
   6420000      4.004203      0.002064
   6440000      4.001231      0.005583
   6460000      4.004431      0.001186
   6480000      4.000649      0.000434
   6500000      4.002491     -0.001848
   6520000      4.000954     -0.001969
   6540000      4.000661     -0.002068
   6560000      4.002274     -0.008903
   6580000      4.003530      0.000447
   6600000      4.001468     -0.000978
   6620000      4.003008      0.013514
   6640000      4.002597      0.003290
   6660000      4.001014     -0.001181
   6680000      4.001341      0.001658
   6700000      4.001777      0.002404
   6720000      4.002461     -0.002065
   6740000      4.002739      0.002749
   6760000      4.003127     -0.001442
   6780000      4.004306     -0.008322
   6800000      4.002971      0.001330
   6820000      4.001827      0.000734
   6840000      4.000887      0.006665
   6860000      4.002997     -0.002480
   6880000      4.000878     -0.004208
   6900000      4.001850      0.001906
   6920000      4.000231      0.003363
   6940000      4.003775      0.007326
   6960000      4.002783      0.004824
   6980000      4.003531      0.005127
   7000000      4.003265     -0.002587
   7020000      4.003086      0.008493
   7040000      4.002673      0.002020
   7060000      4.001533     -0.006582
   7080000      4.002254     -0.003084
   7100000      4.001827     -0.000222
   7120000      4.000861     -0.001184
   7140000      4.001870      0.004742
   7160000      4.003376      0.002682
   7180000      4.001454      0.007290
   7200000      4.002770      0.003636
   7220000      4.004221      0.008479
   7240000      4.003186      0.005242
   7260000      4.003861      0.000445
   7280000      4.003539     -0.007193
   7300000      4.003331     -0.007101
   7320000      4.004351      0.002566
   7340000      4.001307      0.002017
   7360000      4.000588     -0.006965
   7380000      4.001008      0.002478
   7400000      4.002332      0.002669
   7420000      4.002505      0.004521
   7440000      4.003040     -0.001494
   7460000      4.000340      0.007934
   7480000      4.003306     -0.000903
   7500000      4.004410      0.002967
   7520000      4.005469     -0.001317
   7540000      4.003080     -0.006261
   7560000      4.002626     -0.000672
   7580000      4.001284      0.002051
   7600000      4.003025      0.003809
   7620000      4.000882      0.004181
   7640000      4.003148      0.003624
   7660000      4.003117      0.000700
   7680000      4.001514      0.005689
   7700000      4.003069     -0.003354
   7720000      4.004315     -0.005597
   7740000      4.000624     -0.000962
   7760000      4.000883      0.004898
   7780000      4.002103      0.008528
   7800000      4.003618      0.008060
   7820000      4.002334      0.001000
   7840000      4.002327      0.000654
   7860000      4.001733      0.012778
   7880000      4.002613     -0.005355
   7900000      4.002321      0.002213
   7920000      4.004672      0.002913
   7940000      4.000193     -0.000601
   7960000      4.002596      0.007572
   7980000      4.002831     -0.004031
   8000000      4.002028     -0.001204
   8020000      4.003274     -0.005645
   8040000      4.005547     -0.004502
   8060000      4.003048      0.003333
   8080000      4.002633     -0.002757
   8100000      4.003123      0.004628
   8120000      4.002185     -0.008326
   8140000      4.000689      0.000692
   8160000      4.001020     -0.006701
   8180000      4.002756     -0.001485
   8200000      4.003208     -0.006706
   8220000      4.002183      0.002386
   8240000      4.001851      0.008151
   8260000      4.003041     -0.000019
   8280000      4.004945     -0.001399
   8300000      4.001624     -0.005902
   8320000      4.002658      0.005827
   8340000      4.003370     -0.003273
   8360000      4.002766     -0.000862
   8380000      4.000856      0.002119
   8400000      4.002837      0.004308
   8420000      4.003893      0.002871
   8440000      4.003138      0.006352
   8460000      4.003126      0.009553
   8480000      4.002795     -0.003919
   8500000      4.002704     -0.001433
   8520000      4.003440     -0.004529
   8540000      4.003411     -0.004439
   8560000      4.003620     -0.004680
   8580000      4.000957      0.005284
   8600000      4.001685      0.008705
   8620000      4.001826     -0.008915
   8640000      4.002019      0.004506
   8660000      4.002865      0.003520
   8680000      4.003086      0.000444
   8700000      4.003078     -0.004204
   8720000      4.002891      0.005800
   8740000      4.001542     -0.000379
   8760000      4.000707      0.001205
   8780000      4.002258      0.017339
   8800000      4.003040     -0.002223
   8820000      4.004047      0.000239
   8840000      4.003505      0.006841
   8860000      4.001439      0.005048
   8880000      4.003849      0.001720
   8900000      4.004332     -0.005701
   8920000      4.003073      0.001010
   8940000      4.000773     -0.003995
   8960000      4.002435      0.006988
   8980000      4.002665     -0.002182
   9000000      4.001390      0.001189
   9020000      4.002387     -0.000167
   9040000      4.001210     -0.000984
   9060000      4.003563     -0.000737
   9080000      4.004584     -0.000700
   9100000      4.002959     -0.000210
   9120000      4.001640      0.002356
   9140000      4.002295     -0.008418
   9160000      4.002434     -0.003711
   9180000      4.001850     -0.006077
   9200000      4.002618      0.003295
   9220000      4.001803      0.002839
   9240000      4.001989     -0.001517
   9260000      4.003145     -0.002130
   9280000      4.003350     -0.007641
   9300000      4.003109     -0.003853
   9320000      4.001784     -0.001783
   9340000      4.000392     -0.000254
   9360000      4.002518      0.001017
   9380000      4.001067      0.010188
   9400000      4.003388      0.006897
   9420000      4.002358      0.000721
   9440000      4.002280     -0.000366
   9460000      4.001903     -0.007748
   9480000      4.003474      0.000026
   9500000      4.004072     -0.001176
   9520000      4.003644     -0.000352
   9540000      4.004426     -0.004585
   9560000      4.004246     -0.006968
   9580000      4.003523     -0.009276
   9600000      4.002344      0.006211
   9620000      4.001472     -0.000459
   9640000      4.002884      0.001384
   9660000      4.002730      0.004475
   9680000      4.002411     -0.001308
   9700000      4.002626      0.008526
   9720000      4.002076      0.007190
   9740000      4.003984      0.006020
   9760000      4.001107     -0.000494
   9780000      4.002675      0.000227
   9800000      4.001527      0.007319
   9820000      4.003312      0.002874
   9840000      4.002750     -0.001227
   9860000      4.002565      0.000739
   9880000      4.004624      0.001128
   9900000      4.003565     -0.000547
   9920000      4.005208      0.002297
   9940000      4.003388     -0.004433
   9960000      4.002705     -0.000413
   9980000      4.001958      0.013777
  10000000      4.001340      0.010705
