         0      4.000000      0.000000
     20000      4.050416      0.057358
     40000      4.139839      0.024995
     60000      4.203848     -0.014738
     80000      4.254241      0.048706
    100000      4.316789      0.118294
    120000      4.370920      0.158762
    140000      4.423437      0.247635
    160000      4.482228      0.297657
    180000      4.594771      0.224382
    200000      4.661538      0.259451
    220000      4.733772      0.162175
    240000      4.811736      0.198036
    260000      4.872557      0.207898
    280000      4.951869      0.187202
    300000      5.026377      0.107577
    320000      5.106412      0.094476
    340000      5.200309      0.165218
    360000      5.264760      0.175811
    380000      5.306277      0.291383
    400000      5.385029      0.290796
    420000      5.407048      0.370250
    440000      5.506134      0.320934
    460000      5.519865      0.428247
    480000      5.584156      0.481307
    500000      5.599451      0.590484
    520000      5.593645      0.663241
    540000      5.621234      0.715976
    560000      5.773710      0.678342
    580000      5.816055      0.745090
    600000      5.853882      0.806804
    620000      5.886111      0.879145
    640000      5.925502      0.914027
    660000      5.906781      1.022980
    680000      6.258588      0.792991
    700000      6.355330      0.740175
    720000      6.433692      0.746998
    740000      6.502554      0.746493
    760000      6.574373      0.739086
    780000      6.629329      0.851720
    800000      6.694493      0.838982
    820000      6.751877      0.881224
    840000      6.866588      0.790975
    860000      6.923060      0.858440
    880000      7.017731      0.804913
    900000      7.088090      0.769645
    920000      7.151521      0.803040
    940000      7.228158      0.773838
    960000      7.303516      0.747854
    980000      7.375078      0.710969
   1000000      7.431971      0.670690
   1020000      7.514321      0.685052
   1040000      7.597884      0.732173
   1060000      7.658435      0.780743
   1080000      7.719014      0.690454
   1100000      7.782956      0.594855
   1120000      7.885369      0.693773
   1140000      7.962347      0.832189
   1160000      8.026602      0.848498
   1180000      8.086237      0.824029
   1200000      8.133120      0.886016
   1220000      8.154881      0.956673
   1240000      8.197311      1.033520
   1260000      8.263652      1.032123
   1280000      8.334534      0.972173
   1300000      8.403011      0.969859
   1320000      8.464016      0.918676
   1340000      8.571733      0.998619
   1360000      8.642117      1.040220
   1380000      8.669364      1.137559
   1400000      8.799679      0.869315
   1420000      8.870401      0.970013
   1440000      8.930755      1.048452
   1460000      8.974507      1.124345
   1480000      9.055238      1.124615
   1500000      9.117673      1.164561
   1520000      9.089686      1.316526
   1540000      9.146011      1.342489
   1560000      9.167802      1.433824
   1580000      9.179686      1.511897
   1600000      9.193668      1.549739
   1620000      9.370648      1.522990
   1640000      9.390841      1.600700
   1660000      9.393301      1.665409
   1680000      9.474850      1.684932
   1700000      9.433413      1.801576
   1720000      9.537986      1.824085
   1740000      9.598517      1.872992
   1760000      9.629443      1.934597
   1780000      9.641873      1.987362
   1800000      9.606424      2.070855
   1820000      9.632139      2.143392
   1840000      9.512129      2.223349
   1860000      9.406728      2.283670
   1880000      9.476586      2.363280
   1900000      9.455941      2.436940
   1920000      9.397923      2.498359
   1940000      9.378148      2.569093
   1960000      9.493894      2.653112
   1980000      9.428302      2.725774
   2000000      9.472571      2.808141
   2020000      9.415694      2.879667
   2040000      9.361646      2.935686
   2060000      9.405574      3.025573
   2080000      9.399874      3.100105
   2100000      9.408587      3.164516
   2120000      9.450875      3.241590
   2140000      9.514111      3.306388
   2160000      9.569850      3.348439
   2180000      9.419999      3.465844
   2200000      9.473175      3.507440
   2220000      9.432482      3.602207
   2240000      9.344066      3.663914
   2260000      9.302000      3.725065
   2280000      9.363586      3.795575
   2300000      9.336532      3.850760
   2320000      9.366285      3.926923
   2340000      9.386384      3.980214
   2360000      9.502368      4.046448
   2380000      9.621473      4.046340
   2400000      9.618574      4.160080
   2420000      9.713474      4.199038
   2440000      9.685554      4.312052
   2460000      9.814392      4.282308
   2480000      9.841667      4.317514
   2500000      9.881358      4.379184
   2520000      9.933971      4.476942
   2540000      9.963297      4.548889
   2560000      9.985537      4.624361
   2580000     10.088784      4.624176
   2600000     10.147840      4.633162
   2620000     10.189043      4.684399
   2640000     10.207248      4.750748
   2660000     10.292527      4.796047
   2680000     10.349392      4.850765
   2700000     10.428077      4.864091
   2720000     10.552734      4.789659
   2740000     10.600841      4.858057
   2760000     10.700839      4.777391
   2780000     10.750064      4.735456
   2800000     10.819280      4.690962
   2820000     10.875903      4.665396
   2840000     10.970510      4.720678
   2860000     11.019658      4.726995
   2880000     11.108254      4.857668
   2900000     11.169577      4.964335
   2920000     11.193354      5.081054
   2940000     11.259393      5.073681
   2960000     11.308315      5.118938
   2980000     11.396700      5.116362
   3000000     11.451821      5.188113
   3020000     11.504284      5.249103
   3040000     11.549346      5.325729
   3060000     11.591690      5.385163
   3080000     11.611005      5.499739
   3100000     11.716409      5.477247
   3120000     11.749127      5.534142
   3140000     11.877664      5.467328
   3160000     11.961042      5.462639
   3180000     12.026447      5.453238
   3200000     12.082709      5.497532
   3220000     12.157599      5.506157
   3240000     12.206007      5.581034
   3260000     12.226400      5.724073
   3280000     12.284197      5.761802
   3300000     12.343252      5.818547
   3320000     12.423950      5.803542
   3340000     12.488000      5.790746
   3360000     12.543715      5.864896
   3380000     12.608730      5.883998
   3400000     12.692470      5.855806
   3420000     12.670907      6.045460
   3440000     12.817933      5.950947
   3460000     12.870354      5.982371
   3480000     12.943245      5.955397
   3500000     13.004715      5.947237
   3520000     13.058620      6.110242
   3540000     13.149666      6.006305
   3560000     13.217131      6.038531
   3580000     13.291741      5.916601
   3600000     13.377163      5.995790
   3620000     13.439094      6.039640
   3640000     13.479800      6.095256
   3660000     13.563188      6.085141
   3680000     13.648074      6.097061
   3700000     13.707725      6.159371
   3720000     13.792903      6.120325
   3740000     13.837430      6.162211
   3760000     13.851255      6.284747
   3780000     13.991407      6.172531
   3800000     14.035442      6.246321
   3820000     14.101808      6.259206
   3840000     14.179372      6.193869
   3860000     14.247125      6.194238
   3880000     14.324812      6.289536
   3900000     14.369934      6.378219
   3920000     14.438247      6.373449
   3940000     14.513748      6.335548
   3960000     14.582048      6.353071
   3980000     14.633944      6.319645
   4000000     14.677462      6.204744
   4020000     14.781139      6.203481
   4040000     14.807165      6.160668
   4060000     14.881923      6.166091
   4080000     14.905649      6.095719
   4100000     14.961412      6.060069
   4120000     15.052028      6.102109
   4140000     15.097215      5.988058
   4160000     15.153306      5.944662
   4180000     15.222111      5.922151
   4200000     15.256246      5.836748
   4220000     15.340810      5.827864
   4240000     15.371268      5.751890
   4260000     15.503272      5.781897
   4280000     15.515571      5.656367
   4300000     15.602549      5.660125
   4320000     15.622175      5.550881
   4340000     15.673639      5.526859
   4360000     15.726656      5.487429
   4380000     15.849517      5.583584
   4400000     15.894340      5.566536
   4420000     15.979742      5.570624
   4440000     16.026603      5.481191
   4460000     16.066815      5.414863
   4480000     16.168979      5.504126
   4500000     16.229003      5.537873
   4520000     16.272879      5.613704
   4540000     16.329816      5.656998
   4560000     16.386913      5.654793
   4580000     16.441282      5.638180
   4600000     16.503702      5.532634
   4620000     16.582452      5.548730
   4640000     16.653231      5.542548
   4660000     16.741091      5.631257
   4680000     16.806445      5.669665
   4700000     16.894239      5.627099
   4720000     16.989853      5.591166
   4740000     17.024095      5.690251
   4760000     17.067020      5.716743
   4780000     17.146219      5.736944
   4800000     17.239462      5.712073
   4820000     17.320989      5.677950
   4840000     17.387433      5.680181
   4860000     17.453282      5.684165
   4880000     17.543368      5.619926
   4900000     17.631130      5.666532
   4920000     17.697638      5.651510
   4940000     17.757476      5.669156
   4960000     17.810640      5.650620
   4980000     17.839145      5.892890
   5000000     17.908663      5.903217
   5020000     17.986977      5.896699
   5040000     18.066379      5.913888
   5060000     18.125456      5.952104
   5080000     18.198963      5.939805
   5100000     18.255019      5.971962
   5120000     18.325533      5.971533
   5140000     18.386938      5.975013
   5160000     18.444371      6.056028
   5180000     18.497466      6.086874
   5200000     18.496540      6.223174
   5220000     18.565369      6.220589
   5240000     18.563800      6.324813
   5260000     18.589849      6.410544
   5280000     18.712107      6.348931
   5300000     18.765155      6.325743
   5320000     18.817210      6.409794
   5340000     18.740357      6.671340
   5360000     18.781348      6.729595
   5380000     18.835908      6.752669
   5400000     18.869776      6.814722
   5420000     18.859816      6.870846
   5440000     18.884306      6.927164
   5460000     18.986043      6.964842
   5480000     19.057034      6.987806
   5500000     19.107202      7.035108
   5520000     19.190657      7.023474
   5540000     19.238915      7.063544
   5560000     19.258031      7.157142
   5580000     19.323762      7.212446
   5600000     19.393747      7.251438
   5620000     19.488486      7.175821
   5640000     19.394790      7.411867
   5660000     19.453166      7.455366
   5680000     19.356374      7.557825
   5700000     19.441462      7.595667
   5720000     19.453560      7.656187
   5740000     19.432209      7.741657
   5760000     19.428386      7.811901
   5780000     19.443315      7.866677
   5800000     19.418304      7.934431
   5820000     19.351889      7.994271
   5840000     19.315616      8.087248
   5860000     19.294989      8.143122
   5880000     19.306641      8.226354
   5900000     19.262323      8.266132
   5920000     19.233927      8.310179
   5940000     19.375106      8.465244
   5960000     19.418089      8.525465
   5980000     19.430504      8.589362
   6000000     19.476512      8.659410
