         0      4.000000      0.000000
     20000      4.013699     -0.062023
     40000      4.037384     -0.044461
     60000      4.056066     -0.081238
     80000      4.081984     -0.088113
    100000      4.097300     -0.102942
    120000      4.128980     -0.094858
    140000      4.159540     -0.068116
    160000      4.178144     -0.089301
    180000      4.199212     -0.119688
    200000      4.213045     -0.137884
    220000      4.224328     -0.153779
    240000      4.256808     -0.146141
    260000      4.251047     -0.175368
    280000      4.254340     -0.194809
    300000      4.352844     -0.028234
    320000      4.382107     -0.086708
    340000      4.412629     -0.110448
    360000      4.420716     -0.166319
    380000      4.440948     -0.172787
    400000      4.476094     -0.137630
    420000      4.506677     -0.131000
    440000      4.529488     -0.130613
    460000      4.526020     -0.195621
    480000      4.589109     -0.078295
    500000      4.618743     -0.081035
    520000      4.638900     -0.068438
    540000      4.655473     -0.096820
    560000      4.678707     -0.086405
    580000      4.700179     -0.125260
    600000      4.729675     -0.132908
    620000      4.743431     -0.143065
    640000      4.786032     -0.050211
    660000      4.806543     -0.031179
    680000      4.826038     -0.009934
    700000      4.838694      0.013761
    720000      4.851229      0.021198
    740000      4.890638     -0.005699
    760000      4.925501      0.005216
    780000      4.928380      0.078546
    800000      4.960489      0.044896
    820000      4.989585      0.039056
    840000      5.015497      0.043272
    860000      5.041315      0.097681
    880000      5.063777      0.036178
    900000      5.104677      0.049660
    920000      5.127245      0.041066
    940000      5.094741      0.268824
    960000      5.174043      0.139620
    980000      5.199613      0.149821
   1000000      5.231142      0.157246
   1020000      5.253126      0.146144
   1040000      5.278843      0.150961
   1060000      5.292144      0.148655
   1080000      5.325222      0.126621
   1100000      5.353779      0.140013
   1120000      5.371459      0.212728
   1140000      5.387178      0.233589
   1160000      5.410351      0.246068
   1180000      5.453326      0.203721
   1200000      5.478055      0.212543
   1220000      5.532249      0.110940
   1240000      5.551516      0.127159
   1260000      5.587038      0.159553
   1280000      5.609768      0.165594
   1300000      5.625682      0.184425
   1320000      5.651344      0.180314
   1340000      5.676949      0.184842
   1360000      5.696323      0.226098
   1380000      5.728964      0.210196
   1400000      5.749203      0.229151
   1420000      5.783087      0.194730
   1440000      5.818853      0.201361
   1460000      5.850618      0.139963
   1480000      5.871064      0.126289
   1500000      5.894151      0.131049
   1520000      5.927751      0.192547
   1540000      5.948942      0.151043
   1560000      5.975589      0.207987
   1580000      5.998479      0.187274
   1600000      6.033761      0.154094
   1620000      6.058233      0.200692
   1640000      6.068184      0.106752
   1660000      6.104842      0.101372
   1680000      6.132365      0.124941
   1700000      6.155858      0.174831
   1720000      6.177844      0.158759
   1740000      6.196243      0.167107
   1760000      6.210170      0.179695
   1780000      6.229445      0.212923
   1800000      6.272063      0.117877
   1820000      6.295049      0.086212
   1840000      6.311017      0.126311
   1860000      6.342719      0.109445
   1880000      6.364595      0.117759
   1900000      6.392165      0.095909
   1920000      6.417131      0.118988
   1940000      6.439504      0.132062
   1960000      6.454645      0.160073
   1980000      6.477844      0.084621
   2000000      6.511329      0.085645
   2020000      6.530110      0.010065
   2040000      6.540159     -0.022441
   2060000      6.589155      0.088794
   2080000      6.611662      0.194748
   2100000      6.641742      0.130047
   2120000      6.668460      0.142133
   2140000      6.688495      0.147723
   2160000      6.722301      0.161705
   2180000      6.754568      0.118125
   2200000      6.774552      0.079441
   2220000      6.791066      0.071772
   2240000      6.820259      0.074547
   2260000      6.846347      0.086473
   2280000      6.871809      0.065406
   2300000      6.895424      0.094971
   2320000      6.911631      0.047627
   2340000      6.932135      0.050155
   2360000      6.977039      0.103598
   2380000      6.995026      0.197832
   2400000      7.009665      0.255601
   2420000      7.045943      0.247304
   2440000      7.040613      0.302892
   2460000      7.076011      0.309070
   2480000      7.097592      0.322247
   2500000      7.110736      0.340917
   2520000      7.133889      0.341763
   2540000      7.157784      0.339770
   2560000      7.182734      0.343042
   2580000      7.233674      0.301260
   2600000      7.248791      0.325122
   2620000      7.259111      0.343216
   2640000      7.273502      0.371353
   2660000      7.292222      0.374162
   2680000      7.299499      0.420077
   2700000      7.313118      0.453005
   2720000      7.362850      0.429505
   2740000      7.378862      0.447801
   2760000      7.383074      0.504837
   2780000      7.411958      0.506184
   2800000      7.428558      0.533272
   2820000      7.441649      0.555286
   2840000      7.463127      0.566965
   2860000      7.494719      0.576998
   2880000      7.513437      0.577903
   2900000      7.557904      0.561241
   2920000      7.564414      0.608209
   2940000      7.585307      0.602468
   2960000      7.591167      0.632224
   2980000      7.611626      0.639631
   3000000      7.612294      0.685162
   3020000      7.584213      0.736809
   3040000      7.587758      0.763898
   3060000      7.574421      0.790345
   3080000      7.552929      0.825578
   3100000      7.764028      0.715039
   3120000      7.782401      0.722856
   3140000      7.792392      0.734999
   3160000      7.803014      0.772794
   3180000      7.799916      0.806724
   3200000      7.822224      0.823242
   3220000      7.847110      0.831554
   3240000      7.919365      0.788237
   3260000      7.937517      0.814402
   3280000      7.951127      0.854278
   3300000      7.982447      0.846564
   3320000      8.030547      0.809709
   3340000      8.049258      0.797791
   3360000      8.061526      0.838035
   3380000      8.096809      0.834140
   3400000      8.116422      0.866853
   3420000      8.156062      0.824427
   3440000      8.189578      0.811524
   3460000      8.175696      0.933670
   3480000      8.179515      0.979552
   3500000      8.199347      0.983814
   3520000      8.198158      1.053775
   3540000      8.235768      1.049455
   3560000      8.260570      1.044244
   3580000      8.312910      0.986063
   3600000      8.329476      1.029533
   3620000      8.364676      1.018868
   3640000      8.394981      1.032617
   3660000      8.408231      1.055089
   3680000      8.423549      1.061676
   3700000      8.451508      1.075620
   3720000      8.464841      1.129472
   3740000      8.481924      1.146411
   3760000      8.557133      1.056932
   3780000      8.570227      1.099152
   3800000      8.600241      1.097693
   3820000      8.610651      1.131737
   3840000      8.600978      1.169594
   3860000      8.649862      1.143600
   3880000      8.702051      1.107232
   3900000      8.719500      1.132538
   3920000      8.739530      1.153037
   3940000      8.777382      1.141269
   3960000      8.800453      1.131985
   3980000      8.818547      1.134612
   4000000      8.839680      1.158071
   4020000      8.878382      1.138803
   4040000      8.859608      1.253877
   4060000      8.868868      1.273059
   4080000      8.917853      1.239545
   4100000      8.945068      1.232970
   4120000      8.985876      1.204835
   4140000      9.012667      1.183120
   4160000      9.036307      1.163624
   4180000      9.065808      1.160201
   4200000      9.092066      1.194451
   4220000      9.113531      1.212396
   4240000      9.125596      1.233934
   4260000      9.144854      1.257425
   4280000      9.167057      1.277041
   4300000      9.187282      1.300253
   4320000      9.213392      1.293881
   4340000      9.237080      1.246295
   4360000      9.249058      1.333305
   4380000      9.284653      1.297484
   4400000      9.307184      1.225509
   4420000      9.328084      1.252303
   4440000      9.342876      1.247343
   4460000      9.361801      1.284568
   4480000      9.385325      1.287245
   4500000      9.402923      1.407067
   4520000      9.410750      1.446276
   4540000      9.430353      1.468083
   4560000      9.454371      1.477354
   4580000      9.466527      1.500147
   4600000      9.494650      1.512601
   4620000      9.509055      1.537817
   4640000      9.536605      1.527903
   4660000      9.526932      1.579041
   4680000      9.545761      1.590402
   4700000      9.555561      1.604405
   4720000      9.617392      1.566925
   4740000      9.698799      1.481380
   4760000      9.746410      1.409935
   4780000      9.752756      1.452238
   4800000      9.756284      1.495710
   4820000      9.819874      1.416809
   4840000      9.840860      1.410922
   4860000      9.858507      1.432240
   4880000      9.868762      1.471748
   4900000      9.885320      1.467129
   4920000      9.884559      1.497875
   4940000      9.941193      1.473624
   4960000      9.963668      1.458578
   4980000     10.005352      1.470721
   5000000     10.021880      1.461394
   5020000     10.047763      1.471816
   5040000     10.071326      1.466776
   5060000     10.094642      1.444330
   5080000     10.123851      1.449457
   5100000     10.156604      1.443208
   5120000     10.180014      1.503533
   5140000     10.209056      1.486564
   5160000     10.227696      1.466888
   5180000     10.246992      1.468681
   5200000     10.267962      1.457990
   5220000     10.304655      1.457430
   5240000     10.321885      1.532827
   5260000     10.342743      1.531267
   5280000     10.363669      1.532492
   5300000     10.386030      1.578080
   5320000     10.416172      1.581764
   5340000     10.436967      1.591074
   5360000     10.461098      1.440328
   5380000     10.484849      1.386801
   5400000     10.512990      1.355458
   5420000     10.574350      1.473271
   5440000     10.594947      1.464789
   5460000     10.616215      1.472963
   5480000     10.638972      1.429298
   5500000     10.651155      1.406825
   5520000     10.676046      1.423483
   5540000     10.703916      1.391647
   5560000     10.740898      1.508065
   5580000     10.760257      1.556097
   5600000     10.786959      1.509186
   5620000     10.819978      1.508121
   5640000     10.844796      1.514852
   5660000     10.870626      1.504181
   5680000     10.888654      1.502997
   5700000     10.901170      1.476254
   5720000     10.921645      1.458163
   5740000     10.935435      1.431904
   5760000     10.958292      1.408399
   5780000     10.978718      1.404350
   5800000     11.018145      1.464005
   5820000     11.053514      1.498020
   5840000     11.077295      1.483064
   5860000     11.104294      1.413776
   5880000     11.131089      1.403363
   5900000     11.132724      1.359206
   5920000     11.170599      1.422406
   5940000     11.195543      1.410038
   5960000     11.216831      1.380483
   5980000     11.246840      1.400767
   6000000     11.264703      1.381821
   6020000     11.284588      1.353492
   6040000     11.311157      1.357026
   6060000     11.330173      1.338978
   6080000     11.354757      1.339627
   6100000     11.386625      1.384572
   6120000     11.416833      1.386278
   6140000     11.448831      1.411498
   6160000     11.471749      1.401240
   6180000     11.491872      1.408012
   6200000     11.518386      1.419856
   6220000     11.546837      1.403710
   6240000     11.579138      1.418895
   6260000     11.599287      1.433165
   6280000     11.616733      1.462884
   6300000     11.643484      1.488819
   6320000     11.671492      1.471933
   6340000     11.701269      1.452673
   6360000     11.726463      1.396877
   6380000     11.745431      1.446666
   6400000     11.768286      1.332651
   6420000     11.782197      1.329311
   6440000     11.820067      1.351254
   6460000     11.845094      1.482901
   6480000     11.830379      1.580458
   6500000     11.890256      1.511188
   6520000     11.918428      1.513268
   6540000     11.945448      1.513936
   6560000     11.962084      1.531344
   6580000     11.987733      1.514223
   6600000     12.032253      1.506051
   6620000     12.064623      1.511777
   6640000     12.090320      1.520319
   6660000     12.105761      1.496255
   6680000     12.121304      1.526038
   6700000     12.132575      1.424424
   6720000     12.163614      1.441359
   6740000     12.160129      1.390678
   6760000     12.177335      1.386465
   6780000     12.209888      1.391068
   6800000     12.253074      1.435865
   6820000     12.277061      1.461224
   6840000     12.286874      1.464098
   6860000     12.315123      1.374520
   6880000     12.313948      1.306727
   6900000     12.350191      1.313719
   6920000     12.384551      1.325936
   6940000     12.388562      1.280843
   6960000     12.401251      1.253750
   6980000     12.412498      1.246375
   7000000     12.456934      1.250253
   7020000     12.493154      1.291451
   7040000     12.489902      1.231811
   7060000     12.495660      1.206475
   7080000     12.531366      1.210791
   7100000     12.547050      1.201768
   7120000     12.579621      1.202243
   7140000     12.594434      1.175817
   7160000     12.609808      1.163823
   7180000     12.630186      1.139836
   7200000     12.649150      1.106318
   7220000     12.659450      1.084407
   7240000     12.699850      1.085494
   7260000     12.712908      1.075753
   7280000     12.743346      1.072916
   7300000     12.768261      1.073003
   7320000     12.789449      1.079824
   7340000     12.821657      1.087539
   7360000     12.843433      1.095344
   7380000     12.865092      1.082658
   7400000     12.888588      1.089970
   7420000     12.814473      0.923207
   7440000     12.788875      0.864136
   7460000     12.789791      0.845224
   7480000     12.818858      0.826369
   7500000     12.814516      0.803632
   7520000     12.784397      0.762119
   7540000     12.807522      0.742585
   7560000     12.824905      0.707898
   7580000     12.821186      0.678071
   7600000     12.802501      0.650596
   7620000     12.867821      0.638907
   7640000     12.887538      0.615902
   7660000     12.893103      0.601962
   7680000     12.883521      0.571347
   7700000     12.860887      0.521818
   7720000     12.859317      0.500549
   7740000     12.895123      0.492103
   7760000     12.840582      0.454860
   7780000     12.909845      0.441826
   7800000     12.871115      0.403942
   7820000     12.923171      0.386933
   7840000     12.947519      0.358474
   7860000     13.045126      0.395591
   7880000     13.023026      0.349806
   7900000     13.066833      0.354960
   7920000     13.069931      0.325098
   7940000     13.085512      0.313030
   7960000     13.103969      0.291439
   7980000     13.085222      0.253760
   8000000     13.088412      0.233082
   8020000     13.103318      0.211414
   8040000     13.017526      0.179244
   8060000     12.963880      0.173134
   8080000     12.956024      0.140804
   8100000     12.961140      0.122144
   8120000     13.022990      0.097197
   8140000     12.981310      0.080409
   8160000     12.963584      0.066469
   8180000     12.974762      0.032346
   8200000     12.992578     -0.004283
   8220000     13.023555     -0.021467
   8240000     13.048929     -0.056562
   8260000     12.959764     -0.069131
   8280000     13.021279     -0.104980
   8300000     12.976222     -0.136305
   8320000     13.000865     -0.167729
   8340000     12.955432     -0.194409
   8360000     12.904790     -0.195295
   8380000     13.044573     -0.266479
   8400000     13.047101     -0.290108
   8420000     13.031681     -0.315320
   8440000     13.029474     -0.342930
   8460000     13.035989     -0.375867
   8480000     13.002805     -0.395271
   8500000     13.029338     -0.419480
   8520000     12.998931     -0.435223
   8540000     12.957116     -0.450566
   8560000     12.966215     -0.480035
   8580000     12.976272     -0.498472
   8600000     12.983721     -0.510640
   8620000     12.967030     -0.519280
   8640000     12.942859     -0.534052
   8660000     12.935527     -0.562085
   8680000     13.031312     -0.641191
   8700000     13.029299     -0.658487
   8720000     13.043355     -0.686825
   8740000     13.024129     -0.701450
   8760000     13.040050     -0.721062
   8780000     13.004058     -0.741435
   8800000     12.979635     -0.762419
   8820000     13.009201     -0.790573
   8840000     13.015405     -0.813897
   8860000     13.008431     -0.825651
   8880000     13.003319     -0.836769
   8900000     12.993136     -0.853614
   8920000     12.974722     -0.874386
   8940000     12.952493     -0.884508
   8960000     12.949813     -0.918481
   8980000     12.941366     -0.935489
   9000000     12.919701     -0.949031
   9020000     12.900282     -0.979336
   9040000     12.885577     -0.984192
   9060000     12.865994     -1.004728
   9080000     12.836027     -1.000658
   9100000     12.814795     -1.012721
   9120000     12.797315     -1.042681
   9140000     12.755523     -1.019753
   9160000     12.747890     -1.051606
   9180000     12.728113     -1.053327
   9200000     12.721246     -1.087578
   9220000     12.718246     -1.113739
   9240000     12.695448     -1.136915
   9260000     12.699471     -1.168998
   9280000     12.677202     -1.197215
   9300000     12.657975     -1.211117
   9320000     12.648098     -1.238283
   9340000     12.651211     -1.276526
   9360000     12.626022     -1.296625
   9380000     12.629065     -1.323482
   9400000     12.606827     -1.338881
   9420000     12.591127     -1.351926
   9440000     12.629188     -1.403142
   9460000     12.624886     -1.425737
   9480000     12.607089     -1.445544
   9500000     12.656990     -1.496420
   9520000     12.681233     -1.533984
   9540000     12.698657     -1.571592
   9560000     12.683465     -1.589533
   9580000     12.646922     -1.596256
   9600000     12.613083     -1.602195
   9620000     12.616845     -1.631111
   9640000     12.626341     -1.663235
   9660000     12.624376     -1.695914
   9680000     12.713382     -1.747339
   9700000     12.714831     -1.772716
   9720000     12.729155     -1.789996
   9740000     12.757957     -1.809998
   9760000     12.723671     -1.843472
   9780000     12.740515     -1.865829
   9800000     12.662302     -1.888991
   9820000     12.572182     -1.882194
   9840000     12.603896     -1.942076
   9860000     12.660508     -1.980001
   9880000     12.647264     -2.003000
   9900000     12.609857     -2.018414
   9920000     12.659403     -2.051936
   9940000     12.651866     -2.072649
   9960000     12.598600     -2.102085
   9980000     12.503470     -2.086558
  10000000     12.495952     -2.099202
