         0      4.000000      0.000000
     20000      4.057220     -0.008729
     40000      4.123750     -0.005267
     60000      4.163664     -0.076376
     80000      4.215750     -0.115338
    100000      4.327488      0.079723
    120000      4.377335      0.160907
    140000      4.453537      0.136985
    160000      4.484321      0.210194
    180000      4.599682      0.076057
    200000      4.653778      0.095276
    220000      4.711373      0.132838
    240000      4.775509      0.122221
    260000      4.740850      0.385577
    280000      4.848564      0.330392
    300000      4.822627      0.474953
    320000      4.906318      0.472860
    340000      4.966715      0.482617
    360000      4.992137      0.542677
    380000      5.107639      0.479906
    400000      5.138437      0.562612
    420000      5.170074      0.649734
    440000      5.273510      0.609569
    460000      5.371604      0.385461
    480000      5.425312      0.316836
    500000      5.480404      0.259539
    520000      5.514575      0.205855
    540000      5.626712      0.260113
    560000      5.705284      0.328852
    580000      5.767214      0.326370
    600000      5.832047      0.281096
    620000      5.912676      0.328425
    640000      5.967854      0.323324
    660000      6.034161      0.204689
    680000      6.077843      0.110828
    700000      6.176545      0.143364
    720000      6.253987      0.212466
    740000      6.308111      0.118163
    760000      6.370592      0.166792
    780000      6.451322      0.134420
    800000      6.529012      0.233693
    820000      6.612379      0.195140
    840000      6.679619      0.288212
    860000      6.715858      0.419569
    880000      6.755348      0.485306
    900000      6.875284      0.339001
    920000      6.890500      0.494095
    940000      6.973743      0.493469
    960000      7.044836      0.359094
    980000      7.126535      0.220781
   1000000      7.180158      0.369654
   1020000      7.224254      0.436113
   1040000      7.270514      0.494862
   1060000      7.315486      0.525050
   1080000      7.365192      0.555908
   1100000      7.345021      0.680939
   1120000      7.434106      0.684878
   1140000      7.460090      0.777602
   1160000      7.707482      0.519054
   1180000      7.769158      0.461948
   1200000      7.802609      0.575909
   1220000      7.724049      0.891913
   1240000      7.835203      0.807153
   1260000      7.923397      0.827747
   1280000      7.971907      0.893399
   1300000      7.996270      0.982879
   1320000      8.061445      0.963713
   1340000      8.046857      1.131605
   1360000      8.083952      1.187999
   1380000      8.051577      1.322619
   1400000      8.123721      1.326059
   1420000      8.162716      1.397765
   1440000      8.194030      1.454867
   1460000      8.196322      1.521636
   1480000      8.351159      1.507848
   1500000      8.276288      1.658370
   1520000      8.286719      1.733782
   1540000      8.306533      1.797308
   1560000      8.308057      1.854551
   1580000      8.338483      1.944849
   1600000      8.419591      1.975292
   1620000      8.426882      2.058859
   1640000      8.367479      2.154682
   1660000      8.456194      2.177821
   1680000      8.257913      2.299181
   1700000      8.201600      2.376196
   1720000      8.178645      2.449189
   1740000      8.313541      2.496026
   1760000      8.201411      2.598889
   1780000      8.153904      2.656873
   1800000      7.968797      2.725110
   1820000      8.016544      2.790882
   1840000      7.865132      2.846587
   1860000      8.024458      2.946473
   1880000      8.091425      3.005152
   1900000      8.169243      3.069725
   1920000      8.102809      3.152632
   1940000      8.127869      3.223153
   1960000      7.950890      3.291442
   1980000      8.010111      3.368472
   2000000      8.020765      3.435143
   2020000      7.857371      3.476442
   2040000      7.658576      3.486250
   2060000      7.900395      3.634476
   2080000      7.879185      3.698589
   2100000      7.942068      3.778330
   2120000      7.804469      3.807908
   2140000      7.876021      3.893770
   2160000      7.932571      3.943643
   2180000      7.709271      4.006365
   2200000      7.731090      4.083183
   2220000      7.696737      4.154833
   2240000      7.739102      4.227586
   2260000      7.455885      4.189962
   2280000      7.434536      4.272912
   2300000      7.339604      4.238704
   2320000      7.302553      4.284922
   2340000      7.618136      4.537992
   2360000      7.438816      4.539018
   2380000      7.418035      4.594153
   2400000      7.449395      4.671380
   2420000      7.181155      4.502592
   2440000      7.331339      4.776556
   2460000      7.359243      4.864898
   2480000      7.395224      4.967408
   2500000      7.289823      4.999450
   2520000      7.334548      5.094497
   2540000      7.249259      5.124050
   2560000      7.348776      5.227890
   2580000      7.308971      5.291140
   2600000      7.271419      5.348710
   2620000      7.236543      5.387420
   2640000      7.403031      5.498706
   2660000      7.324918      5.587187
   2680000      7.305011      5.659182
   2700000      7.176924      5.703245
   2720000      7.131996      5.752052
   2740000      7.065171      5.817575
   2760000      7.106171      5.900965
   2780000      7.053421      5.958316
   2800000      6.889165      5.890819
   2820000      6.851551      5.973460
   2840000      6.674002      5.865986
   2860000      6.742319      6.068036
   2880000      6.607600      5.970737
   2900000      6.721558      6.231591
   2920000      6.530595      6.154559
   2940000      6.617591      6.217353
   2960000      6.482966      6.259701
   2980000      6.372170      6.250363
   3000000      6.369464      6.338907
   3020000      6.304086      6.279389
   3040000      6.270902      6.252931
   3060000      6.088644      6.275488
   3080000      6.272607      6.550848
   3100000      6.177120      6.581260
   3120000      6.177028      6.661041
   3140000      6.127120      6.716197
   3160000      6.124277      6.815584
   3180000      6.026746      6.757519
   3200000      6.041629      6.934000
   3220000      5.988139      6.949155
   3240000      5.929015      6.969715
   3260000      5.913299      7.059719
   3280000      5.941482      7.143909
   3300000      5.802888      7.083264
   3320000      5.956951      7.318615
   3340000      5.997684      7.399124
   3360000      6.004809      7.469883
   3380000      6.092811      7.529529
   3400000      6.116101      7.593791
   3420000      5.851897      7.597026
   3440000      5.719657      7.643867
   3460000      5.564566      7.631496
   3480000      5.423263      7.613827
   3500000      5.369851      7.648832
   3520000      5.403469      7.777702
   3540000      5.382443      7.836781
   3560000      5.274333      7.826437
   3580000      5.302012      7.955802
   3600000      5.265264      8.011161
   3620000      5.145333      7.999061
   3640000      5.119968      8.075849
   3660000      5.147895      8.174988
   3680000      5.050313      8.175020
   3700000      5.148379      8.341262
   3720000      5.159985      8.404789
   3740000      5.021104      8.420252
   3760000      4.990507      8.472818
   3780000      5.032726      8.581723
   3800000      4.825288      8.487398
   3820000      4.959336      8.699184
   3840000      4.971668      8.781918
   3860000      5.034388      8.863157
   3880000      4.987974      8.937440
   3900000      4.814376      8.940438
   3920000      4.866335      9.032983
   3940000      4.778646      9.083903
   3960000      4.703428      9.118008
   3980000      4.652395      9.177172
   4000000      4.715565      9.280917
   4020000      4.596170      9.339551
   4040000      4.697766      9.435085
   4060000      4.673064      9.499135
   4080000      4.540451      9.539895
   4100000      4.614282      9.625868
   4120000      4.822588      9.706652
   4140000      4.697789      9.790895
   4160000      4.658071      9.853481
   4180000      4.641320      9.924870
   4200000      4.625383      9.992368
   4220000      4.586443     10.058821
   4240000      4.640697     10.100922
   4260000      4.728416     10.184873
   4280000      4.756261     10.254974
   4300000      4.640792     10.295053
   4320000      4.584462     10.341449
   4340000      4.528569     10.380639
   4360000      4.726870     10.497588
   4380000      4.712973     10.571629
   4400000      4.900562     10.555355
   4420000      4.674457     10.685764
   4440000      4.851101     10.746710
   4460000      4.799192     10.824404
   4480000      4.868518     10.871028
   4500000      4.948936     10.919734
   4520000      4.635522     11.021529
   4540000      4.705267     11.103773
   4560000      4.729074     11.171003
   4580000      4.902742     11.163958
   4600000      4.636610     11.311165
   4620000      4.627312     11.376050
   4640000      4.693561     11.434435
   4660000      4.613966     11.493249
   4680000      4.859276     11.543360
   4700000      4.744244     11.652715
   4720000      4.576701     11.735145
   4740000      4.519225     11.796591
   4760000      4.612886     11.867187
   4780000      4.520575     11.925740
   4800000      4.622824     11.990293
   4820000      4.726618     12.042242
   4840000      4.768269     12.107282
   4860000      4.767048     12.170624
   4880000      4.766225     12.250876
   4900000      4.756797     12.299688
   4920000      4.876952     12.307316
   4940000      4.835187     12.401331
   4960000      5.001042     12.365818
   4980000      4.945274     12.495557
   5000000      4.994101     12.537842
   5020000      5.059531     12.561273
   5040000      5.099788     12.626036
   5060000      5.225003     12.539914
   5080000      5.080823     12.807604
   5100000      5.082684     12.886014
   5120000      5.253351     12.847256
   5140000      5.268116     12.911389
   5160000      5.227560     13.036341
   5180000      5.256905     13.084712
   5200000      5.320167     13.099584
   5220000      5.244733     13.198561
   5240000      5.516300     13.052726
   5260000      5.521701     13.159614
   5280000      5.593266     13.150764
   5300000      5.618606     13.227467
   5320000      5.665314     13.232987
   5340000      5.770478     13.206146
   5360000      5.823636     13.224778
   5380000      5.869732     13.249076
   5400000      5.937746     13.219077
   5420000      5.970487     13.279876
   5440000      6.053519     13.248740
   5460000      6.121029     13.295331
   5480000      6.073647     13.502641
   5500000      5.906460     13.798526
   5520000      5.975629     13.714409
   5540000      5.969328     13.913536
   5560000      6.060547     13.843546
   5580000      6.137294     13.946168
   5600000      6.201257     13.972313
   5620000      6.184323     14.078976
   5640000      6.280910     14.081548
   5660000      6.233332     14.237937
   5680000      6.283574     14.261144
   5700000      6.345338     14.277660
   5720000      6.373754     14.365833
   5740000      6.398796     14.445870
   5760000      6.295589     14.582896
   5780000      6.296600     14.641686
   5800000      6.310192     14.681688
   5820000      6.295950     14.750074
   5840000      6.463412     14.779525
   5860000      6.559364     14.803843
   5880000      6.446752     14.938800
   5900000      6.336618     15.039570
   5920000      6.392775     15.101546
   5940000      6.437238     15.164733
   5960000      6.402502     15.238200
   5980000      6.689315     15.191920
   6000000      6.748548     15.240848
