         0      4.000000      0.000000
     20000      4.027775      0.007705
     40000      4.059123      0.035167
     60000      4.085189     -0.052382
     80000      4.130666     -0.050824
    100000      4.154894     -0.097245
    120000      4.195174     -0.046961
    140000      4.223823     -0.049523
    160000      4.251833     -0.066349
    180000      4.273438     -0.084841
    200000      4.287981     -0.122723
    220000      4.332342     -0.089163
    240000      4.365861     -0.072370
    260000      4.398989     -0.076595
    280000      4.427015     -0.093589
    300000      4.469112     -0.051405
    320000      4.483619     -0.031689
    340000      4.509222     -0.159795
    360000      4.536593     -0.146975
    380000      4.579143     -0.118828
    400000      4.604392     -0.108141
    420000      4.638529     -0.124827
    440000      4.695147     -0.113039
    460000      4.729074     -0.104448
    480000      4.760345     -0.188112
    500000      4.777742     -0.214650
    520000      4.808462     -0.212642
    540000      4.828087     -0.240440
    560000      4.851171     -0.256047
    580000      4.891292     -0.256402
    600000      4.927457     -0.248458
    620000      4.901582     -0.327016
    640000      5.029138     -0.166247
    660000      5.057426     -0.182755
    680000      5.084664     -0.222530
    700000      5.094807     -0.281925
    720000      5.112136     -0.319547
    740000      5.159671     -0.304141
    760000      5.193124     -0.314570
    780000      5.220261     -0.303906
    800000      5.238858     -0.383092
    820000      5.288902     -0.368691
    840000      5.331262     -0.341230
    860000      5.321547     -0.463089
    880000      5.353948     -0.453664
    900000      5.380843     -0.469350
    920000      5.428051     -0.452227
    940000      5.486294     -0.393192
    960000      5.513745     -0.445375
    980000      5.546721     -0.452564
   1000000      5.599977     -0.440753
   1020000      5.618917     -0.489901
   1040000      5.622187     -0.536049
   1060000      5.633988     -0.548986
   1080000      5.699814     -0.505094
   1100000      5.741680     -0.504343
   1120000      5.793208     -0.492278
   1140000      5.837614     -0.471847
   1160000      5.865398     -0.485857
   1180000      5.891813     -0.485016
   1200000      5.915980     -0.471975
   1220000      5.938216     -0.491071
   1240000      5.970953     -0.477921
   1260000      5.999394     -0.452746
   1280000      6.041552     -0.452993
   1300000      6.082659     -0.541893
   1320000      6.096855     -0.589263
   1340000      6.107305     -0.638184
   1360000      6.172539     -0.612108
   1380000      6.184934     -0.637039
   1400000      6.208577     -0.671145
   1420000      6.269654     -0.660765
   1440000      6.290885     -0.686917
   1460000      6.339611     -0.613245
   1480000      6.365941     -0.652576
   1500000      6.388410     -0.659324
   1520000      6.422728     -0.667472
   1540000      6.438520     -0.706356
   1560000      6.455592     -0.740772
   1580000      6.525090     -0.630337
   1600000      6.564932     -0.579689
   1620000      6.603896     -0.551055
   1640000      6.630098     -0.590403
   1660000      6.661580     -0.577480
   1680000      6.700580     -0.590206
   1700000      6.732199     -0.571614
   1720000      6.755987     -0.545687
   1740000      6.774805     -0.537199
   1760000      6.801860     -0.527626
   1780000      6.852062     -0.621766
   1800000      6.868205     -0.678328
   1820000      6.910168     -0.691875
   1840000      6.964677     -0.605573
   1860000      6.990286     -0.605045
   1880000      7.028278     -0.606160
   1900000      7.058094     -0.573319
   1920000      7.083841     -0.558562
   1940000      7.135938     -0.659735
   1960000      7.160213     -0.683928
   1980000      7.182017     -0.706625
   2000000      7.204140     -0.745698
   2020000      7.238901     -0.673664
   2040000      7.261970     -0.677246
   2060000      7.298396     -0.798175
   2080000      7.319337     -0.839178
   2100000      7.343684     -0.870002
   2120000      7.369191     -0.885208
   2140000      7.414478     -0.867873
   2160000      7.435280     -0.903952
   2180000      7.467546     -0.904464
   2200000      7.479356     -0.942069
   2220000      7.505974     -0.973311
   2240000      7.535798     -0.982596
   2260000      7.545127     -1.017809
   2280000      7.559748     -1.052094
   2300000      7.560098     -1.084057
   2320000      7.587836     -1.106344
   2340000      7.647694     -1.084748
   2360000      7.680272     -1.111925
   2380000      7.690295     -1.150193
   2400000      7.724893     -1.158723
   2420000      7.716028     -1.206365
   2440000      7.772931     -1.207338
   2460000      7.784836     -1.243841
   2480000      7.779965     -1.279244
   2500000      7.754142     -1.332747
   2520000      7.763339     -1.363530
   2540000      7.778152     -1.389122
   2560000      7.748132     -1.424249
   2580000      7.740438     -1.456997
   2600000      7.705446     -1.492998
   2620000      7.807963     -1.508273
   2640000      7.793228     -1.534364
   2660000      7.945328     -1.504454
   2680000      7.931500     -1.552692
   2700000      7.933682     -1.576181
   2720000      7.881912     -1.630827
   2740000      7.843792     -1.671761
   2760000      7.867430     -1.700013
   2780000      7.894868     -1.718171
   2800000      7.857786     -1.766329
   2820000      7.836330     -1.798602
   2840000      7.888781     -1.829568
   2860000      7.917241     -1.857890
   2880000      7.854700     -1.901051
   2900000      7.870305     -1.931020
   2920000      7.902803     -1.961916
   2940000      7.979936     -1.975665
   2960000      8.010221     -1.998510
   2980000      8.011496     -2.029840
   3000000      8.022954     -2.053667
   3020000      8.045431     -2.069534
   3040000      8.039498     -2.107346
   3060000      8.054511     -2.129306
   3080000      7.918719     -2.202961
   3100000      7.977886     -2.233335
   3120000      7.985145     -2.254881
   3140000      7.988877     -2.296971
   3160000      8.068224     -2.307728
   3180000      8.100694     -2.329162
   3200000      8.115589     -2.357052
   3220000      8.127566     -2.391082
   3240000      8.113019     -2.441551
   3260000      8.132412     -2.463344
   3280000      8.154072     -2.495041
   3300000      8.170699     -2.515293
   3320000      8.219686     -2.513062
   3340000      8.191481     -2.581235
   3360000      8.268357     -2.537083
   3380000      8.298994     -2.561317
   3400000      8.311848     -2.607213
   3420000      8.187160     -2.723795
   3440000      8.259983     -2.734429
   3460000      8.298897     -2.761479
   3480000      8.268000     -2.809177
   3500000      8.278050     -2.836030
   3520000      8.339975     -2.836866
   3540000      8.347238     -2.862607
   3560000      8.373100     -2.885163
   3580000      8.360302     -2.921946
   3600000      8.349706     -2.951719
   3620000      8.255137     -2.982814
   3640000      8.383400     -2.993507
   3660000      8.368059     -3.027905
   3680000      8.379820     -3.059908
   3700000      8.422151     -3.085453
   3720000      8.410275     -3.113047
   3740000      8.423935     -3.153460
   3760000      8.378427     -3.164607
   3780000      8.389317     -3.198033
   3800000      8.351893     -3.208985
   3820000      8.368366     -3.256487
   3840000      8.338080     -3.276768
   3860000      8.289103     -3.289844
   3880000      8.280426     -3.311272
   3900000      8.307409     -3.355753
   3920000      8.332534     -3.409352
   3940000      8.331016     -3.435706
   3960000      8.346435     -3.468504
   3980000      8.386515     -3.494876
   4000000      8.376357     -3.533139
   4020000      8.349048     -3.565046
   4040000      8.351261     -3.595128
   4060000      8.407829     -3.612206
   4080000      8.413052     -3.644424
   4100000      8.334492     -3.688583
   4120000      8.332022     -3.716708
   4140000      8.324454     -3.747393
   4160000      8.346710     -3.785483
   4180000      8.307889     -3.813923
   4200000      8.297886     -3.848353
   4220000      8.344140     -3.882859
   4240000      8.327988     -3.906672
   4260000      8.346556     -3.932646
   4280000      8.491721     -3.918935
   4300000      8.520725     -3.941850
   4320000      8.510016     -3.998171
   4340000      8.552224     -4.003563
   4360000      8.571053     -4.022768
   4380000      8.603153     -4.033048
   4400000      8.586625     -4.081692
   4420000      8.627904     -4.094134
   4440000      8.654614     -4.120061
   4460000      8.599119     -4.211244
   4480000      8.596677     -4.260257
   4500000      8.616254     -4.284435
   4520000      8.630156     -4.311015
   4540000      8.694905     -4.318758
   4560000      8.747220     -4.322008
   4580000      8.725289     -4.370398
   4600000      8.720720     -4.404212
   4620000      8.771114     -4.423388
   4640000      8.794989     -4.433568
   4660000      8.862619     -4.422212
   4680000      8.764958     -4.518484
   4700000      9.001894     -4.349326
   4720000      9.038090     -4.347365
   4740000      9.051141     -4.378265
   4760000      9.096627     -4.390436
   4780000      9.129282     -4.401250
   4800000      9.191736     -4.383010
   4820000      9.219894     -4.395801
   4840000      9.259532     -4.358587
   4860000      9.298003     -4.360205
   4880000      9.314876     -4.420299
   4900000      9.360803     -4.417757
   4920000      9.420375     -4.350874
   4940000      9.446003     -4.333467
   4960000      9.485743     -4.315953
   4980000      9.524175     -4.318474
   5000000      9.555291     -4.309117
   5020000      9.591201     -4.315129
   5040000      9.616717     -4.323777
   5060000      9.655084     -4.317581
   5080000      9.684073     -4.328498
   5100000      9.711796     -4.297109
   5120000      9.741146     -4.272031
   5140000      9.777185     -4.317582
   5160000      9.804411     -4.330405
   5180000      9.832081     -4.341507
   5200000      9.863791     -4.347299
   5220000      9.900641     -4.345393
   5240000      9.931240     -4.262647
   5260000      9.968007     -4.328088
   5280000     10.008195     -4.332678
   5300000     10.027284     -4.295824
   5320000     10.054620     -4.274642
   5340000     10.113396     -4.366924
   5360000     10.140615     -4.382771
   5380000     10.174259     -4.334941
   5400000     10.180744     -4.492582
   5420000     10.200895     -4.486430
   5440000     10.216664     -4.524539
   5460000     10.243506     -4.532929
   5480000     10.297641     -4.537871
   5500000     10.374754     -4.400367
   5520000     10.399475     -4.401987
   5540000     10.428038     -4.370611
   5560000     10.455893     -4.332560
   5580000     10.503970     -4.400507
   5600000     10.517109     -4.380314
   5620000     10.556514     -4.404930
   5640000     10.593685     -4.378655
   5660000     10.627174     -4.409368
   5680000     10.670196     -4.443773
   5700000     10.642777     -4.563412
   5720000     10.677169     -4.549438
   5740000     10.724749     -4.543641
   5760000     10.754165     -4.549466
   5780000     10.767255     -4.578860
   5800000     10.855457     -4.451617
   5820000     10.898684     -4.457887
   5840000     10.903211     -4.543464
   5860000     10.925413     -4.558157
   5880000     10.941109     -4.600164
   5900000     10.960052     -4.619825
   5920000     10.971858     -4.658166
   5940000     10.967109     -4.700693
   5960000     11.058614     -4.663217
   5980000     11.095591     -4.671290
   6000000     11.118121     -4.696180
   6020000     11.169378     -4.648089
   6040000     11.201969     -4.643036
   6060000     11.236312     -4.652181
   6080000     11.254259     -4.685881
   6100000     11.279685     -4.693080
   6120000     11.321346     -4.675717
   6140000     11.341167     -4.692092
   6160000     11.384595     -4.654935
   6180000     11.390354     -4.763496
   6200000     11.416911     -4.777148
   6220000     11.436842     -4.806290
   6240000     11.412937     -4.896243
   6260000     11.452826     -4.913045
   6280000     11.477721     -4.930509
   6300000     11.515339     -4.918331
   6320000     11.545022     -4.913826
   6340000     11.565485     -4.896737
   6360000     11.593220     -4.932302
   6380000     11.623289     -4.946015
   6400000     11.647686     -4.870230
   6420000     11.705766     -4.892023
   6440000     11.751583     -4.921764
   6460000     11.783701     -4.946553
   6480000     11.811505     -4.981965
   6500000     11.865113     -4.935171
   6520000     11.878560     -5.029231
   6540000     11.899770     -5.060791
   6560000     11.964381     -4.975861
   6580000     11.989248     -5.008559
   6600000     12.020105     -4.987035
   6620000     12.048820     -4.997963
   6640000     12.075761     -5.057674
   6660000     12.077346     -5.120059
   6680000     12.065940     -5.215261
   6700000     12.090172     -5.243938
   6720000     12.123931     -5.263508
   6740000     12.113467     -5.304369
   6760000     12.122704     -5.336338
   6780000     12.168465     -5.350410
   6800000     12.216678     -5.349419
   6820000     12.251913     -5.354024
   6840000     12.299128     -5.345022
   6860000     12.317828     -5.351138
   6880000     12.313465     -5.425651
   6900000     12.352915     -5.421257
   6920000     12.372781     -5.442786
   6940000     12.390484     -5.475621
   6960000     12.424644     -5.463062
   6980000     12.452230     -5.479735
   7000000     12.430330     -5.567374
   7020000     12.470379     -5.553951
   7040000     12.389902     -5.687106
   7060000     12.428850     -5.704527
   7080000     12.430701     -5.737043
   7100000     12.524066     -5.669766
   7120000     12.542063     -5.727676
   7140000     12.580360     -5.725126
   7160000     12.557006     -5.798721
   7180000     12.567781     -5.833131
   7200000     12.614160     -5.841137
   7220000     12.653007     -5.853280
   7240000     12.672870     -5.873445
   7260000     12.697977     -5.894325
   7280000     12.733461     -5.898258
   7300000     12.773832     -5.895727
   7320000     12.809428     -5.915074
   7340000     12.810654     -5.944540
   7360000     12.830346     -5.977920
   7380000     12.899672     -5.964697
   7400000     12.926372     -5.974848
   7420000     12.945475     -5.999704
   7440000     12.954019     -6.049226
   7460000     12.952002     -6.105471
   7480000     12.975547     -6.136741
   7500000     13.063269     -6.064371
   7520000     13.091683     -6.074846
   7540000     13.111969     -6.085662
   7560000     13.143305     -6.067514
   7580000     13.162756     -6.113719
   7600000     13.206928     -6.076359
   7620000     13.231202     -6.121932
   7640000     13.260883     -6.125410
   7660000     13.289748     -6.086574
   7680000     13.324801     -6.092879
   7700000     13.365601     -6.122633
   7720000     13.409178     -6.105164
   7740000     13.433072     -6.116819
   7760000     13.460896     -6.119275
   7780000     13.491147     -6.167369
   7800000     13.536177     -6.165190
   7820000     13.551478     -6.214913
   7840000     13.570861     -6.236997
   7860000     13.569964     -6.287738
   7880000     13.681775     -6.142069
   7900000     13.717526     -6.146235
   7920000     13.738859     -6.168898
   7940000     13.763392     -6.204804
   7960000     13.815700     -6.165344
   7980000     13.851324     -6.166781
   8000000     13.878438     -6.200296
   8020000     13.907780     -6.192894
   8040000     13.942182     -6.215199
   8060000     13.964718     -6.192278
   8080000     13.990726     -6.187952
   8100000     14.022306     -6.186905
   8120000     14.061457     -6.178036
   8140000     14.102703     -6.182012
   8160000     14.126855     -6.160959
   8180000     14.163606     -6.219106
   8200000     14.195451     -6.193021
   8220000     14.223847     -6.174594
   8240000     14.242146     -6.146074
   8260000     14.269845     -6.105202
   8280000     14.287938     -6.122949
   8300000     14.318680     -6.043998
   8320000     14.368276     -6.081329
   8340000     14.398339     -6.082231
   8360000     14.418036     -6.027464
   8380000     14.422749     -5.974043
   8400000     14.462083     -5.982788
   8420000     14.491813     -5.978886
   8440000     14.534099     -5.958674
   8460000     14.564868     -5.900657
   8480000     14.602168     -5.941081
   8500000     14.622849     -5.903543
   8520000     14.649834     -5.957674
   8540000     14.682106     -5.897333
   8560000     14.725407     -5.917122
   8580000     14.770545     -5.976921
   8600000     14.803578     -5.963624
   8620000     14.826126     -5.882382
   8640000     14.863803     -5.878274
   8660000     14.892680     -5.900071
   8680000     14.918931     -5.904632
   8700000     14.949785     -5.860679
   8720000     14.961648     -5.819523
   8740000     14.991968     -5.815753
   8760000     15.030413     -5.794198
   8780000     15.045263     -5.764809
   8800000     15.073497     -5.764007
   8820000     15.100602     -5.767566
   8840000     15.133116     -5.777417
   8860000     15.156560     -5.767945
   8880000     15.189984     -5.783222
   8900000     15.226924     -5.785171
   8920000     15.263189     -5.761847
   8940000     15.284014     -5.740265
   8960000     15.324964     -5.752894
   8980000     15.351165     -5.748280
   9000000     15.380477     -5.721244
   9020000     15.420963     -5.706169
   9040000     15.465657     -5.763153
   9060000     15.486166     -5.698456
   9080000     15.490326     -5.639189
   9100000     15.570429     -5.736208
   9120000     15.618223     -5.783853
   9140000     15.643476     -5.764883
   9160000     15.667798     -5.730447
   9180000     15.679297     -5.697853
   9200000     15.706472     -5.686999
   9220000     15.764182     -5.700703
   9240000     15.793574     -5.695550
   9260000     15.792851     -5.620624
   9280000     15.863418     -5.687722
   9300000     15.900450     -5.677634
   9320000     15.915586     -5.643717
   9340000     15.949339     -5.635878
   9360000     15.990102     -5.661014
   9380000     16.010305     -5.630684
   9400000     16.046561     -5.653523
   9420000     16.098254     -5.713314
   9440000     16.136428     -5.851860
   9460000     16.155954     -5.887830
   9480000     16.193039     -5.872534
   9500000     16.220475     -5.888846
   9520000     16.256206     -5.889306
   9540000     16.263810     -5.957173
   9560000     16.330906     -5.791013
   9580000     16.366002     -5.703690
   9600000     16.396158     -5.666823
   9620000     16.410667     -5.623600
   9640000     16.448078     -5.648127
   9660000     16.479551     -5.708045
   9680000     16.517431     -5.770037
   9700000     16.529499     -5.836894
   9720000     16.562662     -5.806228
   9740000     16.585285     -5.864065
   9760000     16.619678     -5.902405
   9780000     16.627983     -5.926098
   9800000     16.659923     -5.947496
   9820000     16.721412     -5.898750
   9840000     16.757279     -5.899394
   9860000     16.793320     -5.869084
   9880000     16.822826     -5.851293
   9900000     16.835671     -5.796442
   9920000     16.862983     -5.753189
   9940000     16.860114     -5.707205
   9960000     16.957428     -5.881665
   9980000     16.984404     -5.966890
  10000000     17.000264     -6.008136
