         0      4.000000      0.000000
     20000      4.005591     -0.012085
     40000      4.007744     -0.012500
     60000      4.010602     -0.000466
     80000      4.010052     -0.001555
    100000      4.014346     -0.006440
    120000      4.014858     -0.005368
    140000      4.014564      0.003376
    160000      4.016931      0.016145
    180000      4.015074      0.016450
    200000      4.018434      0.027434
    220000      4.029026      0.027037
    240000      4.055532     -0.037019
    260000      4.074263     -0.049841
    280000      4.071269     -0.079423
    300000      4.093729     -0.016080
    320000      4.106711     -0.014928
    340000      4.114226     -0.006433
    360000      4.120660     -0.021614
    380000      4.127310     -0.021385
    400000      4.138867     -0.013584
    420000      4.142214     -0.101902
    440000      4.149437     -0.097952
    460000      4.161415     -0.083835
    480000      4.154461     -0.150508
    500000      4.172790     -0.116585
    520000      4.173739     -0.151240
    540000      4.219320      0.054557
    560000      4.224590      0.063527
    580000      4.239614      0.042218
    600000      4.245727      0.063396
    620000      4.251343      0.105035
    640000      4.255210      0.119495
    660000      4.263267      0.116096
    680000      4.271654      0.117579
    700000      4.276368      0.135913
    720000      4.324204     -0.027348
    740000      4.321261     -0.049875
    760000      4.342696     -0.004326
    780000      4.353794     -0.015818
    800000      4.360416      0.008263
    820000      4.371224      0.021320
    840000      4.386369     -0.016221
    860000      4.397563     -0.031184
    880000      4.404128     -0.036519
    900000      4.416539     -0.017826
    920000      4.431467     -0.051882
    940000      4.436734     -0.037288
    960000      4.444017     -0.046443
    980000      4.454547     -0.034803
   1000000      4.461820     -0.003108
   1020000      4.444385      0.054856
   1040000      4.463485      0.046259
   1060000      4.453069      0.057275
   1080000      4.478869      0.050532
   1100000      4.476115      0.070029
   1120000      4.505517      0.040836
   1140000      4.516935      0.020300
   1160000      4.515895      0.045614
   1180000      4.528681      0.023283
   1200000      4.530987      0.020956
   1220000      4.543890      0.066846
   1240000      4.548134      0.086713
   1260000      4.542907      0.123392
   1280000      4.544854      0.139699
   1300000      4.549592      0.134081
   1320000      4.554932      0.153889
   1340000      4.539638      0.167727
   1360000      4.538868      0.180603
   1380000      4.556178      0.185146
   1400000      4.554793      0.199338
   1420000      4.584466      0.177335
   1440000      4.635272      0.112177
   1460000      4.643707      0.115114
   1480000      4.659251      0.118738
   1500000      4.665616      0.122675
   1520000      4.674433      0.132749
   1540000      4.683023      0.124159
   1560000      4.689048      0.126235
   1580000      4.700962      0.117484
   1600000      4.693422      0.172013
   1620000      4.683466      0.218745
   1640000      4.678294      0.246043
   1660000      4.686177      0.249485
   1680000      4.699082      0.246112
   1700000      4.704153      0.254227
   1720000      4.715677      0.252788
   1740000      4.746064      0.221246
   1760000      4.754966      0.218419
   1780000      4.770739      0.214589
   1800000      4.774382      0.214008
   1820000      4.781415      0.217515
   1840000      4.786550      0.213616
   1860000      4.786206      0.228782
   1880000      4.800278      0.232509
   1900000      4.801954      0.245803
   1920000      4.814978      0.265119
   1940000      4.806702      0.296560
   1960000      4.826893      0.286636
   1980000      4.842575      0.279936
   2000000      4.851418      0.283911
   2020000      4.867886      0.277219
   2040000      4.871118      0.292744
   2060000      4.854644      0.345327
   2080000      4.850814      0.371338
   2100000      4.853725      0.377547
   2120000      4.823581      0.427436
   2140000      4.809427      0.443271
   2160000      4.837305      0.435452
   2180000      4.867741      0.421894
   2200000      4.870886      0.416152
   2220000      4.991167      0.299878
   2240000      5.007646      0.302225
   2260000      5.009435      0.299462
   2280000      5.013355      0.308160
   2300000      5.018128      0.309631
   2320000      5.022699      0.321637
   2340000      5.042899      0.274693
   2360000      5.051690      0.280886
   2380000      5.066116      0.272940
   2400000      5.074251      0.262917
   2420000      5.082187      0.258718
   2440000      5.088202      0.305842
   2460000      5.094684      0.319779
   2480000      5.106021      0.279241
   2500000      5.101584      0.315395
   2520000      5.123634      0.275260
   2540000      5.131207      0.274333
   2560000      5.143891      0.265676
   2580000      5.148477      0.249755
   2600000      5.153369      0.267552
   2620000      5.165868      0.263559
   2640000      5.170998      0.237428
   2660000      5.181418      0.246340
   2680000      5.193208      0.245075
   2700000      5.199791      0.264182
   2720000      5.206528      0.264247
   2740000      5.212916      0.281032
   2760000      5.226140      0.261016
   2780000      5.242508      0.266331
   2800000      5.249095      0.250700
   2820000      5.256719      0.256963
   2840000      5.264669      0.254107
   2860000      5.275147      0.278858
   2880000      5.252878      0.402758
   2900000      5.268557      0.374267
   2920000      5.271424      0.403595
   2940000      5.274463      0.422424
   2960000      5.275702      0.439650
   2980000      5.253576      0.490122
   3000000      5.274482      0.480482
   3020000      5.277331      0.487698
   3040000      5.295109      0.476141
   3060000      5.278524      0.514674
   3080000      5.337888      0.420048
   3100000      5.344772      0.445739
   3120000      5.340213      0.479688
   3140000      5.336026      0.503441
   3160000      5.346337      0.505350
   3180000      5.367415      0.485884
   3200000      5.399879      0.428917
   3220000      5.407527      0.420621
   3240000      5.401422      0.454328
   3260000      5.406129      0.459488
   3280000      5.411364      0.481384
   3300000      5.418907      0.473790
   3320000      5.423330      0.493186
   3340000      5.408641      0.542648
   3360000      5.414884      0.559330
   3380000      5.447182      0.525065
   3400000      5.494643      0.431522
   3420000      5.478398      0.510319
   3440000      5.490730      0.512791
   3460000      5.500365      0.478674
   3480000      5.461804      0.599256
   3500000      5.499494      0.573979
   3520000      5.506352      0.579447
   3540000      5.509252      0.609102
   3560000      5.442498      0.716448
   3580000      5.394406      0.756092
   3600000      5.417035      0.752432
   3620000      5.419175      0.754383
   3640000      5.414832      0.766157
   3660000      5.403990      0.778080
   3680000      5.387514      0.786661
   3700000      5.395835      0.796982
   3720000      5.620343      0.591003
   3740000      5.673581      0.494069
   3760000      5.688319      0.483517
   3780000      5.693270      0.485902
   3800000      5.703611      0.496021
   3820000      5.710211      0.506887
   3840000      5.713974      0.511538
   3860000      5.716264      0.517845
   3880000      5.731676      0.523190
   3900000      5.743976      0.527371
   3920000      5.754847      0.531060
   3940000      5.766719      0.541744
   3960000      5.772344      0.543153
   3980000      5.774991      0.552577
   4000000      5.792241      0.549847
   4020000      5.801100      0.536923
   4040000      5.807897      0.547298
   4060000      5.807250      0.542110
   4080000      5.790594      0.591615
   4100000      5.808444      0.590638
   4120000      5.790521      0.622176
   4140000      5.811832      0.615657
   4160000      5.809329      0.635030
   4180000      5.815120      0.634939
   4200000      5.841243      0.631779
   4220000      5.819232      0.659443
   4240000      5.941274      0.422544
   4260000      5.964783      0.359398
   4280000      5.972098      0.354862
   4300000      5.972865      0.366378
   4320000      5.978668      0.350105
   4340000      5.990428      0.329272
   4360000      6.000815      0.361963
   4380000      6.001648      0.324593
   4400000      6.010814      0.348888
   4420000      6.020443      0.383232
   4440000      6.030112      0.364190
   4460000      6.040412      0.331259
   4480000      6.052386      0.334772
   4500000      6.059243      0.330514
   4520000      6.066773      0.321442
   4540000      6.073949      0.386833
   4560000      6.088662      0.333607
   4580000      6.098071      0.318876
   4600000      6.101259      0.309380
   4620000      6.113294      0.321291
   4640000      6.121306      0.308484
   4660000      6.139432      0.327079
   4680000      6.142967      0.327261
   4700000      6.148614      0.318973
   4720000      6.161771      0.323219
   4740000      6.160850      0.342479
   4760000      6.182208      0.346533
   4780000      6.188680      0.330654
   4800000      6.200346      0.318473
   4820000      6.208316      0.312901
   4840000      6.207123      0.286511
   4860000      6.221219      0.286811
   4880000      6.239821      0.313870
   4900000      6.246903      0.310663
   4920000      6.250049      0.285981
   4940000      6.256277      0.308812
   4960000      6.247165      0.241569
   4980000      6.250946      0.226510
   5000000      6.287140      0.253277
   5020000      6.297328      0.241292
   5040000      6.313843      0.242025
   5060000      6.327736      0.248300
   5080000      6.347295      0.283993
   5100000      6.359927      0.310148
   5120000      6.375233      0.339872
   5140000      6.385153      0.328204
   5160000      6.397519      0.332108
   5180000      6.406863      0.294097
   5200000      6.407902      0.270780
   5220000      6.419388      0.261754
   5240000      6.428857      0.355201
   5260000      6.441258      0.360915
   5280000      6.450452      0.358686
   5300000      6.457426      0.351535
   5320000      6.480712      0.312060
   5340000      6.486575      0.320256
   5360000      6.500814      0.323483
   5380000      6.509236      0.372171
   5400000      6.520300      0.324653
   5420000      6.525574      0.382020
   5440000      6.517915      0.211829
   5460000      6.537970      0.249649
   5480000      6.544555      0.210665
   5500000      6.547003      0.203090
   5520000      6.576706      0.376483
   5540000      6.588318      0.357457
   5560000      6.598475      0.308254
   5580000      6.605613      0.334457
   5600000      6.615667      0.310621
   5620000      6.628439      0.317332
   5640000      6.636599      0.329500
   5660000      6.642925      0.318963
   5680000      6.657358      0.320928
   5700000      6.662551      0.310471
   5720000      6.673927      0.319932
   5740000      6.684246      0.328114
   5760000      6.687353      0.287730
   5780000      6.691145      0.273027
   5800000      6.707365      0.287063
   5820000      6.711289      0.293938
   5840000      6.722412      0.284787
   5860000      6.722355      0.456154
   5880000      6.733895      0.452733
   5900000      6.731232      0.483761
   5920000      6.731630      0.485484
   5940000      6.771927      0.392978
   5960000      6.780934      0.390534
   5980000      6.786825      0.406463
   6000000      6.788780      0.431610
   6020000      6.804198      0.353415
   6040000      6.812689      0.347988
   6060000      6.819041      0.365629
   6080000      6.833837      0.317117
   6100000      6.845062      0.317342
   6120000      6.850491      0.298078
   6140000      6.860927      0.306431
   6160000      6.877106      0.330303
   6180000      6.889265      0.320666
   6200000      6.895104      0.301624
   6220000      6.905242      0.289825
   6240000      6.913093      0.283343
   6260000      6.919881      0.283933
   6280000      6.921143      0.263794
   6300000      6.920279      0.253173
   6320000      6.944658      0.375601
   6340000      6.956010      0.351789
   6360000      6.966893      0.401311
   6380000      6.972364      0.403891
   6400000      6.978848      0.421425
   6420000      6.975977      0.464376
   6440000      6.999109      0.314783
   6460000      7.008272      0.329268
   6480000      7.018963      0.356394
   6500000      7.029322      0.340081
   6520000      7.037088      0.355387
   6540000      7.052922      0.364596
   6560000      7.060404      0.353155
   6580000      7.071729      0.334035
   6600000      7.080683      0.318732
   6620000      7.087765      0.336765
   6640000      7.097672      0.324452
   6660000      7.103789      0.337087
   6680000      7.120196      0.278732
   6700000      7.122715      0.249039
   6720000      7.118916      0.222195
   6740000      7.126212      0.222938
   6760000      7.131632      0.210405
   6780000      7.133241      0.198587
   6800000      7.146640      0.203534
   6820000      7.149043      0.187582
   6840000      7.140113      0.154225
   6860000      7.161151      0.155131
   6880000      7.213114      0.246626
   6900000      7.219325      0.243510
   6920000      7.222734      0.201390
   6940000      7.237977      0.213993
   6960000      7.247229      0.203650
   6980000      7.247101      0.155392
   7000000      7.247226      0.112379
   7020000      7.239093      0.085197
   7040000      7.242600      0.077244
   7060000      7.252242      0.089358
   7080000      7.277330      0.130323
   7100000      7.288980      0.134722
   7120000      7.300231      0.119489
   7140000      7.315067      0.137643
   7160000      7.327456      0.146789
   7180000      7.326159      0.136375
   7200000      7.335344      0.107657
   7220000      7.356879      0.153461
   7240000      7.370984      0.280994
   7260000      7.385270      0.280212
   7280000      7.384991      0.291558
   7300000      7.393239      0.287114
   7320000      7.411883      0.300556
   7340000      7.425657      0.276958
   7360000      7.431625      0.310895
   7380000      7.442693      0.200158
   7400000      7.454615      0.208913
   7420000      7.457352      0.209423
   7440000      7.453865      0.194987
   7460000      7.478288      0.171907
   7480000      7.486204      0.341325
   7500000      7.500535      0.294429
   7520000      7.494667      0.356541
   7540000      7.499521      0.378425
   7560000      7.509465      0.378725
   7580000      7.521784      0.374808
   7600000      7.522467      0.378022
   7620000      7.538601      0.385199
   7640000      7.541370      0.382752
   7660000      7.540678      0.395018
   7680000      7.545699      0.427916
   7700000      7.518150      0.479622
   7720000      7.587849      0.398883
   7740000      7.593918      0.396092
   7760000      7.603097      0.403701
   7780000      7.611155      0.415467
   7800000      7.617253      0.419651
   7820000      7.620070      0.414499
   7840000      7.641058      0.410016
   7860000      7.638061      0.433628
   7880000      7.649636      0.441062
   7900000      7.653724      0.437508
   7920000      7.670025      0.430031
   7940000      7.673519      0.455408
   7960000      7.726403      0.240065
   7980000      7.730415      0.278872
   8000000      7.746113      0.245924
   8020000      7.749489      0.237582
   8040000      7.763634      0.296174
   8060000      7.773483      0.250524
   8080000      7.783905      0.282051
   8100000      7.791245      0.293036
   8120000      7.799751      0.294610
   8140000      7.811735      0.257914
   8160000      7.814218      0.231710
   8180000      7.818103      0.210042
   8200000      7.830071      0.199190
   8220000      7.837733      0.187438
   8240000      7.849065      0.205981
   8260000      7.860608      0.182978
   8280000      7.862578      0.158476
   8300000      7.865292      0.154238
   8320000      7.868130      0.153322
   8340000      7.866041      0.136909
   8360000      7.870547      0.131321
   8380000      7.892391      0.141628
   8400000      7.896080      0.133426
   8420000      7.916194      0.152653
   8440000      7.922336      0.142302
   8460000      7.935344      0.141336
   8480000      7.936336      0.134516
   8500000      7.950079      0.143867
   8520000      7.970019      0.158397
   8540000      7.972128      0.144824
   8560000      7.972619      0.101195
   8580000      7.987959      0.118501
   8600000      7.993347      0.107523
   8620000      7.998570      0.095173
   8640000      8.004108      0.089821
   8660000      8.021131      0.110875
   8680000      8.027383      0.110344
   8700000      8.046332      0.106309
   8720000      8.053521      0.099995
   8740000      8.073870      0.093969
   8760000      8.077178      0.095752
   8780000      8.082354      0.080016
   8800000      8.087880      0.066845
   8820000      8.085992      0.047902
   8840000      8.098622      0.057335
   8860000      8.120107      0.087219
   8880000      8.064035     -0.037729
   8900000      8.082092     -0.028350
   8920000      8.087807     -0.031848
   8940000      8.094112     -0.038963
   8960000      8.093109     -0.046225
   8980000      8.097201     -0.051781
   9000000      8.151731     -0.004716
   9020000      8.185709      0.054327
   9040000      8.210031      0.069078
   9060000      8.221247      0.061605
   9080000      8.240553      0.094345
   9100000      8.242721      0.108670
   9120000      8.247539      0.070873
   9140000      8.220953     -0.009621
   9160000      8.209437     -0.059854
   9180000      8.217047     -0.066054
   9200000      8.236478     -0.060226
   9220000      8.249011     -0.063182
   9240000      8.253213     -0.063078
   9260000      8.246643     -0.090706
   9280000      8.268985     -0.069964
   9300000      8.275412     -0.084962
   9320000      8.286707     -0.075230
   9340000      8.289015     -0.083051
   9360000      8.303034     -0.068701
   9380000      8.310727     -0.068796
   9400000      8.313249     -0.079468
   9420000      8.319680     -0.087918
   9440000      8.331411     -0.070849
   9460000      8.327144     -0.111738
   9480000      8.323011     -0.144448
   9500000      8.342040     -0.107840
   9520000      8.336691     -0.157367
   9540000      8.314959     -0.214195
   9560000      8.331682     -0.210873
   9580000      8.346169     -0.205072
   9600000      8.351999     -0.205728
   9620000      8.338747     -0.232581
   9640000      8.376327     -0.193227
   9660000      8.359562     -0.232470
   9680000      8.392413     -0.186911
   9700000      8.407938     -0.198221
   9720000      8.414359     -0.197833
   9740000      8.426210     -0.203150
   9760000      8.429873     -0.202379
   9780000      8.400357     -0.290041
   9800000      8.436064     -0.257990
   9820000      8.444533     -0.277208
   9840000      8.433660     -0.314056
   9860000      8.434919     -0.323369
   9880000      8.448933     -0.339661
   9900000      8.454465     -0.342020
   9920000      8.464195     -0.343211
   9940000      8.452937     -0.357813
   9960000      8.461014     -0.353448
   9980000      8.481096     -0.356358
  10000000      8.470792     -0.367306
