         0      4.000000      0.000000
     20000      4.006952      0.015491
     40000      4.008084      0.012760
     60000      4.008671      0.018822
     80000      4.008492      0.013915
    100000      4.008432      0.031141
    120000      4.010498      0.025931
    140000      4.012762      0.026164
    160000      4.019305      0.018151
    180000      4.027179      0.032275
    200000      4.053308     -0.012748
    220000      4.038061      0.111780
    240000      4.068247      0.113166
    260000      4.077750      0.134052
    280000      4.078301      0.154456
    300000      4.089926      0.164635
    320000      4.126265      0.148575
    340000      4.137957      0.155850
    360000      4.148152      0.166185
    380000      4.199206      0.071579
    400000      4.228293      0.072857
    420000      4.238816      0.078774
    440000      4.253807      0.081618
    460000      4.268463      0.082392
    480000      4.284928      0.062895
    500000      4.304592      0.073077
    520000      4.327205     -0.004952
    540000      4.337086     -0.010640
    560000      4.353108     -0.005611
    580000      4.371397      0.062594
    600000      4.381185      0.059516
    620000      4.388311      0.111443
    640000      4.414686      0.057015
    660000      4.430071      0.070241
    680000      4.438301      0.085806
    700000      4.455041      0.084542
    720000      4.476110      0.044948
    740000      4.482002      0.082319
    760000      4.500914      0.081286
    780000      4.510196      0.088230
    800000      4.531753      0.070263
    820000      4.531795      0.145772
    840000      4.539127      0.172847
    860000      4.542479      0.192724
    880000      4.555326      0.201626
    900000      4.568815      0.206077
    920000      4.563353      0.231097
    940000      4.620374      0.130365
    960000      4.617224      0.161100
    980000      4.656848      0.112108
   1000000      4.686451      0.087659
   1020000      4.700316      0.063749
   1040000      4.703507      0.160546
   1060000      4.727081      0.119928
   1080000      4.746250      0.097677
   1100000      4.762899      0.083196
   1120000      4.780578      0.093158
   1140000      4.783144      0.116703
   1160000      4.782509      0.164226
   1180000      4.814585      0.146955
   1200000      4.836318      0.111699
   1220000      4.851102      0.118304
   1240000      4.863357      0.144135
   1260000      4.867426      0.149305
   1280000      4.858530      0.184954
   1300000      4.864203      0.213154
   1320000      4.909132      0.143641
   1340000      4.929704      0.168560
   1360000      4.941210      0.185511
   1380000      4.956534      0.217670
   1400000      4.969434      0.213098
   1420000      4.985194      0.210637
   1440000      5.002095      0.217456
   1460000      5.014267      0.226699
   1480000      5.020790      0.240896
   1500000      5.036850      0.255364
   1520000      5.060557      0.258462
   1540000      5.076361      0.224468
   1560000      5.117421      0.208625
   1580000      5.127385      0.154811
   1600000      5.146733      0.191063
   1620000      5.144051      0.111105
   1640000      5.145409      0.099004
   1660000      5.162285      0.100442
   1680000      5.197180      0.138989
   1700000      5.209309      0.135448
   1720000      5.127616      0.530326
   1740000      5.232073      0.376260
   1760000      5.218123      0.458328
   1780000      5.195069      0.556164
   1800000      5.214385      0.562334
   1820000      5.224549      0.571297
   1840000      5.190624      0.643219
   1860000      5.198166      0.666290
   1880000      5.197061      0.680472
   1900000      5.197053      0.701227
   1920000      5.180390      0.732791
   1940000      5.184063      0.745334
   1960000      5.250791      0.714545
   1980000      5.248621      0.743664
   2000000      5.330106      0.664036
   2020000      5.353426      0.630607
   2040000      5.369228      0.633163
   2060000      5.375746      0.649832
   2080000      5.402017      0.655370
   2100000      5.382538      0.721504
   2120000      5.385098      0.734909
   2140000      5.409345      0.724044
   2160000      5.445674      0.699365
   2180000      5.463219      0.713032
   2200000      5.468128      0.729381
   2220000      5.451097      0.756782
   2240000      5.491953      0.725974
   2260000      5.588101      0.612269
   2280000      5.600824      0.588153
   2300000      5.606015      0.615167
   2320000      5.644939      0.570994
   2340000      5.656037      0.563048
   2360000      5.665347      0.568907
   2380000      5.679505      0.542611
   2400000      5.682255      0.546219
   2420000      5.683380      0.468017
   2440000      5.687420      0.473598
   2460000      5.628995      0.831977
   2480000      5.599904      0.853954
   2500000      5.623681      0.867541
   2520000      5.632224      0.880067
   2540000      5.630480      0.897390
   2560000      5.747108      0.770538
   2580000      5.824924      0.646391
   2600000      5.838765      0.668747
   2620000      5.850248      0.685347
   2640000      5.851817      0.660610
   2660000      5.815010      0.810297
   2680000      5.822585      0.826351
   2700000      5.803051      0.843465
   2720000      5.871231      0.815865
   2740000      5.869316      0.858070
   2760000      5.905771      0.827523
   2780000      5.945766      0.791069
   2800000      5.963089      0.778561
   2820000      5.988138      0.703870
   2840000      5.994115      0.687067
   2860000      6.025799      0.692457
   2880000      6.042943      0.678994
   2900000      6.051067      0.672256
   2920000      6.065120      0.671178
   2940000      6.084031      0.675254
   2960000      6.090489      0.681107
   2980000      6.112984      0.828671
   3000000      6.106785      0.863329
   3020000      6.082745      0.934069
   3040000      6.105719      0.911723
   3060000      6.116630      0.911060
   3080000      6.068165      0.996017
   3100000      6.086189      0.991930
   3120000      6.081621      1.040763
   3140000      6.065812      1.055575
   3160000      6.023451      1.080053
   3180000      6.030039      1.071357
   3200000      6.099714      1.064186
   3220000      6.091074      1.094638
   3240000      6.125949      1.095563
   3260000      6.142001      1.074738
   3280000      6.138708      1.131698
   3300000      6.128296      1.164461
   3320000      6.153273      1.137914
   3340000      6.198677      1.091458
   3360000      6.167756      1.194875
   3380000      6.172528      1.215355
   3400000      6.170763      1.231826
   3420000      6.075240      1.323877
   3440000      6.105629      1.318744
   3460000      6.123488      1.299586
   3480000      6.035829      1.426890
   3500000      6.042726      1.442700
   3520000      6.066128      1.443878
   3540000      5.980746      1.500585
   3560000      6.000646      1.505020
   3580000      6.005680      1.519737
   3600000      5.975517      1.546993
   3620000      5.966801      1.567489
   3640000      6.108457      1.539457
   3660000      6.151009      1.528742
   3680000      6.152719      1.539933
   3700000      6.151967      1.563022
   3720000      6.178732      1.558565
   3740000      6.160451      1.584006
   3760000      6.169127      1.599865
   3780000      6.195197      1.597918
   3800000      6.203363      1.609615
   3820000      6.212843      1.627368
   3840000      6.139915      1.686819
   3860000      6.140000      1.707423
   3880000      6.204945      1.702234
   3900000      6.186078      1.720383
   3920000      6.119867      1.769809
   3940000      6.269951      1.709591
   3960000      6.384971      1.637855
   3980000      6.395751      1.643248
   4000000      6.394939      1.662410
   4020000      6.397596      1.683124
   4040000      6.416582      1.687991
   4060000      6.417814      1.706552
   4080000      6.433728      1.711261
   4100000      6.457464      1.712514
   4120000      6.468946      1.738396
   4140000      6.491063      1.722809
   4160000      6.426196      1.814177
   4180000      6.433380      1.831290
   4200000      6.525300      1.766910
   4220000      6.499364      1.815187
   4240000      6.549549      1.790553
   4260000      6.565612      1.791146
   4280000      6.549852      1.822424
   4300000      6.549780      1.839254
   4320000      6.585075      1.834268
   4340000      6.525439      1.906907
   4360000      6.535134      1.923903
   4380000      6.588559      1.905782
   4400000      6.593802      1.910100
   4420000      6.604129      1.916005
   4440000      6.589952      1.941388
   4460000      6.591229      1.959632
   4480000      6.581766      1.974036
   4500000      6.589093      1.988241
   4520000      6.622984      1.984443
   4540000      6.605350      2.017787
   4560000      6.635607      2.018746
   4580000      6.869648      1.804374
   4600000      6.868313      1.832962
   4620000      6.890877      1.824692
   4640000      6.925749      1.792241
   4660000      6.933874      1.794654
   4680000      6.903780      1.904708
   4700000      6.930750      1.904081
   4720000      6.942389      1.910246
   4740000      6.931360      1.954545
   4760000      6.946019      1.961541
   4780000      6.937449      1.991305
   4800000      6.931364      1.999199
   4820000      7.021999      1.822899
   4840000      7.030797      1.896749
   4860000      7.050161      1.887558
   4880000      7.060828      1.959931
   4900000      7.066067      1.969025
   4920000      7.087234      1.963019
   4940000      7.108457      1.954149
   4960000      7.140339      1.942897
   4980000      7.137109      1.977488
   5000000      7.129038      2.046513
   5020000      7.129242      2.096301
   5040000      7.137190      2.108744
   5060000      7.123023      2.153301
   5080000      7.154187      2.139666
   5100000      7.150512      2.174864
   5120000      7.155460      2.188346
   5140000      7.149097      2.210652
   5160000      7.143853      2.227139
   5180000      7.168328      2.227051
   5200000      7.207864      2.210207
   5220000      7.234798      2.171944
   5240000      7.251420      2.156310
   5260000      7.037760      2.440412
   5280000      7.097465      2.416377
   5300000      7.044300      2.462749
   5320000      7.043841      2.484227
   5340000      7.168988      2.405914
   5360000      7.145762      2.450546
   5380000      7.165638      2.439300
   5400000      7.145971      2.484228
   5420000      7.186935      2.460760
   5440000      7.170170      2.498403
   5460000      7.160348      2.520505
   5480000      7.186597      2.528366
   5500000      7.225047      2.476381
   5520000      7.246601      2.463526
   5540000      7.252756      2.472115
   5560000      7.262939      2.497120
   5580000      7.278223      2.477357
   5600000      7.231518      2.598872
   5620000      7.216137      2.615120
   5640000      7.181376      2.697664
   5660000      7.133625      2.739757
   5680000      7.101962      2.760462
   5700000      7.100902      2.780568
   5720000      7.096556      2.789224
   5740000      7.108676      2.797624
   5760000      7.047166      2.829671
   5780000      7.203326      2.808869
   5800000      7.161703      2.855124
   5820000      7.153552      2.877608
   5840000      7.169679      2.895765
   5860000      7.155122      2.925771
   5880000      7.150461      2.944744
   5900000      7.158083      2.957087
   5920000      7.137202      2.971065
   5940000      7.130439      2.987130
   5960000      6.908388      2.989808
   5980000      6.909812      3.008878
   6000000      6.886133      3.011686
   6020000      6.951702      3.035402
   6040000      6.961887      3.054484
   6060000      6.909734      3.070349
   6080000      6.910234      3.079468
   6100000      6.998454      3.106768
   6120000      7.011450      3.122635
   6140000      6.942460      3.144535
   6160000      6.832413      3.151051
   6180000      7.056531      3.173931
   6200000      7.463519      3.068266
   6220000      7.481150      3.069871
   6240000      7.470339      3.085220
   6260000      7.479170      3.100882
   6280000      7.498171      3.105335
   6300000      7.554022      3.073187
   6320000      7.539947      3.100066
   6340000      7.548471      3.115857
   6360000      7.485983      3.174559
   6380000      7.559255      3.145486
   6400000      7.577867      3.133474
   6420000      7.599931      3.125135
   6440000      7.622126      3.132005
   6460000      7.606435      3.175669
   6480000      7.507338      3.270355
   6500000      7.532386      3.272631
   6520000      7.533618      3.288081
   6540000      7.591511      3.261345
   6560000      7.573495      3.285483
   6580000      7.578160      3.312397
   6600000      7.445615      3.352047
   6620000      7.453171      3.372772
   6640000      7.224096      3.373394
   6660000      7.602257      3.359986
   6680000      7.602222      3.378322
   6700000      7.632430      3.372771
   6720000      7.606801      3.391821
   6740000      7.544465      3.439954
   6760000      7.625117      3.421152
   6780000      7.630640      3.434594
   6800000      7.675292      3.414250
   6820000      7.687886      3.408082
   6840000      7.701740      3.401679
   6860000      7.722047      3.401988
   6880000      7.737542      3.408538
   6900000      7.656632      3.498065
   6920000      7.681830      3.506984
   6940000      7.686632      3.515251
   6960000      7.698522      3.514837
   6980000      7.707876      3.541183
   7000000      7.710355      3.565269
   7020000      7.724584      3.574757
   7040000      7.738107      3.574853
   7060000      7.774456      3.575913
   7080000      7.792320      3.578039
   7100000      7.801382      3.584156
   7120000      7.813946      3.577212
   7140000      7.812915      3.604966
   7160000      7.858308      3.581866
   7180000      7.856792      3.612617
   7200000      7.854682      3.626272
   7220000      7.867136      3.633120
   7240000      7.954070      3.569356
   7260000      7.954020      3.595888
   7280000      7.936545      3.632086
   7300000      7.857619      3.717898
   7320000      7.856056      3.731204
   7340000      7.859629      3.746317
   7360000      7.859935      3.750311
   7380000      7.870454      3.763438
   7400000      7.870335      3.769608
   7420000      7.930733      3.761778
   7440000      7.910491      3.789989
   7460000      7.919499      3.802131
   7480000      7.930687      3.807926
   7500000      8.176778      3.640085
   7520000      8.188174      3.637885
   7540000      8.207855      3.632300
   7560000      8.198805      3.646656
   7580000      8.213971      3.654866
   7600000      8.223448      3.666098
   7620000      8.214753      3.692901
   7640000      8.223261      3.703919
   7660000      8.214703      3.718200
   7680000      8.248812      3.718852
   7700000      8.265253      3.732883
   7720000      8.275224      3.742949
   7740000      8.290996      3.740429
   7760000      8.314593      3.745799
   7780000      8.344413      3.738143
   7800000      8.501093      3.481827
   7820000      8.436950      3.661846
   7840000      8.450690      3.665712
   7860000      8.537525      3.507208
   7880000      8.551126      3.511724
   7900000      8.576710      3.475967
   7920000      8.580422      3.506457
   7940000      8.592236      3.501761
   7960000      8.605787      3.512319
   7980000      8.622081      3.503354
   8000000      8.629794      3.522060
   8020000      8.646769      3.498417
   8040000      8.676139      3.423740
   8060000      8.687023      3.482292
   8080000      8.698973      3.497956
   8100000      8.716074      3.496798
   8120000      8.721808      3.541143
   8140000      8.694361      3.641083
   8160000      8.724945      3.596773
   8180000      8.720471      3.654522
   8200000      8.776878      3.582784
   8220000      8.773180      3.611417
   8240000      8.797878      3.575747
   8260000      8.803952      3.604752
   8280000      8.827516      3.592813
   8300000      8.848161      3.557369
   8320000      8.827938      3.640421
   8340000      8.824870      3.669139
   8360000      8.864059      3.632337
   8380000      8.905588      3.531047
   8400000      8.910099      3.539964
   8420000      8.924781      3.546084
   8440000      8.946464      3.502646
   8460000      8.961845      3.515875
   8480000      8.976233      3.548108
   8500000      8.991850      3.569297
   8520000      8.998423      3.568435
   8540000      9.035748      3.505488
   8560000      9.048080      3.504565
   8580000      9.064175      3.570969
   8600000      9.074645      3.582798
   8620000      9.064579      3.658360
   8640000      9.067822      3.672473
   8660000      9.081906      3.680214
   8680000      9.094431      3.682406
   8700000      9.096903      3.699968
   8720000      9.102278      3.718105
   8740000      9.098749      3.715691
   8760000      9.100471      3.738009
   8780000      9.091362      3.757588
   8800000      9.091232      3.761790
   8820000      9.197628      3.680204
   8840000      9.194743      3.706350
   8860000      9.243529      3.644010
   8880000      9.251354      3.657608
   8900000      9.256037      3.671212
   8920000      9.299945      3.614369
   8940000      9.310455      3.507986
   8960000      9.338847      3.613696
   8980000      9.357655      3.579167
   9000000      9.369419      3.585332
   9020000      9.380369      3.607317
   9040000      9.393052      3.594071
   9060000      9.393029      3.643690
   9080000      9.412549      3.601892
   9100000      9.424642      3.607054
   9120000      9.395912      3.761994
   9140000      9.370436      3.809219
   9160000      9.409337      3.794623
   9180000      9.411966      3.798226
   9200000      9.477620      3.708878
   9220000      9.514670      3.644715
   9240000      9.535647      3.633707
   9260000      9.542872      3.662428
   9280000      9.549302      3.679030
   9300000      9.573893      3.644457
   9320000      9.597005      3.485065
   9340000      9.621283      3.550990
   9360000      9.631889      3.544469
   9380000      9.643919      3.521029
   9400000      9.656159      3.526082
   9420000      9.651827      3.454331
   9440000      9.684706      3.498005
   9460000      9.698075      3.508358
   9480000      9.700022      3.429328
   9500000      9.722306      3.456319
   9520000      9.745811      3.469494
   9540000      9.760313      3.440489
   9560000      9.764624      3.442958
   9580000      9.782479      3.440134
   9600000      9.788837      3.398646
   9620000      9.804181      3.414327
   9640000      9.749327      3.277349
   9660000      9.756984      3.262054
   9680000      9.790754      3.273845
   9700000      9.800427      3.261424
   9720000      9.812360      3.246795
   9740000      9.826967      3.242020
   9760000      9.878186      3.305152
   9780000      9.897204      3.284798
   9800000      9.921455      3.305160
   9820000      9.940612      3.295417
   9840000      9.948042      3.277267
   9860000      9.962470      3.287605
   9880000      9.949063      3.230072
   9900000      9.949311      3.214647
   9920000     10.004117      3.306388
   9940000     10.052423      3.835797
   9960000     10.021667      3.978998
   9980000     10.059006      3.695247
  10000000     10.045185      3.978467
