         0      4.000000      0.000000
     20000      4.051044     -0.098649
     40000      4.115131     -0.094156
     60000      4.179626     -0.190095
     80000      4.244440     -0.230647
    100000      4.311606     -0.232385
    120000      4.328713     -0.340476
    140000      4.386073     -0.383426
    160000      4.452772     -0.381259
    180000      4.537467     -0.148668
    200000      4.621988     -0.194671
    220000      4.686623     -0.204911
    240000      4.766146     -0.213785
    260000      4.846528     -0.295534
    280000      4.883207     -0.343226
    300000      4.963058     -0.363975
    320000      5.037286     -0.402332
    340000      5.104958     -0.431830
    360000      5.162907     -0.500737
    380000      5.240080     -0.515931
    400000      5.310317     -0.520671
    420000      5.360748     -0.294256
    440000      5.440830     -0.308203
    460000      5.511465     -0.326731
    480000      5.566634     -0.223409
    500000      5.629117     -0.187941
    520000      5.718228     -0.253233
    540000      5.783452     -0.258590
    560000      5.817351     -0.137756
    580000      5.840795      0.059443
    600000      5.861463      0.114740
    620000      5.940502      0.206324
    640000      5.989824      0.239095
    660000      5.976762      0.324630
    680000      5.969474      0.387484
    700000      5.997350      0.441623
    720000      5.960918      0.498153
    740000      6.008371      0.547444
    760000      6.335552      0.434984
    780000      6.390055      0.526859
    800000      6.308663      0.622823
    820000      6.453240      0.645940
    840000      6.454310      0.714163
    860000      6.458330      0.795750
    880000      6.569939      0.826626
    900000      6.631517      0.858431
    920000      6.566904      0.982790
    940000      6.651126      1.029032
    960000      6.618418      1.103968
    980000      6.650174      1.165538
   1000000      6.668741      1.234648
   1020000      6.682959      1.302443
   1040000      6.731722      1.336036
   1060000      6.696326      1.434141
   1080000      6.730871      1.490941
   1100000      6.762760      1.569582
   1120000      6.854530      1.598062
   1140000      6.730990      1.730913
   1160000      6.689760      1.802195
   1180000      6.593788      1.864885
   1200000      6.543408      1.918029
   1220000      6.545461      1.987820
   1240000      6.585054      2.061344
   1260000      6.575007      2.113697
   1280000      6.480785      2.177001
   1300000      6.471436      2.235547
   1320000      6.307888      2.209217
   1340000      6.365102      2.338917
   1360000      6.354073      2.425492
   1380000      6.252237      2.453310
   1400000      6.171286      2.490857
   1420000      6.243734      2.608582
   1440000      6.185382      2.646821
   1460000      6.216009      2.739311
   1480000      6.207564      2.813073
   1500000      6.181361      2.874924
   1520000      6.166951      2.956707
   1540000      6.074904      2.959854
   1560000      6.088376      3.034027
   1580000      6.133138      3.146586
   1600000      6.134872      3.232052
   1620000      6.085021      3.295048
   1640000      6.154395      3.377904
   1660000      6.013883      3.420586
   1680000      5.977437      3.464682
   1700000      5.898261      3.484007
   1720000      5.850903      3.528006
   1740000      5.799481      3.585691
   1760000      5.776756      3.676722
   1780000      5.698431      3.723720
   1800000      5.610060      3.747979
   1820000      5.661019      3.878671
   1840000      5.534796      3.854811
   1860000      5.544683      3.951935
   1880000      5.520626      4.009539
   1900000      5.457047      4.055136
   1920000      5.484676      4.158911
   1940000      5.436962      4.197374
   1960000      5.402815      4.267981
   1980000      5.286499      4.263241
   2000000      5.263153      4.321167
   2020000      5.160810      4.283819
   2040000      5.150047      4.394179
   2060000      5.100708      4.438530
   2080000      5.111209      4.543907
   2100000      5.218631      4.662574
   2120000      5.256928      4.732664
   2140000      5.190244      4.816069
   2160000      5.213211      4.894638
   2180000      5.184902      4.991911
   2200000      5.052893      5.050757
   2220000      5.090041      5.142397
   2240000      5.105172      5.207316
   2260000      5.073218      5.276634
   2280000      4.935992      5.330716
   2300000      4.929097      5.384602
   2320000      4.966399      5.474593
   2340000      4.977594      5.542884
   2360000      4.979516      5.615829
   2380000      5.079960      5.710988
   2400000      5.112777      5.778486
   2420000      5.186708      5.854615
   2440000      5.217414      5.920003
   2460000      5.197231      5.976612
   2480000      5.155592      6.069259
   2500000      5.120079      6.114253
   2520000      5.154063      6.191845
   2540000      5.173417      6.265433
   2560000      5.257717      6.342948
   2580000      5.244758      6.412994
   2600000      5.150265      6.452579
   2620000      5.070271      6.562916
   2640000      5.065162      6.622919
   2660000      5.142078      6.737964
   2680000      5.192515      6.821645
   2700000      5.205592      6.899547
   2720000      5.226492      6.973929
   2740000      5.237067      7.040358
   2760000      5.194631      7.097278
   2780000      5.421428      7.161980
   2800000      5.441781      7.230966
   2820000      5.475010      7.282438
   2840000      5.479476      7.337129
   2860000      5.422718      7.438869
   2880000      5.406698      7.507219
   2900000      5.384242      7.607362
   2920000      5.401226      7.654876
   2940000      5.357389      7.710900
   2960000      5.328201      7.801466
   2980000      5.243606      7.878876
   3000000      5.275623      7.950868
   3020000      5.277027      8.018462
   3040000      5.187879      8.085663
   3060000      5.216144      8.143238
   3080000      5.185260      8.201001
   3100000      5.296450      8.261872
   3120000      5.309159      8.331876
   3140000      5.334703      8.386903
   3160000      5.222640      8.471485
   3180000      5.010004      8.490434
   3200000      4.952802      8.490388
   3220000      4.900738      8.531602
   3240000      4.868548      8.590554
   3260000      4.913425      8.721534
   3280000      4.794432      8.711428
   3300000      4.824315      8.838704
   3320000      4.897963      8.970312
   3340000      4.881398      9.031793
   3360000      4.669232      9.009046
   3380000      4.598712      9.055963
   3400000      4.547014      9.096164
   3420000      4.490205      9.127891
   3440000      4.567178      9.255342
   3460000      4.414722      9.235000
   3480000      4.320635      9.204833
   3500000      4.320399      9.317844
   3520000      4.205371      9.243964
   3540000      4.133014      9.215525
   3560000      4.121655      9.345892
   3580000      4.119895      9.467701
   3600000      3.980340      9.437786
   3620000      3.931418      9.450303
   3640000      3.866931      9.425837
   3660000      3.793943      9.361427
   3680000      3.756462      9.538956
   3700000      3.692080      9.545514
   3720000      3.666166      9.638479
   3740000      3.626599      9.672633
   3760000      3.534941      9.686756
   3780000      3.443093      9.646471
   3800000      3.351200      9.556952
   3820000      3.300162      9.646467
   3840000      3.220506      9.592878
   3860000      3.163098      9.644779
   3880000      3.118556      9.736993
   3900000      3.115120      9.903567
   3920000      3.052444      9.943239
   3940000      3.048648     10.043296
   3960000      3.063637     10.115329
   3980000      2.959066     10.139632
   4000000      2.879758     10.142062
   4020000      2.786819     10.137762
   4040000      2.663184     10.080304
   4060000      2.595153     10.077608
   4080000      2.521897      9.993314
   4100000      2.454602      9.981808
   4120000      2.374997     10.042064
   4140000      2.305937     10.106847
   4160000      2.248712     10.219129
   4180000      2.251558     10.365415
   4200000      2.250662     10.457517
   4220000      2.121949     10.409612
   4240000      2.138678     10.546764
   4260000      1.963025     10.417305
   4280000      1.913343     10.385845
   4300000      1.857949     10.492591
   4320000      1.863245     10.672253
   4340000      1.780885     10.706761
   4360000      1.704129     10.739200
   4380000      1.650033     10.717568
   4400000      1.633299     10.834014
   4420000      1.625088     10.922607
   4440000      1.635112     11.008290
   4460000      1.430868     10.937102
   4480000      1.391779     11.003098
   4500000      1.333700     11.042388
   4520000      1.311175     11.100676
   4540000      1.223789     11.103594
   4560000      1.049040     10.859860
   4580000      1.117038     11.138494
   4600000      1.004653     11.179306
   4620000      0.938857     11.232512
   4640000      0.914600     11.320892
   4660000      0.946543     11.431598
   4680000      0.915042     11.493821
   4700000      0.857697     11.541006
   4720000      0.902921     11.688722
   4740000      0.867457     11.745075
   4760000      0.838254     11.815378
   4780000      0.821243     11.878596
   4800000      0.782522     11.932693
   4820000      0.678550     11.940369
   4840000      0.558771     11.913867
   4860000      0.532326     11.996520
   4880000      0.429318     11.969933
   4900000      0.492767     12.161440
   4920000      0.485604     12.243157
   4940000      0.432073     12.291963
   4960000      0.402519     12.333291
   4980000      0.314911     12.329692
   5000000      0.198885     12.299453
   5020000      0.146854     12.278041
   5040000      0.066273     12.227942
   5060000      0.015603     12.134332
   5080000     -0.037471     12.097773
   5100000     -0.101573     12.113788
   5120000     -0.182079     12.364570
   5140000     -0.250578     12.405581
   5160000     -0.272374     12.558663
   5180000     -0.307056     12.627283
   5200000     -0.326807     12.709227
   5220000     -0.416912     12.712915
   5240000     -0.451790     12.769745
   5260000     -0.503272     12.792768
   5280000     -0.572417     12.853876
   5300000     -0.733677     12.740986
   5320000     -0.780151     12.776801
   5340000     -0.761221     12.870929
   5360000     -0.843476     12.889032
   5380000     -0.949369     12.874037
   5400000     -0.989416     12.908817
   5420000     -1.127496     12.850333
   5440000     -1.221233     12.844250
   5460000     -1.231963     12.948737
   5480000     -1.154558     13.086773
   5500000     -1.170960     13.160229
   5520000     -1.266491     13.150918
   5540000     -1.207087     13.273431
   5560000     -1.229819     13.334776
   5580000     -1.336136     13.335025
   5600000     -1.367135     13.382514
   5620000     -1.410056     13.455080
   5640000     -1.306957     13.616671
   5660000     -1.307502     13.675824
   5680000     -1.341423     13.741460
   5700000     -1.450341     13.749001
   5720000     -1.300480     13.850779
   5740000     -1.298769     13.907582
   5760000     -1.305651     13.993966
   5780000     -1.725918     13.939771
   5800000     -1.831483     13.941592
   5820000     -1.928126     13.942128
   5840000     -2.087567     13.842804
   5860000     -2.042784     14.013823
   5880000     -2.156171     13.957412
   5900000     -2.212979     14.006767
   5920000     -2.195153     14.138558
   5940000     -2.290535     14.147710
   5960000     -2.362692     14.170512
   5980000     -2.357845     14.287736
   6000000     -2.426184     14.294671
