         0      4.000000      0.000000
     20000      4.005095     -0.011247
     40000      4.004756     -0.014013
     60000      4.008673     -0.006339
     80000      4.010522     -0.002007
    100000      4.011579      0.000593
    120000      4.009996      0.005009
    140000      4.010727      0.004494
    160000      4.014503     -0.001949
    180000      4.015820      0.002263
    200000      4.015775      0.004681
    220000      4.011075      0.004172
    240000      4.012008      0.018645
    260000      4.004122      0.031237
    280000      4.024182      0.009720
    300000      4.032871     -0.000696
    320000      4.049462     -0.013335
    340000      4.065332      0.015800
    360000      4.079553      0.017205
    380000      4.086744      0.097202
    400000      4.110232      0.065758
    420000      4.147747      0.018007
    440000      4.157758     -0.079829
    460000      4.165544     -0.094344
    480000      4.175314     -0.135109
    500000      4.186272     -0.146026
    520000      4.228051      0.016600
    540000      4.223357      0.222188
    560000      4.241076      0.238148
    580000      4.251711      0.245108
    600000      4.158893      0.477535
    620000      4.232262      0.403108
    640000      4.237758      0.434827
    660000      4.250561      0.454397
    680000      4.271908      0.426072
    700000      4.282891      0.429143
    720000      4.216671      0.546657
    740000      4.318192      0.452052
    760000      4.322078      0.470940
    780000      4.327188      0.506825
    800000      4.311686      0.545426
    820000      4.285779      0.591154
    840000      4.289000      0.610417
    860000      4.405057      0.510759
    880000      4.408133      0.535751
    900000      4.412086      0.555114
    920000      4.439785      0.545577
    940000      4.377536      0.611843
    960000      4.382647      0.623562
    980000      4.490239      0.552645
   1000000      4.499679      0.569689
   1020000      4.532373      0.571001
   1040000      4.569159      0.527008
   1060000      4.583397      0.529965
   1080000      4.605350      0.511363
   1100000      4.613059      0.511872
   1120000      4.631937      0.519439
   1140000      4.639843      0.532863
   1160000      4.662877      0.533435
   1180000      4.645303      0.610877
   1200000      4.669744      0.623504
   1220000      4.696910      0.612702
   1240000      4.697697      0.659509
   1260000      4.729133      0.616798
   1280000      4.742995      0.623414
   1300000      4.758151      0.625763
   1320000      4.769436      0.634506
   1340000      4.783716      0.628818
   1360000      4.791454      0.628258
   1380000      4.808479      0.634732
   1400000      4.824953      0.664367
   1420000      4.756949      0.845232
   1440000      4.765194      0.849575
   1460000      4.734155      0.894253
   1480000      4.848310      0.802558
   1500000      4.825338      0.823949
   1520000      4.882582      0.792636
   1540000      4.900208      0.786631
   1560000      4.829919      0.891925
   1580000      4.819421      0.905875
   1600000      4.828462      0.917481
   1620000      4.961382      0.813701
   1640000      5.033258      0.666203
   1660000      5.027319      0.776789
   1680000      5.060776      0.746491
   1700000      5.084634      0.734118
   1720000      5.085345      0.800371
   1740000      5.115081      0.789523
   1760000      5.131851      0.791130
   1780000      5.149162      0.789643
   1800000      5.180394      0.779262
   1820000      5.199977      0.784729
   1840000      5.216199      0.802701
   1860000      5.232155      0.810810
   1880000      5.242198      0.820497
   1900000      5.213082      0.880581
   1920000      5.239434      0.880183
   1940000      5.244773      0.896238
   1960000      5.208048      0.941389
   1980000      5.221044      0.949361
   2000000      5.250103      0.939896
   2020000      5.282493      0.938260
   2040000      5.314595      0.917354
   2060000      5.350311      0.907608
   2080000      5.328092      0.946010
   2100000      5.341132      0.952340
   2120000      5.287316      1.041774
   2140000      5.276121      1.067976
   2160000      5.239893      1.104896
   2180000      5.250343      1.106460
   2200000      5.313488      1.079498
   2220000      5.299508      1.113295
   2240000      5.294586      1.139718
   2260000      5.373550      1.114572
   2280000      5.425860      1.073759
   2300000      5.428497      1.095980
   2320000      5.441226      1.106985
   2340000      5.429904      1.138197
   2360000      5.430443      1.152405
   2380000      5.448283      1.159415
   2400000      5.430396      1.172493
   2420000      5.548225      1.079549
   2440000      5.553831      1.105108
   2460000      5.572236      1.109455
   2480000      5.576780      1.132840
   2500000      5.575136      1.156584
   2520000      5.629198      1.118455
   2540000      5.555863      1.217644
   2560000      5.562443      1.229957
   2580000      5.596374      1.225974
   2600000      5.601313      1.235792
   2620000      5.610853      1.241158
   2640000      5.585714      1.283945
   2660000      5.622192      1.262697
   2680000      5.583252      1.322559
   2700000      5.501853      1.358153
   2720000      5.525170      1.381157
   2740000      5.663021      1.312825
   2760000      5.725301      1.268715
   2780000      5.725432      1.298473
   2800000      5.721429      1.328395
   2820000      5.714507      1.359194
   2840000      5.732363      1.355536
   2860000      5.724211      1.373993
   2880000      5.696332      1.404599
   2900000      5.724469      1.409191
   2920000      5.739913      1.420926
   2940000      5.812158      1.389099
   2960000      5.732831      1.459301
   2980000      5.732410      1.475336
   3000000      5.737506      1.491292
   3020000      5.753453      1.503207
   3040000      5.753799      1.520429
   3060000      5.776877      1.521998
   3080000      5.775203      1.532045
   3100000      5.744716      1.580249
   3120000      5.797991      1.587162
   3140000      5.805858      1.599842
   3160000      5.789600      1.620314
   3180000      5.791255      1.635386
   3200000      5.780430      1.653797
   3220000      5.824500      1.643147
   3240000      5.838086      1.642026
   3260000      5.856608      1.647155
   3280000      5.898563      1.651249
   3300000      5.810666      1.704154
   3320000      5.872540      1.688907
   3340000      5.841316      1.722911
   3360000      5.903128      1.719288
   3380000      5.924399      1.717967
   3400000      5.966741      1.708174
   3420000      5.881382      1.783072
   3440000      5.883687      1.800955
   3460000      5.909989      1.802010
   3480000      5.999068      1.772093
   3500000      5.989024      1.793650
   3520000      5.955243      1.845710
   3540000      6.037382      1.796208
   3560000      5.974389      1.859091
   3580000      6.025773      1.858964
   3600000      6.076642      1.841563
   3620000      6.047616      1.890651
   3640000      6.052905      1.902890
   3660000      6.068867      1.907457
   3680000      6.055894      1.928366
   3700000      6.116834      1.910314
   3720000      6.047644      1.983603
   3740000      5.893572      2.055566
   3760000      5.965523      2.055785
   3780000      5.873352      2.112243
   3800000      5.957428      2.096302
   3820000      5.973756      2.113327
   3840000      5.963338      2.131922
   3860000      5.979893      2.146637
   3880000      5.831190      2.207502
   3900000      5.818247      2.235968
   3920000      5.955385      2.208323
   3940000      5.812975      2.262891
   3960000      5.881681      2.255281
   3980000      5.979479      2.256719
   4000000      5.985908      2.272901
   4020000      6.000113      2.282450
   4040000      6.033560      2.277156
   4060000      5.694387      2.358870
   4080000      5.836101      2.374492
   4100000      5.816127      2.392558
   4120000      5.891793      2.404805
   4140000      5.884738      2.420906
   4160000      5.860937      2.430270
   4180000      5.881527      2.442373
   4200000      5.854405      2.448071
   4220000      5.827280      2.454296
   4240000      5.787444      2.456822
   4260000      5.906064      2.513018
   4280000      5.978006      2.525498
   4300000      6.027251      2.526136
   4320000      5.833587      2.565350
   4340000      5.960496      2.584246
   4360000      5.911933      2.606364
   4380000      5.928185      2.612341
   4400000      5.888620      2.632430
   4420000      5.791377      2.631163
   4440000      5.844523      2.649323
   4460000      5.761459      2.643233
   4480000      5.909772      2.681566
   4500000      6.104541      2.642046
   4520000      6.050867      2.682089
   4540000      6.048439      2.699293
   4560000      6.065824      2.718541
   4580000      6.041147      2.734597
   4600000      6.068379      2.745075
   4620000      6.069660      2.752055
   4640000      6.088862      2.757453
   4660000      6.078203      2.784998
   4680000      6.110308      2.784993
   4700000      6.128475      2.788991
   4720000      6.145828      2.802930
   4740000      6.122941      2.823538
   4760000      6.093664      2.846608
   4780000      6.132981      2.845597
   4800000      6.143376      2.856146
   4820000      5.991110      2.912889
   4840000      5.993661      2.931278
   4860000      5.984307      2.943713
   4880000      6.003647      2.961532
   4900000      5.989724      2.979335
   4920000      6.015854      2.998121
   4940000      6.003701      3.012090
   4960000      5.962869      3.021184
   4980000      6.021757      3.033066
   5000000      6.101089      2.999773
   5020000      6.102648      2.994114
   5040000      6.115611      3.007808
   5060000      6.131691      2.994145
   5080000      6.098599      3.047401
   5100000      6.112776      3.061334
   5120000      6.122503      3.077415
   5140000      6.137253      3.066396
   5160000      6.152533      3.077108
   5180000      6.159537      3.102780
   5200000      6.160408      3.124829
   5220000      6.168822      3.138837
   5240000      6.169125      3.167507
   5260000      6.121505      3.213938
   5280000      6.135109      3.212278
   5300000      6.200494      3.186449
   5320000      6.199333      3.213081
   5340000      6.205059      3.228005
   5360000      6.217412      3.236049
   5380000      6.228327      3.236165
   5400000      6.129353      3.329065
   5420000      6.142141      3.334366
   5440000      6.124720      3.369028
   5460000      6.124726      3.380145
   5480000      6.105531      3.403341
   5500000      5.984726      3.458053
   5520000      6.046149      3.464807
   5540000      6.019272      3.484754
   5560000      6.009655      3.506206
   5580000      5.983210      3.519552
   5600000      6.075791      3.522820
   5620000      6.068653      3.542334
   5640000      6.019831      3.577895
   5660000      6.028228      3.591857
   5680000      5.992717      3.612974
   5700000      6.012598      3.627614
   5720000      5.913792      3.628567
   5740000      5.832302      3.644802
   5760000      5.805551      3.661332
   5780000      5.909660      3.694794
   5800000      5.818763      3.695366
   5820000      5.859481      3.715210
   5840000      5.859184      3.730222
   5860000      5.860881      3.743536
   5880000      5.853812      3.753399
   5900000      5.855628      3.762752
   5920000      5.877207      3.773774
   5940000      5.830598      3.785511
   5960000      5.837247      3.801578
   5980000      5.851190      3.810234
   6000000      5.849354      3.828001
   6020000      5.921186      3.840633
   6040000      5.946310      3.859451
   6060000      6.023237      3.858975
   6080000      6.010527      3.875835
   6100000      5.956147      3.911865
   6120000      5.965977      3.921365
   6140000      5.952774      3.932775
   6160000      5.827262      3.943942
   6180000      5.670822      3.948950
   6200000      5.613228      3.948960
   6220000      5.589288      3.954925
   6240000      5.626841      3.991198
   6260000      5.566660      3.969847
   6280000      5.576872      3.992454
   6300000      5.625601      4.042266
   6320000      5.634161      4.061079
   6340000      5.590729      4.053014
   6360000      5.627437      4.099081
   6380000      5.662801      4.134039
   6400000      5.690176      4.157617
   6420000      5.870787      4.184555
   6440000      5.926217      4.195985
   6460000      5.984083      4.186558
   6480000      5.998293      4.191746
   6500000      5.839984      4.240932
   6520000      5.882366      4.259119
   6540000      5.766319      4.276524
   6560000      5.690214      4.281093
   6580000      5.712645      4.311587
   6600000      5.688225      4.325902
   6620000      5.709197      4.348689
   6640000      5.715245      4.360172
   6660000      5.665898      4.360357
   6680000      5.650970      4.364497
   6700000      5.628298      4.363576
   6720000      5.665335      4.407953
   6740000      5.720558      4.430771
   6760000      5.744986      4.452748
   6780000      5.731725      4.468304
   6800000      5.712701      4.471331
   6820000      5.709066      4.494137
   6840000      5.710251      4.507349
   6860000      5.694208      4.516049
   6880000      5.705899      4.530410
   6900000      5.676460      4.543501
   6920000      5.653005      4.553702
   6940000      5.648515      4.567681
   6960000      5.677663      4.582330
   6980000      5.666702      4.600340
   7000000      5.705131      4.611873
   7020000      5.721454      4.626541
   7040000      5.619988      4.634588
   7060000      5.693858      4.666582
   7080000      5.679999      4.675965
   7100000      5.701279      4.694831
   7120000      5.650587      4.709535
   7140000      5.670629      4.722188
   7160000      5.738834      4.744496
   7180000      5.728403      4.754813
   7200000      5.619736      4.759448
   7220000      5.652923      4.784960
   7240000      5.650112      4.792176
   7260000      5.612427      4.807835
   7280000      5.615431      4.823293
   7300000      5.604720      4.837731
   7320000      5.609667      4.850205
   7340000      5.592067      4.857982
   7360000      5.592785      4.875796
   7380000      5.596023      4.889112
   7400000      5.563644      4.892275
   7420000      5.596919      4.912753
   7440000      5.670874      4.937333
   7460000      5.535369      4.932423
   7480000      5.498401      4.932485
   7500000      5.583536      4.967849
   7520000      5.545834      4.975794
   7540000      5.547244      4.985295
   7560000      5.552220      4.990701
   7580000      5.698591      5.030466
   7600000      5.723063      5.036113
   7620000      5.625491      5.069966
   7640000      5.664453      5.076801
   7660000      5.663298      5.096599
   7680000      5.640215      5.101510
   7700000      5.583139      5.112025
   7720000      5.471940      5.130708
   7740000      5.428344      5.133906
   7760000      5.404884      5.140643
   7780000      5.367183      5.157401
   7800000      5.311722      5.132259
   7820000      5.172094      5.053683
   7840000      5.300401      5.180499
   7860000      5.273347      5.181212
   7880000      5.290267      5.196595
   7900000      5.299388      5.216847
   7920000      5.310076      5.226561
   7940000      5.186370      5.188327
   7960000      5.167301      5.201605
   7980000      5.204351      5.230353
   8000000      5.206694      5.237947
   8020000      5.087116      5.197805
   8040000      5.058938      5.180142
   8060000      5.039125      5.188578
   8080000      4.968834      5.107333
   8100000      4.996928      5.189631
   8120000      4.993406      5.208125
   8140000      4.978931      5.207157
   8160000      4.925483      5.163828
   8180000      4.908126      5.150027
   8200000      4.900961      5.170108
   8220000      4.885560      5.188358
   8240000      4.869572      5.191166
   8260000      4.862491      5.214793
   8280000      4.842480      5.193033
   8300000      4.834794      5.169883
   8320000      4.836012      5.194503
   8340000      4.905281      5.345126
   8360000      4.952009      5.424602
   8380000      4.895601      5.387896
   8400000      4.885114      5.401910
   8420000      4.867827      5.395580
   8440000      4.846614      5.387603
   8460000      4.818245      5.377437
   8480000      4.804965      5.371414
   8500000      4.793449      5.372444
   8520000      4.818151      5.450806
   8540000      4.821337      5.477694
   8560000      4.828077      5.504314
   8580000      4.814206      5.510926
   8600000      4.803206      5.529725
   8620000      4.789969      5.536305
   8640000      4.727758      5.497050
   8660000      4.751682      5.542666
   8680000      4.723456      5.564810
   8700000      4.775495      5.612598
   8720000      4.803727      5.632180
   8740000      4.795046      5.656706
   8760000      4.770215      5.660363
   8780000      4.769834      5.686572
   8800000      4.735906      5.687603
   8820000      4.698490      5.671909
   8840000      4.737353      5.708836
   8860000      4.690045      5.698055
   8880000      4.665045      5.702492
   8900000      4.643100      5.701712
   8920000      4.692401      5.749313
   8940000      4.689985      5.759561
   8960000      4.684628      5.766808
   8980000      4.688548      5.774698
   9000000      4.686949      5.777485
   9020000      4.689994      5.793187
   9040000      4.576074      5.743619
   9060000      4.604894      5.790574
   9080000      4.549597      5.772687
   9100000      4.656111      5.836766
   9120000      4.361526      5.639646
   9140000      4.324549      5.624123
   9160000      4.288267      5.580311
   9180000      4.274300      5.590266
   9200000      4.275634      5.621580
   9220000      4.280826      5.647224
   9240000      4.267918      5.645367
   9260000      4.239009      5.619231
   9280000      4.204508      5.574354
   9300000      4.199506      5.601159
   9320000      4.203600      5.656482
   9340000      4.204070      5.690461
   9360000      4.204212      5.708811
   9380000      4.192357      5.723439
   9400000      4.246925      5.820744
   9420000      4.264485      5.854253
   9440000      4.211990      5.824603
   9460000      4.210764      5.846458
   9480000      4.205418      5.860131
   9500000      4.182831      5.856213
   9520000      4.168973      5.854271
   9540000      4.174285      5.875248
   9560000      4.130757      5.830381
   9580000      4.128463      5.868416
   9600000      4.104137      5.856448
   9620000      4.146412      5.937660
   9640000      4.139368      5.946196
   9660000      4.142957      5.959884
   9680000      4.142048      5.973583
   9700000      4.099323      5.967412
   9720000      4.092685      5.980342
   9740000      4.068425      5.984944
   9760000      4.081476      6.020657
   9780000      4.037138      5.998510
   9800000      4.070018      6.052574
   9820000      4.092437      6.074428
   9840000      4.103137      6.100244
   9860000      3.973850      6.029577
   9880000      3.981228      6.064002
   9900000      3.961532      6.059281
   9920000      3.936481      6.065048
   9940000      3.918931      6.062788
   9960000      3.919542      6.060996
   9980000      3.899085      6.091426
  10000000      3.889407      6.099438
