         0      4.000000      0.000000
     20000      4.044214     -0.004210
     40000      4.131479     -0.045280
     60000      4.185508     -0.098762
     80000      4.228814      0.058493
    100000      4.315914     -0.131927
    120000      4.385504     -0.225381
    140000      4.397152     -0.358940
    160000      4.550355     -0.209590
    180000      4.601972     -0.282740
    200000      4.640727     -0.352566
    220000      4.715085     -0.365600
    240000      4.775292     -0.390415
    260000      4.829600     -0.451106
    280000      4.892582     -0.465748
    300000      4.826213     -0.623242
    320000      4.885953     -0.671044
    340000      4.963003     -0.690715
    360000      5.054546     -0.700861
    380000      5.051842     -0.815781
    400000      5.167909     -0.788749
    420000      5.274367     -0.677976
    440000      5.340627     -0.754766
    460000      5.419724     -0.605489
    480000      5.499914     -0.681860
    500000      5.574570     -0.737028
    520000      5.656573     -0.757189
    540000      5.724890     -0.769074
    560000      5.768901     -0.577888
    580000      5.875287     -0.706988
    600000      5.892114     -0.806845
    620000      6.014865     -0.776535
    640000      6.071409     -0.804151
    660000      6.141405     -0.798989
    680000      6.229620     -0.764487
    700000      6.312469     -0.790096
    720000      6.382540     -0.792085
    740000      6.465763     -0.800875
    760000      6.537423     -0.737177
    780000      6.607704     -0.786607
    800000      6.665189     -0.849363
    820000      6.737967     -0.876028
    840000      6.823862     -0.846226
    860000      6.895204     -0.845769
    880000      6.964189     -0.916964
    900000      6.968549     -1.087257
    920000      7.041024     -1.100698
    940000      7.096056     -1.138541
    960000      7.144684     -1.221465
    980000      7.154453     -1.319736
   1000000      7.264787     -1.326523
   1020000      7.323477     -1.364777
   1040000      7.409877     -1.337560
   1060000      7.375393     -1.511466
   1080000      7.467045     -1.522334
   1100000      7.537477     -1.563631
   1120000      7.564875     -1.633646
   1140000      7.614347     -1.665283
   1160000      7.668255     -1.691109
   1180000      7.714510     -1.717899
   1200000      7.694125     -1.847012
   1220000      7.722214     -1.892482
   1240000      7.730363     -1.972849
   1260000      7.746105     -2.055242
   1280000      7.785986     -2.103646
   1300000      7.856980     -2.130360
   1320000      7.822857     -2.249014
   1340000      7.921310     -2.241468
   1360000      7.978384     -2.255101
   1380000      8.040384     -2.249754
   1400000      8.080968     -2.325971
   1420000      8.079893     -2.452605
   1440000      8.176940     -2.345191
   1460000      8.234921     -2.275480
   1480000      8.310931     -2.355283
   1500000      8.360355     -2.408371
   1520000      8.416996     -2.519668
   1540000      8.486491     -2.533717
   1560000      8.492477     -2.624528
   1580000      8.658305     -2.519890
   1600000      8.728776     -2.525404
   1620000      8.792079     -2.553469
   1640000      8.865471     -2.490224
   1660000      8.953949     -2.515143
   1680000      9.004397     -2.585958
   1700000      9.086934     -2.459372
   1720000      9.135976     -2.625699
   1740000      9.249894     -2.537710
   1760000      9.317870     -2.569299
   1780000      9.400171     -2.496384
   1800000      9.462222     -2.399194
   1820000      9.547213     -2.531603
   1840000      9.593931     -2.483633
   1860000      9.693490     -2.523746
   1880000      9.743517     -2.494752
   1900000      9.804199     -2.575485
   1920000      9.887634     -2.505201
   1940000      9.935200     -2.440894
   1960000     10.030060     -2.500488
   1980000     10.102315     -2.470432
   2000000     10.149126     -2.652240
   2020000     10.233933     -2.652103
   2040000     10.255279     -2.781069
   2060000     10.361139     -2.721170
   2080000     10.438752     -2.704341
   2100000     10.504468     -2.698966
   2120000     10.556615     -2.751186
   2140000     10.629446     -2.752921
   2160000     10.705124     -2.705575
   2180000     10.770619     -2.728395
   2200000     10.806991     -2.776987
   2220000     10.869773     -2.792719
   2240000     10.901546     -2.867488
   2260000     10.904635     -2.972155
   2280000     10.918558     -3.047513
   2300000     11.012762     -3.058655
   2320000     11.025983     -3.136916
   2340000     10.989331     -3.246645
   2360000     11.108571     -3.297392
   2380000     11.144969     -3.343071
   2400000     11.225598     -3.370750
   2420000     11.321926     -3.393277
   2440000     11.408434     -3.403787
   2460000     11.475799     -3.419749
   2480000     11.555454     -3.373298
   2500000     11.584491     -3.511275
   2520000     11.648121     -3.564950
   2540000     11.711583     -3.569737
   2560000     11.775381     -3.607316
   2580000     11.803651     -3.662795
   2600000     11.831904     -3.737614
   2620000     11.851852     -3.793119
   2640000     11.983729     -3.769440
   2660000     12.010580     -3.850992
   2680000     11.983129     -3.996431
   2700000     11.952234     -4.064616
   2720000     12.031563     -4.108414
   2740000     12.203630     -4.110881
   2760000     12.283154     -4.132994
   2780000     12.328154     -4.197032
   2800000     12.335664     -4.275989
   2820000     12.334346     -4.379881
   2840000     12.356465     -4.443732
   2860000     12.396564     -4.507425
   2880000     12.438718     -4.561428
   2900000     12.382715     -4.628369
   2920000     12.417803     -4.709505
   2940000     12.367394     -4.784358
   2960000     12.399362     -4.859569
   2980000     12.459975     -4.909024
   3000000     12.416468     -5.002118
   3020000     12.454879     -5.064207
   3040000     12.460211     -5.141662
   3060000     12.333920     -5.231870
   3080000     12.315383     -5.287475
   3100000     12.219455     -5.343272
   3120000     12.183335     -5.390736
   3140000     12.109891     -5.422501
   3160000     12.047630     -5.455743
   3180000     12.012337     -5.503018
   3200000     11.877911     -5.466298
   3220000     11.826173     -5.512448
   3240000     11.793908     -5.600286
   3260000     11.742514     -5.646817
   3280000     11.686678     -5.712947
   3300000     11.634403     -5.736633
   3320000     11.603181     -5.823439
   3340000     11.615678     -5.911355
   3360000     11.528903     -5.927798
   3380000     11.360391     -5.874653
   3400000     11.355949     -5.979463
   3420000     11.278505     -5.972182
   3440000     11.244175     -6.066257
   3460000     11.194842     -6.098310
   3480000     11.176122     -6.163912
   3500000     11.135305     -6.213211
   3520000     11.074849     -6.256452
   3540000     11.051742     -6.332626
   3560000     11.007215     -6.398631
   3580000     10.927589     -6.411580
   3600000     10.823345     -6.371173
   3620000     10.757795     -6.420703
   3640000     10.662479     -6.387580
   3660000     10.595504     -6.405843
   3680000     10.558105     -6.443057
   3700000     10.483619     -6.446476
   3720000     10.391270     -6.392192
   3740000     10.350186     -6.482479
   3760000     10.259202     -6.410278
   3780000     10.233452     -6.434770
   3800000     10.133827     -6.344326
   3820000     10.067452     -6.296714
   3840000     10.018616     -6.312065
   3860000     10.003398     -6.084122
   3880000      9.967505     -6.015400
   3900000      9.916474     -5.973843
   3920000      9.983313     -5.882647
   3940000     10.034835     -5.795308
   3960000     10.012266     -5.735256
   3980000     10.056306     -5.665777
   4000000      9.968294     -5.597361
   4020000      9.642246     -5.637283
   4040000      9.550491     -5.621785
   4060000      9.530213     -5.537389
   4080000      9.517109     -5.465485
   4100000      9.569926     -5.361778
   4120000      9.533720     -5.317316
   4140000      9.601628     -5.239091
   4160000      9.630645     -5.169386
   4180000      9.615958     -5.119158
   4200000      9.568936     -5.050248
   4220000      9.444789     -5.026890
   4240000      9.421349     -4.919076
   4260000      9.509197     -4.847493
   4280000      9.376235     -4.805279
   4300000      9.051190     -4.919808
   4320000      9.454157     -4.700088
   4340000      9.754904     -4.582585
   4360000      9.429644     -4.511368
   4380000      9.595503     -4.456271
   4400000      9.636246     -4.374353
   4420000      9.711190     -4.309510
   4440000      9.791708     -4.251704
   4460000      9.611118     -4.200181
   4480000      8.886030     -4.305314
   4500000      8.934120     -4.194133
   4520000      8.771556     -4.204774
   4540000      8.777127     -4.155267
   4560000      8.705789     -4.068769
   4580000      8.738467     -4.053175
   4600000      9.097107     -4.100142
   4620000      9.216381     -4.142268
   4640000      9.139019     -3.885420
   4660000      9.063381     -3.810871
   4680000      9.157075     -3.804174
   4700000      8.702019     -3.829871
   4720000      8.852741     -3.485637
   4740000      8.999236     -3.396592
   4760000      9.267572     -3.225107
   4780000      9.725906     -3.176702
   4800000      9.892700     -3.150258
   4820000     10.051467     -3.047194
   4840000     10.553150     -3.179703
   4860000     10.583212     -3.120220
   4880000     10.155440     -2.893374
   4900000     10.216480     -2.837127
   4920000     10.462197     -2.919422
   4940000     10.585588     -2.875036
   4960000     10.753114     -2.951121
   4980000     10.930473     -2.986251
   5000000     10.882943     -2.938122
   5020000     10.740193     -2.953186
   5040000     10.925446     -2.940146
   5060000     10.958683     -2.826774
   5080000     10.916414     -2.917354
   5100000     10.497412     -2.813839
   5120000     10.611001     -2.792777
   5140000     10.434128     -2.533140
   5160000     10.712698     -2.575497
   5180000     10.697834     -2.592551
   5200000     10.793426     -2.726896
   5220000     11.056290     -2.942960
   5240000     11.026318     -2.701869
   5260000     11.101390     -2.686989
   5280000     11.078299     -2.697488
   5300000     11.311511     -2.931973
   5320000     10.955098     -2.842190
   5340000     10.951146     -2.811330
   5360000     10.670195     -2.733691
   5380000     10.802320     -2.791764
   5400000     10.992071     -2.898590
   5420000     10.358086     -2.817169
   5440000     10.210580     -2.788626
   5460000     10.501577     -2.770532
   5480000     10.406676     -2.843110
   5500000     10.110544     -2.793118
   5520000      9.958777     -2.727055
   5540000      9.897920     -2.710006
   5560000     10.229192     -2.762099
   5580000     10.178718     -2.694107
   5600000      9.998170     -2.735621
   5620000     10.166210     -2.599556
   5640000     10.004077     -2.772804
   5660000      9.609021     -2.827096
   5680000      9.597260     -3.024855
   5700000      9.690849     -2.984412
   5720000     10.215977     -2.994171
   5740000     10.253558     -3.011507
   5760000     10.244468     -2.865555
   5780000     10.296740     -2.991979
   5800000     10.377629     -2.890394
   5820000     10.305177     -2.908816
   5840000     10.720479     -2.710180
   5860000     10.592921     -2.671959
   5880000     10.821991     -2.649894
   5900000     11.041793     -3.018950
   5920000     10.386537     -2.863809
   5940000     10.725753     -2.828152
   5960000     10.301929     -2.874840
   5980000     10.804266     -2.912564
   6000000     10.546121     -2.983377
