         0      4.000000      0.000000
     20000      4.059372     -0.042081
     40000      4.133744     -0.059521
     60000      4.202720     -0.122672
     80000      4.248241     -0.194297
    100000      4.300597     -0.263660
    120000      4.343249     -0.308588
    140000      4.388344     -0.353718
    160000      4.400028     -0.423548
    180000      4.453345     -0.472797
    200000      4.537731     -0.486629
    220000      4.460484     -0.618784
    240000      4.518134     -0.693266
    260000      4.476904     -0.799868
    280000      4.507827     -0.866632
    300000      4.415859     -0.945487
    320000      4.439290     -1.029619
    340000      4.465543     -1.098927
    360000      4.306212     -1.158805
    380000      4.435357     -1.244645
    400000      4.426238     -1.327149
    420000      4.418039     -1.382401
    440000      4.478228     -1.441314
    460000      4.446318     -1.519699
    480000      4.440324     -1.600236
    500000      4.520478     -1.649078
    520000      4.586668     -1.686366
    540000      4.621103     -1.715199
    560000      4.675250     -1.779114
    580000      4.679261     -1.845661
    600000      4.728361     -1.934992
    620000      4.721950     -2.003998
    640000      4.733651     -2.059899
    660000      4.736592     -2.104749
    680000      4.659808     -2.170605
    700000      4.712355     -2.243232
    720000      4.871009     -2.285568
    740000      4.941665     -2.337108
    760000      4.924648     -2.419586
    780000      4.957187     -2.476052
    800000      5.006027     -2.533445
    820000      5.023555     -2.604608
    840000      5.033915     -2.671855
    860000      5.044329     -2.742429
    880000      5.075099     -2.809773
    900000      5.047678     -2.876391
    920000      5.051131     -2.945090
    940000      5.119837     -2.998248
    960000      5.116168     -3.074340
    980000      5.167333     -3.147853
   1000000      5.220714     -3.216005
   1020000      5.243534     -3.282879
   1040000      5.281720     -3.340015
   1060000      5.296546     -3.408223
   1080000      5.294196     -3.469908
   1100000      5.289800     -3.530181
   1120000      5.257326     -3.612527
   1140000      5.276630     -3.680896
   1160000      5.258101     -3.735858
   1180000      5.264601     -3.809141
   1200000      5.245595     -3.880955
   1220000      5.346925     -3.939433
   1240000      5.307701     -4.001856
   1260000      5.161936     -4.086834
   1280000      5.130825     -4.160371
   1300000      5.091140     -4.232879
   1320000      5.020858     -4.287591
   1340000      4.964085     -4.306894
   1360000      4.963935     -4.410658
   1380000      4.916432     -4.481194
   1400000      4.900640     -4.558777
   1420000      4.868442     -4.615244
   1440000      4.864593     -4.698191
   1460000      4.817647     -4.746926
   1480000      4.862916     -4.846657
   1500000      4.673753     -4.745492
   1520000      4.692898     -4.897260
   1540000      4.735130     -4.991700
   1560000      4.752692     -5.076765
   1580000      4.897601     -5.155682
   1600000      4.884706     -5.215254
   1620000      4.900045     -5.292903
   1640000      4.867071     -5.345825
   1660000      4.908509     -5.405600
   1680000      4.867328     -5.482858
   1700000      4.903530     -5.562401
   1720000      4.865155     -5.634459
   1740000      4.852666     -5.714777
   1760000      4.782157     -5.769921
   1780000      4.829624     -5.858494
   1800000      4.887872     -5.909129
   1820000      4.910020     -5.974834
   1840000      4.943474     -6.033696
   1860000      5.044343     -6.063323
   1880000      5.099883     -6.060506
   1900000      5.179811     -6.097839
   1920000      5.228499     -6.107343
   1940000      5.312618     -6.133669
   1960000      5.462577     -6.031898
   1980000      5.509996     -6.087310
   2000000      5.533129     -6.166518
   2020000      5.587504     -6.192938
   2040000      5.654027     -6.202954
   2060000      5.712100     -6.225497
   2080000      5.787690     -6.225060
   2100000      5.861440     -6.150046
   2120000      5.915456     -6.080564
   2140000      5.971980     -6.078104
   2160000      6.039115     -6.081184
   2180000      6.046500     -5.965671
   2200000      6.076817     -5.895178
   2220000      6.096866     -5.835543
   2240000      6.084150     -5.777276
   2260000      6.120248     -5.719871
   2280000      6.172797     -5.676343
   2300000      6.180912     -5.618332
   2320000      6.145680     -5.562462
   2340000      6.191079     -5.493957
   2360000      6.379403     -5.521677
   2380000      6.503891     -5.535933
   2400000      6.550191     -5.493391
   2420000      6.437850     -5.319609
   2440000      6.521450     -5.294705
   2460000      6.577630     -5.252018
   2480000      6.616780     -5.195466
   2500000      6.659355     -5.152845
   2520000      6.685590     -5.096705
   2540000      6.591380     -4.983966
   2560000      6.638053     -4.928804
   2580000      6.611529     -4.846989
   2600000      6.600808     -4.769535
   2620000      6.576304     -4.688809
   2640000      6.524022     -4.614144
   2660000      6.559796     -4.538855
   2680000      6.592223     -4.461535
   2700000      6.585734     -4.385017
   2720000      6.631771     -4.319539
   2740000      6.590720     -4.272318
   2760000      6.774997     -4.215398
   2780000      6.803370     -4.151527
   2800000      6.901809     -4.164053
   2820000      6.942209     -4.119422
   2840000      6.916874     -3.998878
   2860000      6.945459     -3.938008
   2880000      6.962860     -3.838336
   2900000      6.957942     -3.759390
   2920000      7.033669     -3.735961
   2940000      7.085126     -3.688350
   2960000      7.173738     -3.677811
   2980000      7.231219     -3.649576
   3000000      7.255093     -3.610280
   3020000      7.390376     -3.638323
   3040000      7.469743     -3.678987
   3060000      7.496092     -3.520290
   3080000      7.559107     -3.490574
   3100000      7.593810     -3.430568
   3120000      7.635674     -3.364726
   3140000      7.692276     -3.325036
   3160000      7.737034     -3.270330
   3180000      7.784165     -3.214392
   3200000      7.862898     -3.213798
   3220000      7.796511     -3.069585
   3240000      7.830358     -3.013070
   3260000      8.042059     -3.076112
   3280000      8.083565     -3.023223
   3300000      8.047126     -2.901687
   3320000      8.091348     -2.846851
   3340000      8.083333     -2.776017
   3360000      8.064907     -2.676717
   3380000      8.100440     -2.627925
   3400000      8.118565     -2.551724
   3420000      8.067487     -2.494788
   3440000      8.111428     -2.410085
   3460000      8.100656     -2.351963
   3480000      8.064563     -2.285520
   3500000      8.002177     -2.219537
   3520000      8.056117     -2.135119
   3540000      8.022511     -2.070157
   3560000      7.991529     -2.009454
   3580000      7.934859     -2.006382
   3600000      7.938507     -1.924282
   3620000      7.873696     -1.907876
   3640000      7.816224     -1.831889
   3660000      7.795585     -1.749801
   3680000      7.837799     -1.642406
   3700000      7.773863     -1.607407
   3720000      7.759370     -1.518877
   3740000      7.720184     -1.481652
   3760000      7.671448     -1.443649
   3780000      7.663753     -1.354572
   3800000      7.638036     -1.281186
   3820000      7.687690     -1.193898
   3840000      7.719949     -1.115014
   3860000      7.750978     -1.029301
   3880000      7.638616     -0.993730
   3900000      7.617014     -0.930138
   3920000      7.739016     -0.838765
   3940000      7.723117     -0.772497
   3960000      7.848225     -0.709101
   3980000      7.880305     -0.644166
   4000000      7.834920     -0.589431
   4020000      7.840635     -0.535060
   4040000      7.807661     -0.478846
   4060000      7.902037     -0.369337
   4080000      7.837679     -0.304133
   4100000      7.770960     -0.265435
   4120000      7.779150     -0.161058
   4140000      7.739832     -0.092786
   4160000      7.745970     -0.004377
   4180000      7.845738      0.080787
   4200000      7.791012      0.160261
   4220000      7.774294      0.219037
   4240000      7.808872      0.285379
   4260000      7.821683      0.343036
   4280000      7.826217      0.408270
   4300000      7.784128      0.488564
   4320000      7.861884      0.551326
   4340000      7.902624      0.591233
   4360000      7.860694      0.672116
   4380000      7.833066      0.736111
   4400000      7.854729      0.796678
   4420000      7.909408      0.848551
   4440000      7.884068      0.907936
   4460000      7.925882      0.962445
   4480000      7.901280      1.049368
   4500000      8.028292      1.075127
   4520000      7.953784      1.192323
   4540000      7.916221      1.256393
   4560000      7.951390      1.325866
   4580000      8.009035      1.371245
   4600000      8.031176      1.442859
   4620000      8.056075      1.500095
   4640000      8.132722      1.542543
   4660000      8.077457      1.660556
   4680000      8.084147      1.723837
   4700000      8.055164      1.801957
   4720000      8.047548      1.874754
   4740000      8.084082      1.939557
   4760000      8.063366      2.004081
   4780000      8.108316      2.069711
   4800000      8.149959      2.127295
   4820000      8.165954      2.188843
   4840000      8.131952      2.267477
   4860000      8.055216      2.333724
   4880000      8.038510      2.405388
   4900000      8.040616      2.467292
   4920000      8.231610      2.545442
   4940000      8.246075      2.609631
   4960000      8.238335      2.690848
   4980000      8.180165      2.753309
   5000000      8.304237      2.823704
   5020000      8.286556      2.894023
   5040000      8.241861      2.960287
   5060000      8.288777      3.041063
   5080000      8.304359      3.107624
   5100000      8.410350      3.163473
   5120000      8.432800      3.230459
   5140000      8.477055      3.274273
   5160000      8.432121      3.361081
   5180000      8.338315      3.430675
   5200000      8.366197      3.500584
   5220000      8.265150      3.554640
   5240000      8.326498      3.637499
   5260000      8.322362      3.693885
   5280000      8.320409      3.759453
   5300000      8.359165      3.818501
   5320000      8.251258      3.896453
   5340000      8.311732      3.971032
   5360000      8.300144      4.043642
   5380000      8.362217      4.089594
   5400000      8.424316      4.146839
   5420000      8.298150      4.274587
   5440000      8.342428      4.338590
   5460000      8.305680      4.411865
   5480000      8.355460      4.460304
   5500000      8.358586      4.531010
   5520000      8.310930      4.599860
   5540000      8.339113      4.667527
   5560000      8.455504      4.731331
   5580000      8.475686      4.782754
   5600000      8.442774      4.871177
   5620000      8.491425      4.936724
   5640000      8.538521      4.974965
   5660000      8.551362      5.047229
   5680000      8.602798      5.134370
   5700000      8.805702      5.109433
   5720000      8.796513      5.201940
   5740000      8.725086      5.306888
   5760000      8.793248      5.365441
   5780000      8.736075      5.450122
   5800000      8.772123      5.515054
   5820000      8.710701      5.616293
   5840000      8.764036      5.690908
   5860000      8.719075      5.765774
   5880000      8.739374      5.840462
   5900000      8.721298      5.918618
   5920000      8.608891      5.929193
   5940000      8.558007      5.964080
   5960000      8.591620      6.075243
   5980000      8.593634      6.159295
   6000000      8.589045      6.214063
