         0      4.000000      0.000000
     20000      4.006528     -0.047653
     40000      4.014381     -0.043948
     60000      4.025827     -0.120597
     80000      4.066632     -0.080466
    100000      4.073979     -0.101920
    120000      4.103641     -0.104496
    140000      4.097755     -0.156527
    160000      4.087282     -0.205512
    180000      4.159154     -0.144399
    200000      4.184465     -0.141882
    220000      4.194246     -0.175971
    240000      4.201045     -0.207561
    260000      4.242995     -0.157346
    280000      4.292966     -0.107788
    300000      4.318836     -0.145801
    320000      4.333557     -0.161709
    340000      4.347718     -0.188212
    360000      4.350002     -0.238322
    380000      4.389865     -0.196553
    400000      4.407838     -0.223099
    420000      4.433873     -0.191735
    440000      4.474316     -0.189751
    460000      4.493242     -0.208071
    480000      4.517196     -0.195382
    500000      4.530281     -0.178863
    520000      4.555506     -0.188108
    540000      4.581855     -0.170904
    560000      4.612680     -0.160430
    580000      4.646439     -0.149102
    600000      4.679746     -0.168847
    620000      4.701517     -0.129084
    640000      4.729312     -0.159591
    660000      4.734066     -0.088403
    680000      4.768223     -0.104958
    700000      4.784730     -0.097186
    720000      4.832322     -0.128473
    740000      4.867585     -0.164893
    760000      4.885432     -0.068895
    780000      4.902813     -0.039040
    800000      4.930571     -0.041308
    820000      4.938173     -0.017433
    840000      4.947772      0.020276
    860000      4.987666      0.013550
    880000      5.003940      0.008423
    900000      5.017436      0.056816
    920000      5.050725      0.068589
    940000      5.033806      0.121318
    960000      5.140164      0.026346
    980000      5.166050      0.044731
   1000000      5.198921      0.027388
   1020000      5.242948     -0.033672
   1040000      5.261890     -0.040191
   1060000      5.282008     -0.052219
   1080000      5.302622     -0.096270
   1100000      5.317216     -0.061563
   1120000      5.347793     -0.074067
   1140000      5.379154     -0.032111
   1160000      5.403774     -0.056168
   1180000      5.427645      0.003143
   1200000      5.441254      0.004016
   1220000      5.461226      0.030807
   1240000      5.476617      0.025487
   1260000      5.526178     -0.038308
   1280000      5.549053     -0.081576
   1300000      5.561796     -0.048117
   1320000      5.595745     -0.045456
   1340000      5.626484     -0.035949
   1360000      5.647739     -0.053232
   1380000      5.670448     -0.084364
   1400000      5.717294     -0.111084
   1420000      5.743159     -0.076983
   1440000      5.764799     -0.072533
   1460000      5.785383     -0.164239
   1480000      5.809791     -0.142174
   1500000      5.835604     -0.157460
   1520000      5.857588     -0.144780
   1540000      5.864567     -0.057304
   1560000      5.903360     -0.139743
   1580000      5.924972     -0.135694
   1600000      5.944473     -0.131690
   1620000      5.968110     -0.142133
   1640000      6.007149     -0.108326
   1660000      6.034688     -0.089463
   1680000      6.055649     -0.076869
   1700000      6.086611     -0.058624
   1720000      6.103024     -0.047018
   1740000      6.129797     -0.040102
   1760000      6.169457     -0.077962
   1780000      6.205526     -0.102521
   1800000      6.239339     -0.109529
   1820000      6.264215     -0.103505
   1840000      6.289978     -0.092911
   1860000      6.311787     -0.056896
   1880000      6.331998     -0.045641
   1900000      6.343275     -0.092229
   1920000      6.333281      0.051580
   1940000      6.375018      0.067878
   1960000      6.431423     -0.012107
   1980000      6.454141     -0.011682
   2000000      6.466273      0.032739
   2020000      6.482214      0.053412
   2040000      6.464331      0.107265
   2060000      6.479115      0.119122
   2080000      6.478319      0.141619
   2100000      6.485441      0.162411
   2120000      6.490330      0.187724
   2140000      6.504252      0.210090
   2160000      6.473943      0.287054
   2180000      6.514695      0.293398
   2200000      6.553730      0.299134
   2220000      6.471101      0.396920
   2240000      6.480785      0.415910
   2260000      6.519090      0.431916
   2280000      6.569486      0.444699
   2300000      6.586972      0.470737
   2320000      6.679417      0.444768
   2340000      6.709109      0.446282
   2360000      6.742726      0.460922
   2380000      6.718890      0.509775
   2400000      6.798451      0.446546
   2420000      6.826662      0.462534
   2440000      6.673839      0.633380
   2460000      6.696285      0.659123
   2480000      6.723314      0.666518
   2500000      6.733660      0.694658
   2520000      6.725716      0.733450
   2540000      6.700214      0.767071
   2560000      6.713020      0.797951
   2580000      6.727642      0.815938
   2600000      6.734967      0.851739
   2620000      6.764862      0.867244
   2640000      6.747544      0.901660
   2660000      6.782070      0.914056
   2680000      6.794494      0.931459
   2700000      6.856588      0.921363
   2720000      6.896034      0.919906
   2740000      6.908124      0.945130
   2760000      6.892637      0.990040
   2780000      6.847508      1.039235
   2800000      6.923069      1.025551
   2820000      6.963068      1.030229
   2840000      6.971109      1.070656
   2860000      6.932353      1.131435
   2880000      6.997570      1.130527
   2900000      7.005343      1.159120
   2920000      7.015046      1.179833
   2940000      7.049114      1.184245
   2960000      7.037674      1.221565
   2980000      7.131935      1.189177
   3000000      7.119749      1.257984
   3020000      7.114951      1.290868
   3040000      7.162553      1.289244
   3060000      7.241611      1.258578
   3080000      7.255066      1.269340
   3100000      7.269243      1.288042
   3120000      7.277353      1.309999
   3140000      7.320889      1.291272
   3160000      7.329300      1.324297
   3180000      7.348426      1.333843
   3200000      7.379870      1.356024
   3220000      7.432013      1.319642
   3240000      7.421846      1.388996
   3260000      7.456415      1.385188
   3280000      7.470723      1.405970
   3300000      7.499650      1.369641
   3320000      7.535834      1.362015
   3340000      7.563432      1.367633
   3360000      7.571108      1.429715
   3380000      7.594494      1.390276
   3400000      7.614877      1.429381
   3420000      7.601517      1.503781
   3440000      7.660196      1.474559
   3460000      7.684433      1.487843
   3480000      7.707908      1.477613
   3500000      7.706247      1.516034
   3520000      7.747668      1.469682
   3540000      7.722418      1.575941
   3560000      7.735275      1.606047
   3580000      7.779761      1.585483
   3600000      7.766041      1.652835
   3620000      7.809233      1.641338
   3640000      7.812085      1.671036
   3660000      7.802718      1.714583
   3680000      7.834294      1.722382
   3700000      7.832688      1.752209
   3720000      7.860603      1.754078
   3740000      7.998286      1.559319
   3760000      8.038413      1.550988
   3780000      8.043071      1.584494
   3800000      8.089800      1.542834
   3820000      8.099499      1.560947
   3840000      8.151587      1.512360
   3860000      8.181359      1.486320
   3880000      8.201642      1.519171
   3900000      8.215325      1.547483
   3920000      8.217696      1.567727
   3940000      8.268948      1.534079
   3960000      8.269688      1.590175
   3980000      8.280192      1.605687
   4000000      8.300066      1.611869
   4020000      8.339153      1.578866
   4040000      8.366721      1.572808
   4060000      8.397329      1.566909
   4080000      8.433644      1.557362
   4100000      8.456789      1.558186
   4120000      8.488760      1.558004
   4140000      8.507796      1.468328
   4160000      8.525681      1.482447
   4180000      8.557507      1.502160
   4200000      8.580806      1.506732
   4220000      8.600402      1.461596
   4240000      8.622405      1.462909
   4260000      8.636877      1.447529
   4280000      8.658930      1.422945
   4300000      8.691823      1.480935
   4320000      8.711756      1.482468
   4340000      8.728666      1.446175
   4360000      8.743099      1.417291
   4380000      8.739795      1.361932
   4400000      8.776165      1.353260
   4420000      8.788273      1.295473
   4440000      8.820609      1.308285
   4460000      8.830761      1.281078
   4480000      8.826856      1.231707
   4500000      8.844202      1.221413
   4520000      8.874121      1.213778
   4540000      8.914325      1.215762
   4560000      8.920193      1.182529
   4580000      8.995003      1.279774
   4600000      9.021159      1.291493
   4620000      9.041209      1.286925
   4640000      9.058056      1.254184
   4660000      9.086338      1.249963
   4680000      9.095842      1.219431
   4700000      9.122376      1.198411
   4720000      9.152405      1.196635
   4740000      9.162949      1.177178
   4760000      9.189878      1.219981
   4780000      9.202123      1.146770
   4800000      9.235849      1.185851
   4820000      9.254974      1.190281
   4840000      9.271141      1.185795
   4860000      9.296555      1.199847
   4880000      9.291008      1.348231
   4900000      9.331940      1.337517
   4920000      9.389837      1.249851
   4940000      9.411398      1.235674
   4960000      9.427016      1.323165
   4980000      9.449609      1.310241
   5000000      9.464282      1.318549
   5020000      9.492528      1.358878
   5040000      9.516981      1.381724
   5060000      9.540843      1.407039
   5080000      9.518547      1.483113
   5100000      9.571402      1.453729
   5120000      9.593435      1.463458
   5140000      9.555963      1.544870
   5160000      9.625358      1.504012
   5180000      9.660385      1.511537
   5200000      9.667835      1.534370
   5220000      9.716181      1.523952
   5240000      9.746419      1.506201
   5260000      9.771592      1.495676
   5280000      9.768708      1.547754
   5300000      9.800593      1.523578
   5320000      9.829715      1.515461
   5340000      9.846042      1.537108
   5360000      9.878693      1.541912
   5380000      9.894968      1.580178
   5400000      9.874202      1.675209
   5420000      9.935542      1.612053
   5440000      9.966769      1.589231
   5460000      9.994269      1.596913
   5480000     10.031381      1.555299
   5500000     10.066385      1.506918
   5520000     10.096088      1.478337
   5540000     10.110194      1.494616
   5560000     10.133993      1.497363
   5580000     10.161154      1.501235
   5600000     10.186493      1.546838
   5620000     10.221739      1.519940
   5640000     10.249381      1.513804
   5660000     10.268020      1.496831
   5680000     10.295451      1.508290
   5700000     10.317395      1.477471
   5720000     10.342411      1.494503
   5740000     10.371242      1.471517
   5760000     10.389694      1.544036
   5780000     10.403126      1.565604
   5800000     10.441098      1.489707
   5820000     10.463709      1.510690
   5840000     10.483930      1.533114
   5860000     10.495224      1.539469
   5880000     10.527950      1.536761
   5900000     10.541107      1.552672
   5920000     10.575607      1.543262
   5940000     10.585777      1.602108
   5960000     10.618895      1.591555
   5980000     10.645344      1.570609
   6000000     10.661696      1.600048
   6020000     10.686655      1.569314
   6040000     10.702970      1.526735
   6060000     10.722238      1.554932
   6080000     10.758827      1.560029
   6100000     10.748268      1.743497
   6120000     10.800406      1.717545
   6140000     10.824184      1.722555
   6160000     10.849021      1.727341
   6180000     10.858521      1.745568
   6200000     10.890352      1.670263
   6220000     10.877448      1.763685
   6240000     10.910233      1.779809
   6260000     10.955218      1.750137
   6280000     10.986447      1.741725
   6300000     11.000404      1.777425
   6320000     11.071727      1.671311
   6340000     11.088813      1.694741
   6360000     11.107816      1.689594
   6380000     11.135236      1.699301
   6400000     11.173337      1.597528
   6420000     11.187825      1.618522
   6440000     11.210909      1.608669
   6460000     11.229183      1.586407
   6480000     11.269171      1.660962
   6500000     11.289570      1.673390
   6520000     11.308598      1.699699
   6540000     11.347412      1.673237
   6560000     11.365256      1.681189
   6580000     11.386828      1.656610
   6600000     11.409938      1.581761
   6620000     11.450789      1.629321
   6640000     11.471843      1.629692
   6660000     11.483853      1.618488
   6680000     11.510230      1.655369
   6700000     11.541427      1.633946
   6720000     11.556286      1.669961
   6740000     11.593276      1.603757
   6760000     11.613923      1.573832
   6780000     11.642863      1.588912
   6800000     11.652224      1.594547
   6820000     11.636149      1.439205
   6840000     11.632779      1.404072
   6860000     11.658195      1.398387
   6880000     11.767607      1.628147
   6900000     11.797346      1.653907
   6920000     11.818291      1.652217
   6940000     11.842285      1.626185
   6960000     11.864860      1.632297
   6980000     11.890889      1.652311
   7000000     11.912424      1.626118
   7020000     11.924600      1.730371
   7040000     11.956421      1.742845
   7060000     11.982912      1.709910
   7080000     12.003423      1.760113
   7100000     12.015811      1.807118
   7120000     12.031797      1.830388
   7140000     12.064304      1.827535
   7160000     12.085260      1.817333
   7180000     12.115881      1.814833
   7200000     12.133953      1.833262
   7220000     12.146022      1.859106
   7240000     12.197972      1.805605
   7260000     12.221833      1.801203
   7280000     12.246630      1.749854
   7300000     12.277686      1.762530
   7320000     12.303657      1.783025
   7340000     12.331355      1.762006
   7360000     12.352569      1.778552
   7380000     12.371765      1.756647
   7400000     12.391899      1.746631
   7420000     12.408953      1.695424
   7440000     12.445374      1.785217
   7460000     12.462263      1.721258
   7480000     12.482971      1.731051
   7500000     12.506930      1.759526
   7520000     12.535018      1.717914
   7540000     12.558333      1.742579
   7560000     12.584884      1.769770
   7580000     12.602122      1.786323
   7600000     12.633064      1.827713
   7620000     12.658253      1.818658
   7640000     12.680412      1.823416
   7660000     12.703351      1.781511
   7680000     12.719584      1.789415
   7700000     12.745679      1.781129
   7720000     12.761498      1.733036
   7740000     12.755561      1.645763
   7760000     12.797949      1.682849
   7780000     12.834551      1.750885
   7800000     12.857742      1.858021
   7820000     12.875562      1.885159
   7840000     12.910795      1.821232
   7860000     12.932470      1.812841
   7880000     12.954489      1.845380
   7900000     12.976029      1.892424
   7920000     12.972078      1.619267
   7940000     13.012167      1.655988
   7960000     13.026220      1.637787
   7980000     13.049156      1.648517
   8000000     13.067206      1.634005
   8020000     13.083481      1.633330
   8040000     13.105982      1.633463
   8060000     13.113034      1.593612
   8080000     13.130452      1.570527
   8100000     13.156180      1.579820
   8120000     13.186997      1.600544
   8140000     13.207690      1.599129
   8160000     13.238538      1.571249
   8180000     13.249437      1.547293
   8200000     13.292172      1.635642
   8220000     13.313068      1.644095
   8240000     13.342541      1.670938
   8260000     13.367401      1.754139
   8280000     13.385928      1.749790
   8300000     13.439168      1.679837
   8320000     13.456938      1.715473
   8340000     13.471563      1.742700
   8360000     13.486873      1.767905
   8380000     13.518991      1.734982
   8400000     13.532222      1.770916
   8420000     13.550872      1.765333
   8440000     13.598353      1.653068
   8460000     13.627715      1.657221
   8480000     13.647837      1.654800
   8500000     13.657473      1.684519
   8520000     13.693365      1.623796
   8540000     13.713970      1.625863
   8560000     13.731647      1.622294
   8580000     13.749257      1.607238
   8600000     13.762320      1.687473
   8620000     13.787508      1.688552
   8640000     13.804813      1.707470
   8660000     13.833911      1.691710
   8680000     13.848339      1.713567
   8700000     13.866802      1.731257
   8720000     13.875672      1.763180
   8740000     13.875597      1.812809
   8760000     13.899190      1.788276
   8780000     13.979935      1.701571
   8800000     14.001797      1.710857
   8820000     14.028802      1.717207
   8840000     14.053106      1.750572
   8860000     14.071229      1.804636
   8880000     14.090325      1.817938
   8900000     14.121827      1.814206
   8920000     14.132705      1.871506
   8940000     14.177297      1.826278
   8960000     14.198916      1.813189
   8980000     14.235976      1.817709
   9000000     14.245777      1.848810
   9020000     14.273816      1.862761
   9040000     14.296725      1.867379
   9060000     14.297969      1.927650
   9080000     14.358506      1.866361
   9100000     14.372017      1.908957
   9120000     14.387998      1.947494
   9140000     14.425280      1.893225
   9160000     14.433869      1.973885
   9180000     14.451218      1.994399
   9200000     14.442054      2.036743
   9220000     14.479638      2.027562
   9240000     14.480369      2.061484
   9260000     14.540059      2.023092
   9280000     14.566052      2.030078
   9300000     14.590091      2.018178
   9320000     14.612701      2.014861
   9340000     14.646117      1.979834
   9360000     14.667540      1.971434
   9380000     14.690377      1.986084
   9400000     14.717329      1.983780
   9420000     14.736576      1.950348
   9440000     14.754219      1.858641
   9460000     14.774905      1.849028
   9480000     14.790872      1.799456
   9500000     14.829773      1.828037
   9520000     14.849485      1.813654
   9540000     14.880010      1.817653
   9560000     14.865588      1.756864
   9580000     14.902815      1.768961
   9600000     14.960060      2.149396
   9620000     14.988050      2.138099
   9640000     15.007594      2.127432
   9660000     15.034425      2.131557
   9680000     15.048624      2.148722
   9700000     15.077846      2.165352
   9720000     15.099464      2.102978
   9740000     15.128463      2.137269
   9760000     15.145495      2.199737
   9780000     15.185785      2.116733
   9800000     15.207192      2.126744
   9820000     15.222497      2.137146
   9840000     15.251344      2.143484
   9860000     15.279558      2.067999
   9880000     15.293105      2.113085
   9900000     15.297018      2.210733
   9920000     15.305723      2.245135
   9940000     15.350714      2.204253
   9960000     15.364193      2.222397
   9980000     15.390217      2.222898
  10000000     15.398868      2.255638
