         0      4.000000      0.000000
     20000      4.016582     -0.061059
     40000      4.044698     -0.067276
     60000      4.069063     -0.082714
     80000      4.109137     -0.088860
    100000      4.155813     -0.060008
    120000      4.169146     -0.159959
    140000      4.189338     -0.184918
    160000      4.236003     -0.198786
    180000      4.274161     -0.189843
    200000      4.312863     -0.116496
    220000      4.336323     -0.107521
    240000      4.343852     -0.053994
    260000      4.399505     -0.154703
    280000      4.446193     -0.106373
    300000      4.476036     -0.173068
    320000      4.511831     -0.124515
    340000      4.552737     -0.168779
    360000      4.526416     -0.390612
    380000      4.552404     -0.359646
    400000      4.608279     -0.355162
    420000      4.638382     -0.369413
    440000      4.687025     -0.276495
    460000      4.723152     -0.285684
    480000      4.751563     -0.307702
    500000      4.774515     -0.324188
    520000      4.816960     -0.329655
    540000      4.844536     -0.343115
    560000      4.887793     -0.270431
    580000      4.912280     -0.278341
    600000      4.940724     -0.328136
    620000      4.938374     -0.430094
    640000      4.987220     -0.405672
    660000      5.047529     -0.304247
    680000      5.083802     -0.278216
    700000      5.124700     -0.257166
    720000      5.166183     -0.282649
    740000      5.190151     -0.207092
    760000      5.227127     -0.224284
    780000      5.253420     -0.172903
    800000      5.289915     -0.187002
    820000      5.312060     -0.154724
    840000      5.336113     -0.122806
    860000      5.382123     -0.128285
    880000      5.427485     -0.179898
    900000      5.459025     -0.189487
    920000      5.477907     -0.139943
    940000      5.489930     -0.090099
    960000      5.547863     -0.147665
    980000      5.569125     -0.140466
   1000000      5.609452     -0.192563
   1020000      5.643087     -0.127977
   1040000      5.666149     -0.130629
   1060000      5.690202     -0.032104
   1080000      5.675666      0.052384
   1100000      5.721132      0.047153
   1120000      5.802573     -0.032185
   1140000      5.847568     -0.102915
   1160000      5.879930     -0.066960
   1180000      5.917939     -0.125245
   1200000      5.954424     -0.187657
   1220000      6.001652     -0.084327
   1240000      6.029397     -0.063251
   1260000      6.042324      0.014628
   1280000      6.080649      0.000627
   1300000      6.099076      0.040236
   1320000      6.151482      0.044937
   1340000      6.209485     -0.012493
   1360000      6.248338     -0.006096
   1380000      6.293188     -0.086651
   1400000      6.323549     -0.083081
   1420000      6.336613     -0.155567
   1440000      6.362450     -0.180204
   1460000      6.389908     -0.223193
   1480000      6.415766     -0.232141
   1500000      6.434316     -0.272202
   1520000      6.455728     -0.302933
   1540000      6.490832     -0.309978
   1560000      6.529335     -0.320119
   1580000      6.543847     -0.359504
   1600000      6.618477     -0.293999
   1620000      6.634952     -0.378720
   1640000      6.491960     -0.555752
   1660000      6.514812     -0.577121
   1680000      6.547283     -0.603679
   1700000      6.479432     -0.666295
   1720000      6.697705     -0.528905
   1740000      6.744785     -0.522304
   1760000      6.755334     -0.582839
   1780000      6.768371     -0.617397
   1800000      6.777538     -0.649043
   1820000      6.815219     -0.640831
   1840000      6.887474     -0.619499
   1860000      6.895800     -0.660701
   1880000      6.958157     -0.627309
   1900000      6.950485     -0.704613
   1920000      6.966979     -0.732979
   1940000      7.003809     -0.732990
   1960000      6.980912     -0.777229
   1980000      7.014767     -0.799079
   2000000      7.091246     -0.765831
   2020000      7.128104     -0.768018
   2040000      7.164799     -0.748356
   2060000      7.144758     -0.865247
   2080000      7.213715     -0.837608
   2100000      7.195056     -0.918521
   2120000      7.173903     -0.974515
   2140000      7.231947     -0.966519
   2160000      7.175465     -1.046854
   2180000      7.223855     -1.056088
   2200000      7.254021     -1.089065
   2220000      7.267001     -1.133646
   2240000      7.260835     -1.173906
   2260000      7.231610     -1.219277
   2280000      7.223057     -1.262201
   2300000      7.206064     -1.293320
   2320000      7.142361     -1.324525
   2340000      7.208382     -1.374694
   2360000      7.279378     -1.377363
   2380000      7.253297     -1.409200
   2400000      7.226298     -1.448603
   2420000      7.220218     -1.484276
   2440000      7.221984     -1.507149
   2460000      7.177826     -1.543721
   2480000      7.156916     -1.569990
   2500000      7.194239     -1.604145
   2520000      7.175108     -1.628842
   2540000      7.226078     -1.654791
   2560000      7.206925     -1.691240
   2580000      7.200713     -1.722174
   2600000      7.220693     -1.762839
   2620000      7.239502     -1.779784
   2640000      7.242202     -1.824404
   2660000      7.288666     -1.851453
   2680000      7.321199     -1.862744
   2700000      7.273173     -1.903138
   2720000      7.179124     -1.963021
   2740000      7.063867     -1.986915
   2760000      7.020809     -2.016206
   2780000      7.024512     -2.051877
   2800000      7.128509     -2.090314
   2820000      7.138794     -2.128379
   2840000      7.115522     -2.160504
   2860000      7.114401     -2.181094
   2880000      7.155924     -2.206607
   2900000      7.072201     -2.227992
   2920000      7.265043     -2.273341
   2940000      7.283958     -2.298328
   2960000      7.320490     -2.322177
   2980000      7.371804     -2.346439
   3000000      7.327463     -2.394120
   3020000      7.358165     -2.424750
   3040000      7.324168     -2.459306
   3060000      7.340563     -2.473859
   3080000      7.380055     -2.501500
   3100000      7.321580     -2.550118
   3120000      7.316144     -2.579028
   3140000      7.404214     -2.596207
   3160000      7.442264     -2.599836
   3180000      7.447513     -2.625016
   3200000      7.434013     -2.665683
   3220000      7.435720     -2.705706
   3240000      7.175275     -2.794534
   3260000      7.221638     -2.827827
   3280000      7.335603     -2.834451
   3300000      7.353494     -2.854243
   3320000      7.355376     -2.888220
   3340000      7.342474     -2.922489
   3360000      7.407672     -2.927215
   3380000      7.378110     -2.993596
   3400000      7.431435     -3.010062
   3420000      7.403622     -3.046280
   3440000      7.390929     -3.082144
   3460000      7.328547     -3.121758
   3480000      7.323091     -3.141826
   3500000      7.550512     -3.131049
   3520000      7.603833     -3.114518
   3540000      7.625643     -3.141259
   3560000      7.661081     -3.133330
   3580000      7.688398     -3.154694
   3600000      7.713260     -3.190366
   3620000      7.496469     -3.363531
   3640000      7.417706     -3.423817
   3660000      7.448155     -3.454461
   3680000      7.457100     -3.493180
   3700000      7.423340     -3.517051
   3720000      7.472452     -3.553981
   3740000      7.529758     -3.577517
   3760000      7.504344     -3.628432
   3780000      7.490149     -3.667214
   3800000      7.470343     -3.696234
   3820000      7.492164     -3.718884
   3840000      7.570454     -3.746180
   3860000      7.566436     -3.781069
   3880000      7.499751     -3.807997
   3900000      7.476932     -3.840975
   3920000      7.522734     -3.875992
   3940000      7.567581     -3.888473
   3960000      7.616450     -3.914737
   3980000      7.649323     -3.925659
   4000000      7.635001     -3.973906
   4020000      7.614571     -4.018071
   4040000      7.678865     -4.037537
   4060000      7.722964     -4.050707
   4080000      7.750459     -4.062071
   4100000      7.682830     -4.140681
   4120000      7.684548     -4.165205
   4140000      7.658929     -4.193317
   4160000      7.703146     -4.218386
   4180000      7.763394     -4.231983
   4200000      7.789232     -4.262768
   4220000      7.784656     -4.312618
   4240000      7.848822     -4.306806
   4260000      7.842989     -4.352748
   4280000      7.824451     -4.414068
   4300000      7.842118     -4.433318
   4320000      7.902256     -4.421531
   4340000      7.680836     -4.539241
   4360000      7.736619     -4.575107
   4380000      7.841811     -4.589127
   4400000      7.706779     -4.659653
   4420000      7.664236     -4.700335
   4440000      7.698392     -4.720127
   4460000      7.673717     -4.764258
   4480000      7.665753     -4.792302
   4500000      7.696972     -4.797203
   4520000      7.747410     -4.806153
   4540000      7.760061     -4.823527
   4560000      7.709092     -4.899688
   4580000      7.587897     -4.947241
   4600000      7.535485     -4.971406
   4620000      7.520789     -5.001568
   4640000      7.568387     -5.040715
   4660000      7.575730     -5.070636
   4680000      7.625344     -5.098164
   4700000      7.668784     -5.123388
   4720000      7.643233     -5.161174
   4740000      7.641512     -5.187662
   4760000      7.711704     -5.203740
   4780000      7.752348     -5.224898
   4800000      7.703739     -5.275713
   4820000      7.750262     -5.288271
   4840000      7.719239     -5.324805
   4860000      7.728617     -5.355264
   4880000      7.727901     -5.385279
   4900000      7.716083     -5.425960
   4920000      7.745118     -5.456952
   4940000      7.755801     -5.486242
   4960000      7.788355     -5.506304
   4980000      7.723989     -5.556971
   5000000      7.648789     -5.588751
   5020000      7.547313     -5.588283
   5040000      7.515247     -5.610225
   5060000      7.460694     -5.596472
   5080000      7.487570     -5.658478
   5100000      7.459382     -5.667323
   5120000      7.444024     -5.682636
   5140000      7.599051     -5.804256
   5160000      7.539170     -5.827093
   5180000      7.647050     -5.885089
   5200000      7.624002     -5.904311
   5220000      7.580678     -5.923615
   5240000      7.585135     -5.964555
   5260000      7.537780     -5.981928
   5280000      7.544151     -6.003961
   5300000      7.583234     -6.040116
   5320000      7.579985     -6.059258
   5340000      7.564442     -6.089900
   5360000      7.574987     -6.115812
   5380000      7.474285     -6.140330
   5400000      7.467877     -6.179242
   5420000      7.463141     -6.211339
   5440000      7.411886     -6.208200
   5460000      7.394450     -6.245723
   5480000      7.383753     -6.262101
   5500000      7.413244     -6.322423
   5520000      7.384130     -6.346019
   5540000      7.368065     -6.377601
   5560000      7.344102     -6.394946
   5580000      7.317655     -6.432707
   5600000      7.298697     -6.473753
   5620000      7.272274     -6.498095
   5640000      7.288439     -6.534231
   5660000      7.354901     -6.594406
   5680000      7.368886     -6.631823
   5700000      7.366989     -6.657928
   5720000      7.315616     -6.673346
   5740000      7.305718     -6.698835
   5760000      7.386496     -6.758216
   5780000      7.374277     -6.775313
   5800000      7.287533     -6.759491
   5820000      7.226531     -6.761395
   5840000      7.227753     -6.808900
   5860000      7.145717     -6.754019
   5880000      7.173604     -6.847756
   5900000      7.133894     -6.841246
   5920000      7.150476     -6.873162
   5940000      7.069965     -6.871398
   5960000      7.062655     -6.900994
   5980000      7.033402     -6.923801
   6000000      7.015780     -6.957704
   6020000      6.974461     -6.985508
   6040000      6.970869     -7.019642
   6060000      6.912948     -7.008937
   6080000      6.916457     -7.051218
   6100000      6.849704     -7.016608
   6120000      6.782535     -6.999077
   6140000      6.791588     -7.067148
   6160000      6.761325     -7.080507
   6180000      6.763966     -7.121256
   6200000      6.729564     -7.147103
   6220000      6.696829     -7.149435
   6240000      6.673454     -7.168702
   6260000      6.645350     -7.178255
   6280000      6.632741     -7.191137
   6300000      6.607680     -7.213538
   6320000      6.546032     -7.160968
   6340000      6.518378     -7.192843
   6360000      6.470709     -7.146175
   6380000      6.451377     -7.128291
   6400000      6.454364     -7.282735
   6420000      6.415041     -7.278306
   6440000      6.387915     -7.315114
   6460000      6.327023     -7.237028
   6480000      6.298638     -7.243499
   6500000      6.273384     -7.245255
   6520000      6.251780     -7.277831
   6540000      6.215522     -7.266266
   6560000      6.151665     -7.192495
   6580000      6.122228     -7.219797
   6600000      6.092331     -7.200999
   6620000      6.066978     -7.189070
   6640000      6.028421     -7.117552
   6660000      6.009818     -7.112839
   6680000      5.976019     -7.130601
   6700000      5.939691     -7.165850
   6720000      5.919133     -7.095867
   6740000      5.882088     -7.108770
   6760000      5.865540     -7.065913
   6780000      5.861442     -7.010716
   6800000      5.828646     -7.016277
   6820000      5.791040     -7.002196
   6840000      5.758204     -7.013295
   6860000      5.720744     -7.063424
   6880000      5.685391     -7.082035
   6900000      5.663943     -7.123284
   6920000      5.637915     -7.124378
   6940000      5.588798     -6.993522
   6960000      5.556543     -6.990624
   6980000      5.514143     -6.975869
   7000000      5.485071     -7.004330
   7020000      5.468199     -7.026479
   7040000      5.414431     -6.995965
   7060000      5.385781     -6.970864
   7080000      5.360769     -7.037163
   7100000      5.330503     -7.069730
   7120000      5.286618     -7.041390
   7140000      5.253637     -7.031030
   7160000      5.236325     -7.101614
   7180000      5.210525     -7.108183
   7200000      5.169148     -7.013302
   7220000      5.119800     -7.023162
   7240000      5.092055     -7.034972
   7260000      5.053533     -6.928844
   7280000      5.041538     -6.784760
   7300000      5.017817     -6.778522
   7320000      4.967588     -6.801830
   7340000      4.939039     -6.816506
   7360000      4.934000     -6.764476
   7380000      4.904162     -6.764785
   7400000      4.877512     -6.712975
   7420000      4.843338     -6.700213
   7440000      4.800293     -6.709929
   7460000      4.733432     -6.830299
   7480000      4.709454     -6.800491
   7500000      4.673310     -6.817234
   7520000      4.651579     -6.791811
   7540000      4.630237     -6.674014
   7560000      4.619149     -6.627192
   7580000      4.604434     -6.594841
   7600000      4.604777     -6.552048
   7620000      4.584228     -6.515882
   7640000      4.524777     -6.543176
   7660000      4.488932     -6.550971
   7680000      4.480981     -6.493365
   7700000      4.459649     -6.471384
   7720000      4.458628     -6.426308
   7740000      4.393193     -6.446347
   7760000      4.359139     -6.457797
   7780000      4.402923     -6.336621
   7800000      4.330275     -6.367494
   7820000      4.294427     -6.367816
   7840000      4.272152     -6.367217
   7860000      4.248763     -6.350519
   7880000      4.253756     -6.268931
   7900000      4.260787     -6.216660
   7920000      4.275481     -6.153759
   7940000      4.282908     -6.102661
   7960000      4.289213     -6.058790
   7980000      4.289827     -6.031111
   8000000      4.191056     -6.034934
   8020000      4.240710     -5.963036
   8040000      4.158983     -5.978612
   8060000      4.129985     -5.929445
   8080000      4.104082     -5.908843
   8100000      4.128816     -5.858119
   8120000      4.055375     -5.881733
   8140000      4.040856     -5.862659
   8160000      4.010452     -5.854559
   8180000      3.979068     -5.822674
   8200000      3.955206     -5.811458
   8220000      3.988379     -5.740738
   8240000      3.918285     -5.772005
   8260000      3.876653     -5.756420
   8280000      3.924977     -5.674741
   8300000      3.950484     -5.627145
   8320000      3.926997     -5.592371
   8340000      3.906312     -5.568186
   8360000      3.914922     -5.525970
   8380000      3.896385     -5.496590
   8400000      3.908496     -5.468468
   8420000      3.954583     -5.433997
   8440000      3.937227     -5.390526
   8460000      3.943899     -5.369214
   8480000      3.917140     -5.328447
   8500000      3.891184     -5.299339
   8520000      3.897038     -5.271276
   8540000      3.929805     -5.233423
   8560000      3.941054     -5.202908
   8580000      3.916496     -5.173901
   8600000      3.961037     -5.149864
   8620000      3.973594     -5.123705
   8640000      4.021744     -5.087565
   8660000      4.041264     -5.066979
   8680000      3.975158     -5.013880
   8700000      3.988530     -4.972932
   8720000      3.961671     -4.947920
   8740000      3.964521     -4.917345
   8760000      3.980231     -4.898774
   8780000      3.920009     -4.858065
   8800000      4.013378     -4.821039
   8820000      4.000318     -4.789860
   8840000      4.012756     -4.757398
   8860000      4.023656     -4.724142
   8880000      3.942827     -4.676361
   8900000      3.907502     -4.643725
   8920000      3.905506     -4.612549
   8940000      3.950566     -4.569622
   8960000      3.971804     -4.534533
   8980000      3.894625     -4.524219
   9000000      3.927407     -4.480815
   9020000      3.898780     -4.458224
   9040000      3.910677     -4.420314
   9060000      3.842938     -4.396999
   9080000      3.828147     -4.374896
   9100000      3.945810     -4.307985
   9120000      3.919536     -4.282300
   9140000      3.951018     -4.255905
   9160000      3.913221     -4.231285
   9180000      3.842898     -4.218703
   9200000      3.804471     -4.190571
   9220000      3.794461     -4.155991
   9240000      3.804342     -4.120111
   9260000      3.791947     -4.089705
   9280000      3.799889     -4.053403
   9300000      3.785767     -4.033296
   9320000      3.775586     -4.000617
   9340000      3.816640     -3.959535
   9360000      3.818032     -3.930013
   9380000      3.833319     -3.891434
   9400000      3.761292     -3.864827
   9420000      3.729673     -3.838735
   9440000      3.737233     -3.802608
   9460000      3.719564     -3.775399
   9480000      3.716559     -3.748661
   9500000      3.815788     -3.693211
   9520000      3.827831     -3.663858
   9540000      3.815680     -3.633199
   9560000      3.817264     -3.608273
   9580000      3.813447     -3.581859
   9600000      3.818271     -3.556446
   9620000      3.778281     -3.520278
   9640000      3.736656     -3.499324
   9660000      3.781608     -3.466247
   9680000      3.673653     -3.444400
   9700000      3.648636     -3.424704
   9720000      3.620240     -3.399366
   9740000      3.635266     -3.359800
   9760000      3.578769     -3.364601
   9780000      3.551316     -3.330295
   9800000      3.609295     -3.271620
   9820000      3.614713     -3.224380
   9840000      3.593497     -3.197845
   9860000      3.612570     -3.165330
   9880000      3.614646     -3.133539
   9900000      3.625554     -3.101071
   9920000      3.618448     -3.080675
   9940000      3.600976     -3.064855
   9960000      3.652083     -3.012422
   9980000      3.629265     -2.986880
  10000000      3.632856     -2.950719
