         0      4.000000      0.000000
     20000      4.022974      0.063124
     40000      3.917456     -0.514825
     60000      3.936173     -0.442673
     80000      4.072882     -0.329362
    100000      3.977186     -0.554764
    120000      3.692081     -0.707399
    140000      3.706359     -0.507635
    160000      3.606916     -0.006446
    180000      3.671696     -0.013001
    200000      3.708276     -0.132863
    220000      3.730271     -0.339932
    240000      3.752906      0.038037
    260000      3.570575     -0.046149
    280000      3.590591     -0.251375
    300000      3.519624     -0.507652
    320000      3.584456     -0.304783
    340000      3.908827      0.046541
    360000      3.757644     -0.193870
    380000      3.623829     -0.697170
    400000      3.846632     -0.678617
    420000      4.064383     -0.393019
    440000      4.122104     -0.079746
    460000      4.220508     -0.269898
    480000      4.309318     -0.419999
    500000      4.201702     -0.609263
    520000      4.008285     -0.915701
    540000      4.105588     -0.737593
    560000      4.102526     -0.776230
    580000      4.043872     -0.838764
    600000      4.020667     -0.814390
    620000      4.101733     -0.679585
    640000      3.978363     -0.536370
    660000      3.974738     -0.418274
    680000      4.142726     -0.253721
    700000      3.892551     -0.663857
    720000      3.766729     -0.613944
    740000      3.696416     -0.575207
    760000      3.422351     -0.786024
    780000      3.449681     -0.775381
    800000      3.650537     -0.589311
    820000      3.769951     -0.568100
    840000      3.765064     -0.486540
    860000      3.505947     -0.995352
    880000      3.447499     -0.867414
    900000      3.238438     -1.180890
    920000      3.322007     -0.942133
    940000      3.151466     -1.067074
    960000      3.128202     -0.769749
    980000      3.051051     -0.758763
   1000000      3.207273     -0.447732
   1020000      3.039814     -0.481144
   1040000      2.823422     -0.509292
   1060000      2.862643     -0.706103
   1080000      2.736438     -0.580492
   1100000      2.655547     -0.328976
   1120000      2.937537     -0.337455
   1140000      2.711223     -0.351118
   1160000      2.695815     -0.424842
   1180000      2.728829     -0.206632
   1200000      2.823944     -0.043589
   1220000      2.970002     -0.082232
   1240000      2.907911     -0.014030
   1260000      2.792265     -0.063012
   1280000      3.033435      0.147902
   1300000      3.075359     -0.129491
   1320000      3.086626     -0.359367
   1340000      3.098876     -0.268505
   1360000      3.036663     -0.409789
   1380000      3.103902      0.027242
   1400000      3.095140     -0.124736
   1420000      3.096143     -0.070185
   1440000      3.176264      0.206446
   1460000      2.981929      0.077933
   1480000      2.854655     -0.122203
   1500000      3.077376      0.118740
   1520000      2.654418     -0.212747
   1540000      2.209847     -0.383127
   1560000      2.386530     -0.316521
   1580000      2.359175     -0.310287
   1600000      2.137482     -0.413724
   1620000      2.155263     -0.483466
   1640000      1.986831     -0.478372
   1660000      2.227364     -0.459889
   1680000      2.319507     -0.357597
   1700000      2.220602     -0.244784
   1720000      2.358364     -0.166488
   1740000      2.030206     -0.270550
   1760000      2.073604     -0.131599
   1780000      2.318577     -0.127619
   1800000      2.097757     -0.042762
   1820000      2.620451      0.154523
   1840000      2.096974     -0.186461
   1860000      2.608393      0.055740
   1880000      2.515465     -0.176315
   1900000      2.543479      0.047567
   1920000      2.629390     -0.031889
   1940000      2.297001     -0.348785
   1960000      2.482274     -0.049668
   1980000      2.316288      0.036272
   2000000      2.270066      0.013287
   2020000      2.425783      0.238803
   2040000      2.214739      0.119560
   2060000      2.300116      0.240140
   2080000      2.522136      0.654342
   2100000      2.430238      0.332950
   2120000      2.604840      0.544668
   2140000      2.753755      0.718527
   2160000      2.649264      0.203814
   2180000      2.390862     -0.027086
   2200000      2.574825      0.136928
   2220000      2.672307      0.247434
   2240000      2.550922      0.209697
   2260000      2.551017      0.441084
   2280000      2.251267      0.121179
   2300000      2.244703      0.069359
   2320000      2.417407      0.082823
   2340000      2.468270     -0.058042
   2360000      2.655136     -0.064074
   2380000      2.843376      0.241080
   2400000      2.876371      0.589131
   2420000      2.810827      0.310551
   2440000      2.449767      0.136214
   2460000      2.568951      0.345617
   2480000      2.065010      0.125081
   2500000      1.958264      0.079889
   2520000      1.922713      0.014904
   2540000      1.683699     -0.027763
   2560000      1.587162     -0.224004
   2580000      1.667296      0.086184
   2600000      1.710034      0.104710
   2620000      1.578810     -0.111084
   2640000      1.493952     -0.279372
   2660000      1.775704     -0.095910
   2680000      2.000433      0.028132
   2700000      2.028337      0.022302
   2720000      1.777697     -0.069758
   2740000      2.152854      0.125159
   2760000      2.024765     -0.026493
   2780000      2.120469      0.086223
   2800000      2.046654     -0.017659
   2820000      1.786552     -0.265933
   2840000      1.702973     -0.527371
   2860000      1.640466     -0.522256
   2880000      1.742708     -0.436725
   2900000      1.738667     -0.207111
   2920000      1.755813     -0.129544
   2940000      1.700076     -0.284377
   2960000      1.653110     -0.271646
   2980000      1.729333     -0.332116
   3000000      1.387269     -0.431757
   3020000      1.382361     -0.652985
   3040000      1.255442     -0.543555
   3060000      0.842644     -0.557237
   3080000      1.160359     -0.361332
   3100000      1.005454     -0.306459
   3120000      0.885776      0.011971
   3140000      0.533175     -0.354692
   3160000      0.446076     -0.489421
   3180000      0.672872     -0.576370
   3200000      0.639383     -0.601865
   3220000      0.796091     -0.742877
   3240000      0.738352     -0.651385
   3260000      1.083990     -0.296847
   3280000      1.186210     -0.304744
   3300000      0.799722     -0.209295
   3320000      0.941714     -0.398566
   3340000      0.765614     -0.413197
   3360000      0.692896     -0.295603
   3380000      0.761847     -0.181134
   3400000      0.493788     -0.126152
   3420000      0.318047     -0.142126
   3440000      0.473288     -0.218713
   3460000      0.467148     -0.388038
   3480000      0.447383     -0.311912
   3500000      0.387952     -0.424571
   3520000      0.471229     -0.309937
   3540000      0.178854     -0.246093
   3560000     -0.068273     -0.290125
   3580000     -0.074646     -0.143175
   3600000      0.127106     -0.294486
   3620000      0.010353     -0.069006
   3640000     -0.187701     -0.216782
   3660000      0.204734     -0.267780
   3680000      0.390040     -0.400635
   3700000      0.495016     -0.168717
   3720000      0.804811     -0.135587
   3740000      0.358314     -0.379828
   3760000      0.186920     -0.259541
   3780000      0.163664     -0.129812
   3800000      0.259204      0.034489
   3820000      0.436220      0.300880
   3840000      0.524725      0.187223
   3860000      0.507085      0.186790
   3880000      0.774209      0.278037
   3900000      0.710469      0.169314
   3920000      0.915399      0.575094
   3940000      0.899899      0.551389
   3960000      0.890545      0.539305
   3980000      1.012392      0.670511
   4000000      1.210645      0.840087
   4020000      0.951819      0.558582
   4040000      1.129008      0.524529
   4060000      0.945088      0.452531
   4080000      0.778480      0.505799
   4100000      0.683218      0.419783
   4120000      0.801142      0.577380
   4140000      0.731414      0.857853
   4160000      0.884006      0.897901
   4180000      1.252869      0.877484
   4200000      1.321306      1.041680
   4220000      1.066692      0.921526
   4240000      1.053594      1.015969
   4260000      0.807899      1.016312
   4280000      0.909356      0.926489
   4300000      0.818159      0.876375
   4320000      1.119665      0.966378
   4340000      1.152321      1.133385
   4360000      0.921615      0.925601
   4380000      0.931889      1.219413
   4400000      0.612782      1.104088
   4420000      0.780595      1.212701
   4440000      0.715857      1.311282
   4460000      0.404471      1.268430
   4480000      0.634229      1.399792
   4500000      0.756268      1.485045
   4520000      0.721279      1.186231
   4540000      0.931995      1.164834
   4560000      1.053582      1.087248
   4580000      0.747998      1.044269
   4600000      1.073456      1.077783
   4620000      1.041915      0.993970
   4640000      0.703218      0.883483
   4660000      0.783909      1.054462
   4680000      0.996959      1.003032
   4700000      1.189440      0.932029
   4720000      1.417300      1.026667
   4740000      1.161059      1.093115
   4760000      0.883851      0.776848
   4780000      0.816764      0.878097
   4800000      1.048774      1.052313
   4820000      0.967371      1.065895
   4840000      1.002089      1.192223
   4860000      1.178782      1.208938
   4880000      1.317025      1.431221
   4900000      1.370610      1.347074
   4920000      1.176335      1.238865
   4940000      1.213772      1.437639
   4960000      0.887452      1.313377
   4980000      0.941172      1.548562
   5000000      0.849070      1.610379
   5020000      0.283497      1.294889
   5040000      0.129566      1.449767
   5060000      0.291389      1.577168
   5080000      0.349583      1.398506
   5100000     -0.054486      1.314234
   5120000     -0.381993      1.469413
   5140000     -0.160513      1.707065
   5160000     -0.495694      1.762814
   5180000     -0.536852      1.893574
   5200000     -0.771178      2.086205
   5220000     -0.668178      1.895086
   5240000     -0.767984      1.780371
   5260000     -0.836394      1.951151
   5280000     -0.762309      1.978157
   5300000     -0.341480      1.893111
   5320000     -0.173119      1.991450
   5340000     -0.159370      2.116532
   5360000     -0.485917      2.023288
   5380000     -0.546356      2.169432
   5400000     -0.226154      2.177367
   5420000      0.047684      2.310920
   5440000     -0.553056      2.431531
   5460000     -0.816255      2.579022
   5480000     -1.053267      2.768042
   5500000     -0.805841      2.733375
   5520000     -1.346004      3.084537
   5540000     -1.576824      3.133886
   5560000     -1.145278      2.716920
   5580000     -1.329966      2.708088
   5600000     -1.486917      3.047030
   5620000     -1.582614      3.059155
   5640000     -1.658847      3.156409
   5660000     -1.433277      2.854757
   5680000     -1.316359      2.842908
   5700000     -1.458840      2.941699
   5720000     -1.272385      2.934075
   5740000     -0.773700      2.831597
   5760000     -0.749068      2.687563
   5780000     -1.038255      2.824829
   5800000     -0.772225      3.047212
   5820000     -0.521719      3.107292
   5840000     -0.125633      2.994125
   5860000      0.084523      2.920446
   5880000      0.224959      2.942262
   5900000      0.115435      3.054091
   5920000      0.419957      2.862397
   5940000      0.482200      2.995580
   5960000      0.496982      2.956532
   5980000      0.407080      3.022066
   6000000      0.147142      2.862252
