         0      4.000000      0.000000
     20000      4.040218      0.116163
     40000      4.100592      0.168638
     60000      4.115024      0.276689
     80000      4.234590      0.184519
    100000      4.315633      0.139856
    120000      4.382024      0.096282
    140000      4.411576     -0.001202
    160000      4.498825     -0.016053
    180000      4.586495      0.058908
    200000      4.630967      0.018525
    220000      4.726180      0.127870
    240000      4.783114      0.333349
    260000      4.844510      0.363050
    280000      4.893049      0.411103
    300000      4.962624      0.431019
    320000      5.050962      0.419562
    340000      5.141599      0.372530
    360000      5.208690      0.266172
    380000      5.272690      0.276033
    400000      5.337953      0.312555
    420000      5.402408      0.326148
    440000      5.474983      0.259958
    460000      5.535631      0.283555
    480000      5.603191      0.261635
    500000      5.654710      0.246735
    520000      5.706948      0.262622
    540000      5.777281      0.180030
    560000      5.863386      0.269640
    580000      5.926212      0.150693
    600000      6.010675      0.113899
    620000      6.067721      0.074816
    640000      6.126992      0.070920
    660000      6.203734      0.096155
    680000      6.272428      0.239836
    700000      6.351746      0.236870
    720000      6.439512      0.128591
    740000      6.477192      0.288811
    760000      6.560744      0.274233
    780000      6.657879      0.185890
    800000      6.723910      0.195442
    820000      6.792903      0.213972
    840000      6.852920      0.053352
    860000      6.905473      0.033504
    880000      6.987703     -0.019271
    900000      7.046646     -0.025212
    920000      7.079180      0.073391
    940000      7.121112      0.093001
    960000      7.222884      0.105795
    980000      7.330121     -0.016089
   1000000      7.401585     -0.057866
   1020000      7.467423     -0.034062
   1040000      7.532214     -0.056707
   1060000      7.601631     -0.091911
   1080000      7.665932      0.019821
   1100000      7.737520     -0.009817
   1120000      7.801573     -0.118192
   1140000      7.882628     -0.134442
   1160000      7.926314      0.045340
   1180000      7.964831      0.101201
   1200000      8.017438      0.150384
   1220000      8.097314      0.179230
   1240000      8.173564      0.255317
   1260000      8.267001      0.228939
   1280000      8.304237      0.322408
   1300000      8.380099      0.289124
   1320000      8.458739      0.297739
   1340000      8.516859      0.337419
   1360000      8.575136      0.411723
   1380000      8.631298      0.403335
   1400000      8.669703      0.320155
   1420000      8.733983      0.572262
   1440000      8.766067      0.678253
   1460000      8.838479      0.689054
   1480000      8.897528      0.731278
   1500000      9.003896      0.703099
   1520000      9.077343      0.620236
   1540000      9.144308      0.628110
   1560000      9.189156      0.694253
   1580000      9.236779      0.765627
   1600000      9.305572      0.804882
   1620000      9.369469      0.648791
   1640000      9.444160      0.688829
   1660000      9.500764      0.613103
   1680000      9.560170      0.826174
   1700000      9.622874      0.872952
   1720000      9.693588      0.892653
   1740000      9.720909      1.013303
   1760000      9.785959      1.038287
   1780000      9.838058      1.061977
   1800000      9.822395      1.154103
   1820000      9.927246      1.154638
   1840000      9.982006      1.204379
   1860000      9.940760      1.320815
   1880000      9.962831      1.375529
   1900000      9.997476      1.443846
   1920000     10.105852      1.462003
   1940000     10.111971      1.554757
   1960000     10.085625      1.642935
   1980000     10.044942      1.728984
   2000000     10.070218      1.797683
   2020000     10.198644      1.852048
   2040000     10.253435      1.899995
   2060000     10.315061      1.943105
   2080000     10.337323      1.994013
   2100000     10.410201      2.025398
   2120000     10.496867      1.999157
   2140000     10.499418      2.101492
   2160000     10.586323      2.107540
   2180000     10.628558      2.172607
   2200000     10.603735      2.302005
   2220000     10.622954      2.370464
   2240000     10.723107      2.383554
   2260000     10.802049      2.412410
   2280000     10.804919      2.531074
   2300000     10.823709      2.600888
   2320000     10.910103      2.627587
   2340000     10.966672      2.649162
   2360000     11.032996      2.681477
   2380000     11.026293      2.777355
   2400000     11.039630      2.869912
   2420000     11.139491      2.884269
   2440000     11.185108      2.942717
   2460000     11.223442      2.986262
   2480000     11.288506      3.032179
   2500000     11.334228      3.094496
   2520000     11.407726      3.126388
   2540000     11.530418      3.082303
   2560000     11.551770      3.167487
   2580000     11.626043      3.178372
   2600000     11.668236      3.241533
   2620000     11.734291      3.224090
   2640000     11.791321      3.204371
   2660000     11.818971      3.404067
   2680000     11.904635      3.406359
   2700000     11.961289      3.428710
   2720000     12.047639      3.406456
   2740000     12.104497      3.427487
   2760000     12.176395      3.449728
   2780000     12.239062      3.505256
   2800000     12.271052      3.608080
   2820000     12.337970      3.661646
   2840000     12.418636      3.663822
   2860000     12.474844      3.714680
   2880000     12.495574      3.794489
   2900000     12.447354      3.947198
   2920000     12.539822      3.967466
   2940000     12.606630      4.032530
   2960000     12.722411      3.982553
   2980000     12.754373      4.047369
   3000000     12.784718      4.116706
   3020000     12.745388      4.274239
   3040000     12.771701      4.306901
   3060000     12.831757      4.362947
   3080000     12.867359      4.407350
   3100000     12.820302      4.511379
   3120000     12.867583      4.564405
   3140000     13.011581      4.582003
   3160000     13.065425      4.626142
   3180000     13.126359      4.658883
   3200000     13.240855      4.632298
   3220000     13.311582      4.687954
   3240000     13.308887      4.795688
   3260000     13.395943      4.787309
   3280000     13.455270      4.813698
   3300000     13.537161      4.822692
   3320000     13.622539      4.840352
   3340000     13.684367      4.857742
   3360000     13.718213      4.920980
   3380000     13.780641      4.962810
   3400000     13.750721      5.121021
   3420000     13.768104      5.210356
   3440000     13.764160      5.269755
   3460000     13.783168      5.351148
   3480000     13.762034      5.446127
   3500000     13.703369      5.536747
   3520000     13.721003      5.591736
   3540000     13.696897      5.658444
   3560000     13.657292      5.744988
   3580000     13.714631      5.809987
   3600000     13.659300      5.867392
   3620000     13.659643      5.920919
   3640000     13.624760      6.022932
   3660000     13.670079      6.100435
   3680000     13.554827      6.186354
   3700000     13.741345      6.262915
   3720000     13.755200      6.334453
   3740000     13.772723      6.393499
   3760000     13.767771      6.489585
   3780000     13.734085      6.559124
   3800000     13.776686      6.631763
   3820000     13.681413      6.693777
   3840000     13.804391      6.749462
   3860000     13.756299      6.834987
   3880000     13.745071      6.903694
   3900000     13.759134      6.968468
   3920000     13.772424      7.021573
   3940000     13.742229      7.099469
   3960000     13.642581      7.144368
   3980000     13.592192      7.231916
   4000000     13.530954      7.260645
   4020000     13.516864      7.324438
   4040000     13.449289      7.386835
   4060000     13.354946      7.408862
   4080000     13.341498      7.455810
   4100000     13.446381      7.601505
   4120000     13.350808      7.620128
   4140000     13.373193      7.691615
   4160000     13.287377      7.737932
   4180000     13.233688      7.769798
   4200000     13.210350      7.830172
   4220000     13.304059      7.926618
   4240000     13.376736      7.975667
   4260000     13.447556      8.034914
   4280000     13.489559      8.080469
   4300000     13.505392      8.151619
   4320000     13.492219      8.230238
   4340000     13.451891      8.298650
   4360000     13.459811      8.375155
   4380000     13.495213      8.434146
   4400000     13.560985      8.493874
   4420000     13.606444      8.545239
   4440000     13.573410      8.618956
   4460000     13.617983      8.694795
   4480000     13.534550      8.783493
   4500000     13.529071      8.841663
   4520000     13.533706      8.933276
   4540000     13.472971      9.002283
   4560000     13.522189      9.091844
   4580000     13.577847      9.163432
   4600000     13.594277      9.227684
   4620000     13.608051      9.285809
   4640000     13.623567      9.336620
   4660000     13.608951      9.423327
   4680000     13.603784      9.484810
   4700000     13.589189      9.565067
   4720000     13.637421      9.624647
   4740000     13.704555      9.662781
   4760000     13.704297      9.744606
   4780000     13.603073      9.850415
   4800000     13.590597      9.920493
   4820000     13.500264      9.996645
   4840000     13.468793     10.069118
   4860000     13.362932     10.108519
   4880000     13.668383     10.204385
   4900000     13.750942     10.229618
   4920000     13.717660     10.311388
   4940000     13.741978     10.374680
   4960000     13.666634     10.470068
   4980000     13.796306     10.523915
   5000000     13.786746     10.597383
   5020000     13.810932     10.654042
   5040000     13.909264     10.694230
   5060000     13.883844     10.772893
   5080000     13.829554     10.860562
   5100000     13.704247     10.951570
   5120000     13.745804     10.997625
   5140000     13.749347     11.073561
   5160000     13.823876     11.134949
   5180000     13.854003     11.182894
   5200000     13.857759     11.249583
   5220000     13.738148     11.386636
   5240000     13.693952     11.458279
   5260000     13.692336     11.530335
   5280000     13.587819     11.560227
   5300000     13.690070     11.681479
   5320000     13.731710     11.742922
   5340000     13.658333     11.810618
   5360000     13.681511     11.870763
   5380000     13.671173     11.933413
   5400000     13.781330     11.994208
   5420000     13.669396     12.063334
   5440000     13.640240     12.118810
   5460000     13.638037     12.184914
   5480000     13.562592     12.242281
   5500000     13.607811     12.320104
   5520000     13.570819     12.380056
   5540000     13.663196     12.463066
   5560000     13.675091     12.523472
   5580000     13.690660     12.583497
   5600000     13.598411     12.636198
   5620000     13.627032     12.697064
   5640000     13.570548     12.761294
   5660000     13.540648     12.843179
   5680000     13.506878     12.902475
   5700000     13.461880     12.965661
   5720000     13.459046     13.033693
   5740000     13.421671     13.089490
   5760000     13.381903     13.140070
   5780000     13.320192     13.188576
   5800000     13.295283     13.250755
   5820000     13.205007     13.249320
   5840000     13.233577     13.364830
   5860000     13.196019     13.413332
   5880000     13.182802     13.481525
   5900000     13.066835     13.450412
   5920000     13.112358     13.598821
   5940000     12.999267     13.615426
   5960000     13.003341     13.710783
   5980000     12.923534     13.746175
   6000000     12.805690     13.744601
