         0      4.000000      0.000000
     20000      4.015595     -0.027302
     40000      4.036374     -0.064465
     60000      4.053918     -0.088065
     80000      4.081574     -0.063274
    100000      4.094029     -0.110503
    120000      4.131835     -0.087481
    140000      4.137998     -0.134860
    160000      4.153532     -0.147320
    180000      4.155014     -0.195308
    200000      4.189652     -0.200189
    220000      4.260208     -0.069955
    240000      4.271082     -0.081832
    260000      4.306373     -0.075732
    280000      4.327420     -0.085374
    300000      4.353478     -0.066710
    320000      4.381767     -0.043776
    340000      4.408992     -0.015471
    360000      4.425419     -0.055514
    380000      4.452401      0.010371
    400000      4.474764     -0.012562
    420000      4.507908      0.039457
    440000      4.531744      0.038860
    460000      4.556228      0.038748
    480000      4.586350      0.074746
    500000      4.619771      0.066371
    520000      4.639912      0.077598
    540000      4.654373      0.129130
    560000      4.681391      0.109093
    580000      4.700981      0.097395
    600000      4.723012      0.159772
    620000      4.764730      0.071892
    640000      4.789950      0.079114
    660000      4.810619      0.104968
    680000      4.834338      0.134195
    700000      4.847906      0.173381
    720000      4.877601      0.160874
    740000      4.895873      0.175725
    760000      4.941598      0.105573
    780000      4.966884      0.130057
    800000      4.980590      0.135352
    820000      5.009130      0.123338
    840000      5.031394      0.093909
    860000      5.049172      0.081564
    880000      5.087046      0.081610
    900000      5.115421      0.074955
    920000      5.141476      0.100039
    940000      5.168119      0.091344
    960000      5.193841      0.109869
    980000      5.218745      0.115841
   1000000      5.250675      0.048170
   1020000      5.271827      0.062403
   1040000      5.281399      0.081178
   1060000      5.287445      0.102500
   1080000      5.290555      0.137535
   1100000      5.296597      0.173250
   1120000      5.368079      0.125524
   1140000      5.415538      0.059856
   1160000      5.425457      0.123394
   1180000      5.470628      0.115628
   1200000      5.517518      0.055321
   1220000      5.541874     -0.000580
   1240000      5.575598      0.120848
   1260000      5.606941      0.110754
   1280000      5.628251      0.125095
   1300000      5.655289      0.164892
   1320000      5.671271      0.201227
   1340000      5.713651      0.110614
   1360000      5.731738      0.123232
   1380000      5.768989      0.126711
   1400000      5.788818      0.178102
   1420000      5.793084      0.215824
   1440000      5.805633      0.243951
   1460000      5.811057      0.275928
   1480000      5.853070      0.282827
   1500000      5.873146      0.299350
   1520000      5.891065      0.305426
   1540000      5.935855      0.299495
   1560000      5.985463      0.273903
   1580000      6.023764      0.263719
   1600000      6.044031      0.269935
   1620000      6.066402      0.273791
   1640000      6.088660      0.277811
   1660000      6.106683      0.292076
   1680000      6.140760      0.278738
   1700000      6.171476      0.287099
   1720000      6.196894      0.321540
   1740000      6.227879      0.298700
   1760000      6.250242      0.309111
   1780000      6.270240      0.316224
   1800000      6.298017      0.303608
   1820000      6.304431      0.354906
   1840000      6.328897      0.357556
   1860000      6.370210      0.334145
   1880000      6.395627      0.332006
   1900000      6.414721      0.362246
   1920000      6.438475      0.343610
   1940000      6.424154      0.449170
   1960000      6.455580      0.450830
   1980000      6.484287      0.453560
   2000000      6.469754      0.559935
   2020000      6.538518      0.517098
   2040000      6.547295      0.569049
   2060000      6.583263      0.565672
   2080000      6.607053      0.574731
   2100000      6.639563      0.541265
   2120000      6.635945      0.623759
   2140000      6.649611      0.645847
   2160000      6.673351      0.660316
   2180000      6.665018      0.693360
   2200000      6.712690      0.670422
   2220000      6.718577      0.700946
   2240000      6.734031      0.722428
   2260000      6.680456      0.786862
   2280000      6.757989      0.758308
   2300000      6.751450      0.803692
   2320000      6.820920      0.788432
   2340000      6.786845      0.842970
   2360000      6.825982      0.852815
   2380000      6.901980      0.824754
   2400000      6.985541      0.738115
   2420000      7.003938      0.767526
   2440000      6.928143      0.921930
   2460000      6.879818      0.977085
   2480000      6.893054      0.999396
   2500000      6.856664      1.023023
   2520000      6.868240      1.039322
   2540000      6.870989      1.065279
   2560000      6.881528      1.081208
   2580000      6.881248      1.122018
   2600000      6.883419      1.154514
   2620000      7.031754      1.121570
   2640000      7.128487      1.078218
   2660000      7.142152      1.107717
   2680000      7.132814      1.147459
   2700000      7.132406      1.180846
   2720000      7.152472      1.199515
   2740000      7.137162      1.246784
   2760000      7.150288      1.299484
   2780000      7.109444      1.353124
   2800000      7.151800      1.362572
   2820000      7.144434      1.394517
   2840000      7.188075      1.406789
   2860000      7.208567      1.428538
   2880000      7.305273      1.401656
   2900000      7.300255      1.436419
   2920000      7.377708      1.431606
   2940000      7.392357      1.440129
   2960000      7.340192      1.524586
   2980000      7.404638      1.511133
   3000000      7.398874      1.541215
   3020000      7.381222      1.587528
   3040000      7.383670      1.628000
   3060000      7.348659      1.673957
   3080000      7.341644      1.697248
   3100000      7.470295      1.653460
   3120000      7.417489      1.716363
   3140000      7.388903      1.755542
   3160000      7.396306      1.769756
   3180000      7.341498      1.793398
   3200000      7.361173      1.830315
   3220000      7.312063      1.861006
   3240000      7.333180      1.886314
   3260000      7.331918      1.906742
   3280000      7.365176      1.922767
   3300000      7.388646      1.938868
   3320000      7.386159      1.961108
   3340000      7.512647      1.958678
   3360000      7.492362      1.998572
   3380000      7.554482      1.998459
   3400000      7.559153      2.026918
   3420000      7.586254      2.030629
   3440000      7.528213      2.097101
   3460000      7.539521      2.119432
   3480000      7.517606      2.146934
   3500000      7.475677      2.175335
   3520000      7.486881      2.197747
   3540000      7.512030      2.219244
   3560000      7.539512      2.233837
   3580000      7.515160      2.261639
   3600000      7.501676      2.301174
   3620000      7.437330      2.333212
   3640000      7.447238      2.361344
   3660000      7.449976      2.390536
   3680000      7.455478      2.420116
   3700000      7.385861      2.442418
   3720000      7.437064      2.480924
   3740000      7.446698      2.503104
   3760000      7.421226      2.521848
   3780000      7.372398      2.534574
   3800000      7.408460      2.580090
   3820000      7.445649      2.609986
   3840000      7.414301      2.633359
   3860000      7.415067      2.672480
   3880000      7.397472      2.686867
   3900000      7.419045      2.722770
   3920000      7.412116      2.754568
   3940000      7.438903      2.786599
   3960000      7.432963      2.803061
   3980000      7.456168      2.818716
   4000000      7.412667      2.848027
   4020000      7.395663      2.876749
   4040000      7.359710      2.888989
   4060000      7.339815      2.909798
   4080000      7.336577      2.931667
   4100000      7.344111      2.961737
   4120000      7.324468      2.975337
   4140000      7.293991      2.996232
   4160000      7.284409      3.015199
   4180000      7.232594      3.017002
   4200000      7.253351      3.060971
   4220000      7.259172      3.092727
   4240000      7.237704      3.113376
   4260000      7.266598      3.147882
   4280000      7.244759      3.167428
   4300000      7.228909      3.189060
   4320000      7.167207      3.183031
   4340000      7.157492      3.210874
   4360000      7.153096      3.242478
   4380000      7.110755      3.249046
   4400000      7.100764      3.264258
   4420000      7.084887      3.283687
   4440000      7.074573      3.299673
   4460000      7.023027      3.277551
   4480000      7.007979      3.289243
   4500000      6.988819      3.285164
   4520000      7.009438      3.359617
   4540000      7.008236      3.389246
   4560000      7.038092      3.436870
   4580000      7.071496      3.469842
   4600000      7.087446      3.481251
   4620000      7.136379      3.498565
   4640000      6.880285      3.427316
   4660000      6.842005      3.431191
   4680000      6.820776      3.437233
   4700000      6.783196      3.440557
   4720000      6.767827      3.462579
   4740000      6.743782      3.481731
   4760000      6.723875      3.508342
   4780000      6.640173      3.421496
   4800000      6.625853      3.456568
   4820000      6.616918      3.474168
   4840000      6.603678      3.499585
   4860000      6.600979      3.542639
   4880000      6.575106      3.542042
   4900000      6.559013      3.561277
   4920000      6.538777      3.564475
   4940000      6.545797      3.617332
   4960000      6.575589      3.665424
   4980000      6.595554      3.707567
   5000000      6.616155      3.738197
   5020000      6.572832      3.771754
   5040000      6.566239      3.798871
   5060000      6.482325      3.792417
   5080000      6.481483      3.821965
   5100000      6.475597      3.849513
   5120000      6.424319      3.833925
   5140000      6.428248      3.869055
   5160000      6.378655      3.860346
   5180000      6.349577      3.874569
   5200000      6.335024      3.893885
   5220000      6.443758      4.020990
   5240000      6.409749      4.025499
   5260000      6.418703      4.054925
   5280000      6.309092      3.985919
   5300000      6.293630      4.002010
   5320000      6.271094      4.002406
   5340000      6.236353      3.979723
   5360000      6.281524      4.081793
   5380000      6.282522      4.122588
   5400000      6.235264      4.117125
   5420000      6.214438      4.132108
   5440000      6.202626      4.148143
   5460000      6.162369      4.142835
   5480000      6.136920      4.143383
   5500000      6.131628      4.173273
   5520000      6.166686      4.257265
   5540000      6.147764      4.266999
   5560000      6.140259      4.304714
   5580000      6.117307      4.316140
   5600000      6.077929      4.282311
   5620000      6.066091      4.298294
   5640000      6.052028      4.322940
   5660000      6.017203      4.315196
   5680000      5.990453      4.331123
   5700000      5.954105      4.304565
   5720000      5.933694      4.319199
   5740000      5.907890      4.330825
   5760000      5.884637      4.320582
   5780000      5.858655      4.297737
   5800000      5.837951      4.296630
   5820000      5.820683      4.289879
   5840000      5.793654      4.301623
   5860000      5.775721      4.290822
   5880000      5.755921      4.284084
   5900000      5.737638      4.362432
   5920000      5.702510      4.350665
   5940000      5.654215      4.316508
   5960000      5.624945      4.320547
   5980000      5.600311      4.335708
   6000000      5.582741      4.330107
   6020000      5.569173      4.358953
   6040000      5.531422      4.220224
   6060000      5.514069      4.222095
   6080000      5.491445      4.236240
   6100000      5.470430      4.203752
   6120000      5.438235      4.189737
   6140000      5.409158      4.226121
   6160000      5.384008      4.218482
   6180000      5.344885      4.272941
   6200000      5.315331      4.284142
   6220000      5.284206      4.224426
   6240000      5.261357      4.196834
   6260000      5.227547      4.296509
   6280000      5.193255      4.340825
   6300000      5.180161      4.384235
   6320000      5.141634      4.378135
   6340000      5.130395      4.401926
   6360000      5.086476      4.369442
   6380000      5.102194      4.434454
   6400000      5.066351      4.415013
   6420000      5.021354      4.385072
   6440000      4.995741      4.357207
   6460000      4.976135      4.353877
   6480000      4.943798      4.374547
   6500000      4.910876      4.381305
   6520000      4.888714      4.334181
   6540000      4.868673      4.332796
   6560000      4.883867      4.531972
   6580000      4.836583      4.523322
   6600000      4.808470      4.512766
   6620000      4.738853      4.367916
   6640000      4.712840      4.377104
   6660000      4.677995      4.336316
   6680000      4.659323      4.364264
   6700000      4.639642      4.384897
   6720000      4.600444      4.297767
   6740000      4.580637      4.265773
   6760000      4.549630      4.266161
   6780000      4.523922      4.287528
   6800000      4.506834      4.271798
   6820000      4.491411      4.239598
   6840000      4.478246      4.211379
   6860000      4.416110      4.310519
   6880000      4.390892      4.279509
   6900000      4.373187      4.281271
   6920000      4.345455      4.292061
   6940000      4.312283      4.269435
   6960000      4.290569      4.304988
   6980000      4.263156      4.273627
   7000000      4.246025      4.308859
   7020000      4.220258      4.285744
   7040000      4.210425      4.207286
   7060000      4.189914      4.182700
   7080000      4.170811      4.163557
   7100000      4.162972      4.128726
   7120000      4.134829      4.132067
   7140000      4.098796      4.128096
   7160000      4.067796      4.122643
   7180000      4.052398      4.094806
   7200000      4.045615      4.057945
   7220000      4.030651      4.037158
   7240000      3.974640      4.066573
   7260000      3.947319      4.064950
   7280000      3.950078      4.022579
   7300000      3.910536      4.016317
   7320000      3.896046      3.988020
   7340000      3.868832      3.969066
   7360000      3.863399      3.948312
   7380000      3.868645      3.912778
   7400000      3.818551      3.924337
   7420000      3.815964      3.899306
   7440000      3.736172      3.959576
   7460000      3.706806      3.949681
   7480000      3.688215      3.931398
   7500000      3.675261      3.909499
   7520000      3.671706      3.871110
   7540000      3.687071      3.817635
   7560000      3.631203      3.812287
   7580000      3.607307      3.798903
   7600000      3.591369      3.778095
   7620000      3.555818      3.802413
   7640000      3.553384      3.771178
   7660000      3.571974      3.704072
   7680000      3.492471      3.757363
   7700000      3.490403      3.723696
   7720000      3.488137      3.691369
   7740000      3.482593      3.667423
   7760000      3.468702      3.642572
   7780000      3.469999      3.617092
   7800000      3.463425      3.597819
   7820000      3.455142      3.578295
   7840000      3.430994      3.560513
   7860000      3.415928      3.541057
   7880000      3.398852      3.512485
   7900000      3.360156      3.503764
   7920000      3.328307      3.500287
   7940000      3.309712      3.490776
   7960000      3.286253      3.471961
   7980000      3.281525      3.439039
   8000000      3.236622      3.446823
   8020000      3.214425      3.444472
   8040000      3.243729      3.371314
   8060000      3.351638      3.257211
   8080000      3.325810      3.245659
   8100000      3.287772      3.241264
   8120000      3.281359      3.226233
   8140000      3.264294      3.207542
   8160000      3.239959      3.190114
   8180000      3.260485      3.145307
   8200000      3.393346      3.077067
   8220000      3.415382      3.047757
   8240000      3.354141      3.028685
   8260000      3.312165      3.027149
   8280000      3.319421      2.990636
   8300000      3.318593      2.970643
   8320000      3.278095      2.965190
   8340000      3.349747      2.919819
   8360000      3.369002      2.895850
   8380000      3.226866      2.908812
   8400000      3.259487      2.865676
   8420000      3.257506      2.841901
   8440000      3.245492      2.825940
   8460000      3.166823      2.832297
   8480000      3.149636      2.808955
   8500000      3.131295      2.794983
   8520000      3.097327      2.784186
   8540000      3.063618      2.773890
   8560000      3.026394      2.765529
   8580000      3.008588      2.742305
   8600000      3.052674      2.687061
   8620000      3.066205      2.650904
   8640000      3.091144      2.620315
   8660000      3.106601      2.601008
   8680000      2.982760      2.610616
   8700000      3.026751      2.560850
   8720000      3.050956      2.539750
   8740000      3.011490      2.518950
   8760000      3.022711      2.489297
   8780000      3.044771      2.456173
   8800000      3.069060      2.429107
   8820000      3.047679      2.404629
   8840000      3.091042      2.377619
   8860000      3.087555      2.351963
   8880000      3.081252      2.327234
   8900000      3.097936      2.301274
   8920000      3.074594      2.287113
   8940000      3.062089      2.276912
   8960000      3.061508      2.261121
   8980000      3.053673      2.247369
   9000000      3.102056      2.197956
   9020000      3.147099      2.163525
   9040000      3.172849      2.147510
   9060000      3.204540      2.125369
   9080000      3.252951      2.113413
   9100000      3.180574      2.061081
   9120000      3.158704      2.033224
   9140000      3.300513      2.035789
   9160000      3.344192      2.038764
   9180000      3.354274      2.023817
   9200000      3.331625      1.973773
   9220000      3.315646      1.934628
   9240000      3.324019      1.904248
   9260000      3.291031      1.872659
   9280000      3.271503      1.844381
   9300000      3.372572      1.855183
   9320000      3.378060      1.823530
   9340000      3.380927      1.791951
   9360000      3.315197      1.752266
   9380000      3.282629      1.721716
   9400000      3.282468      1.707216
   9420000      3.322499      1.681400
   9440000      3.281462      1.657643
   9460000      3.271188      1.636637
   9480000      3.276523      1.617818
   9500000      3.281733      1.590410
   9520000      3.272331      1.562660
   9540000      3.264127      1.531875
   9560000      3.209658      1.499678
   9580000      3.183144      1.485760
   9600000      3.185650      1.464446
   9620000      3.211939      1.434795
   9640000      3.194417      1.418603
   9660000      3.203192      1.385788
   9680000      3.179319      1.373916
   9700000      3.199937      1.330640
   9720000      3.204888      1.312041
   9740000      3.182685      1.293385
   9760000      3.278662      1.244574
   9780000      3.241094      1.222903
   9800000      3.240675      1.202771
   9820000      3.240011      1.176577
   9840000      3.217345      1.166562
   9860000      3.201041      1.144600
   9880000      3.200547      1.122525
   9900000      3.199855      1.087380
   9920000      3.314396      1.046392
   9940000      3.353312      1.035052
   9960000      3.307505      1.004147
   9980000      3.312381      0.974195
  10000000      3.292804      0.954771
