         0      4.000000      0.000000
     20000      4.004104     -0.049862
     40000      4.016122     -0.048354
     60000      4.038858     -0.031600
     80000      4.050603     -0.043431
    100000      4.069762     -0.010894
    120000      4.080649      0.000693
    140000      4.097408     -0.013207
    160000      4.116493     -0.028047
    180000      4.124040     -0.003595
    200000      4.150307     -0.008680
    220000      4.160146     -0.086220
    240000      4.173975     -0.076948
    260000      4.184936     -0.088846
    280000      4.209427     -0.067456
    300000      4.214614     -0.084316
    320000      4.235845     -0.081132
    340000      4.248479     -0.113852
    360000      4.258871     -0.129232
    380000      4.268260     -0.165674
    400000      4.296082     -0.115827
    420000      4.301839     -0.139816
    440000      4.328276     -0.045968
    460000      4.337276     -0.022046
    480000      4.357695     -0.131560
    500000      4.379562     -0.064871
    520000      4.392471     -0.067897
    540000      4.413567     -0.066940
    560000      4.424682     -0.055198
    580000      4.438525     -0.059819
    600000      4.449014     -0.055787
    620000      4.467205     -0.055181
    640000      4.465988     -0.011200
    660000      4.479352     -0.001977
    680000      4.502793     -0.013931
    700000      4.512261     -0.000089
    720000      4.517222      0.021822
    740000      4.521741      0.041045
    760000      4.523761      0.048963
    780000      4.527525      0.072902
    800000      4.547708      0.077814
    820000      4.573470      0.073791
    840000      4.594637      0.057377
    860000      4.630094     -0.031138
    880000      4.670607     -0.074901
    900000      4.679430     -0.015395
    920000      4.710901     -0.080065
    940000      4.729627     -0.074214
    960000      4.742363     -0.075641
    980000      4.753160     -0.066318
   1000000      4.769816     -0.098302
   1020000      4.779908     -0.113292
   1040000      4.805918     -0.088572
   1060000      4.818614     -0.095166
   1080000      4.834370     -0.083554
   1100000      4.850489     -0.076417
   1120000      4.856769     -0.071050
   1140000      4.862680     -0.064368
   1160000      4.877062     -0.043779
   1180000      4.906172     -0.058059
   1200000      4.927163     -0.051099
   1220000      4.945797     -0.050040
   1240000      4.962678     -0.049467
   1260000      4.978421     -0.007637
   1280000      4.989395      0.005464
   1300000      4.992667      0.033764
   1320000      4.977440      0.075749
   1340000      5.051516     -0.026540
   1360000      5.075282     -0.093529
   1380000      5.090221     -0.051701
   1400000      5.105842     -0.039524
   1420000      5.115261     -0.026710
   1440000      5.124278     -0.010827
   1460000      5.150788     -0.037762
   1480000      5.174276     -0.062083
   1500000      5.184190      0.007706
   1520000      5.202682     -0.011670
   1540000      5.225739     -0.050902
   1560000      5.240020     -0.065023
   1580000      5.254702     -0.095712
   1600000      5.272582     -0.099760
   1620000      5.294457     -0.076541
   1640000      5.303861     -0.068280
   1660000      5.317257     -0.127957
   1680000      5.334143     -0.130028
   1700000      5.335614     -0.169718
   1720000      5.352691     -0.188857
   1740000      5.366623     -0.188634
   1760000      5.366477     -0.219279
   1780000      5.395410     -0.192066
   1800000      5.405417     -0.200070
   1820000      5.423921     -0.199751
   1840000      5.432210     -0.209121
   1860000      5.449009     -0.214068
   1880000      5.461021     -0.225399
   1900000      5.466993     -0.249952
   1920000      5.482303     -0.262206
   1940000      5.492299     -0.267194
   1960000      5.527282     -0.249528
   1980000      5.547834     -0.247723
   2000000      5.556544     -0.285110
   2020000      5.573794     -0.289057
   2040000      5.598741     -0.245073
   2060000      5.611383     -0.239937
   2080000      5.625955     -0.237306
   2100000      5.638972     -0.233517
   2120000      5.652171     -0.222903
   2140000      5.668233     -0.204327
   2160000      5.686647     -0.219514
   2180000      5.697407     -0.230848
   2200000      5.716821     -0.261222
   2220000      5.742104     -0.244778
   2240000      5.754300     -0.240622
   2260000      5.718619     -0.434212
   2280000      5.734526     -0.429609
   2300000      5.764925     -0.400442
   2320000      5.783762     -0.392839
   2340000      5.809245     -0.378230
   2360000      5.826453     -0.373300
   2380000      5.846645     -0.388790
   2400000      5.862218     -0.390176
   2420000      5.879528     -0.397927
   2440000      5.899640     -0.401252
   2460000      5.910172     -0.400764
   2480000      5.927534     -0.386986
   2500000      5.942315     -0.401318
   2520000      5.961847     -0.422202
   2540000      5.980001     -0.403288
   2560000      6.002162     -0.395276
   2580000      6.009956     -0.414517
   2600000      6.034879     -0.357547
   2620000      6.047518     -0.354027
   2640000      6.055116     -0.321584
   2660000      6.084484     -0.372902
   2680000      6.088939     -0.456925
   2700000      6.114930     -0.397693
   2720000      6.129367     -0.398406
   2740000      6.145529     -0.397522
   2760000      6.164038     -0.400998
   2780000      6.177427     -0.425434
   2800000      6.199672     -0.412777
   2820000      6.222485     -0.401690
   2840000      6.237298     -0.394013
   2860000      6.258821     -0.382273
   2880000      6.266897     -0.415686
   2900000      6.284879     -0.427609
   2920000      6.300607     -0.452715
   2940000      6.322199     -0.417971
   2960000      6.344942     -0.400471
   2980000      6.354033     -0.417784
   3000000      6.375338     -0.427335
   3020000      6.398709     -0.381906
   3040000      6.409479     -0.360053
   3060000      6.420854     -0.339654
   3080000      6.431815     -0.335010
   3100000      6.444117     -0.324663
   3120000      6.459615     -0.315908
   3140000      6.478256     -0.328616
   3160000      6.484363     -0.317756
   3180000      6.503684     -0.265059
   3200000      6.506499     -0.247348
   3220000      6.513207     -0.229661
   3240000      6.536628     -0.260396
   3260000      6.546689     -0.246939
   3280000      6.518932     -0.153030
   3300000      6.522779     -0.136077
   3320000      6.542396     -0.127557
   3340000      6.553252     -0.105925
   3360000      6.567515     -0.097122
   3380000      6.610543     -0.133978
   3400000      6.625376     -0.113024
   3420000      6.640411     -0.099078
   3440000      6.649429     -0.080953
   3460000      6.678137     -0.095553
   3480000      6.681368     -0.069828
   3500000      6.660593     -0.008293
   3520000      6.681389     -0.010097
   3540000      6.702575     -0.014222
   3560000      6.706596      0.009550
   3580000      6.730222      0.009928
   3600000      6.736466      0.013758
   3620000      6.744051      0.018191
   3640000      6.756178      0.026502
   3660000      6.769248      0.043395
   3680000      6.749881      0.100309
   3700000      6.760730      0.129303
   3720000      6.788251      0.120671
   3740000      6.767759      0.175460
   3760000      6.771704      0.186580
   3780000      6.772921      0.202736
   3800000      6.841950      0.174977
   3820000      6.859257      0.172735
   3840000      6.896979      0.140895
   3860000      6.871589      0.220819
   3880000      6.871527      0.228101
   3900000      6.892241      0.245651
   3920000      6.893136      0.259033
   3940000      6.911229      0.266136
   3960000      6.932392      0.270569
   3980000      6.980971      0.253985
   4000000      7.006739      0.255230
   4020000      7.013700      0.273825
   4040000      7.026794      0.282258
   4060000      7.038071      0.298740
   4080000      7.017589      0.332641
   4100000      7.028786      0.347787
   4120000      7.047342      0.350916
   4140000      7.039106      0.389018
   4160000      7.038008      0.414413
   4180000      7.039749      0.437021
   4200000      7.068501      0.437031
   4220000      7.079133      0.452366
   4240000      7.070599      0.482118
   4260000      7.097642      0.477672
   4280000      7.116088      0.484467
   4300000      7.114331      0.503401
   4320000      7.152040      0.482792
   4340000      7.174542      0.499964
   4360000      7.183366      0.511879
   4380000      7.200528      0.521832
   4400000      7.224987      0.524144
   4420000      7.251589      0.518548
   4440000      7.277925      0.495581
   4460000      7.272047      0.540824
   4480000      7.238231      0.593989
   4500000      7.321253      0.502607
   4520000      7.315599      0.540420
   4540000      7.331892      0.553514
   4560000      7.337510      0.580052
   4580000      7.297117      0.657770
   4600000      7.309326      0.661369
   4620000      7.308671      0.697408
   4640000      7.309664      0.709041
   4660000      7.286486      0.736716
   4680000      7.294246      0.745910
   4700000      7.296333      0.758658
   4720000      7.303627      0.760763
   4740000      7.441914      0.674243
   4760000      7.462679      0.692722
   4780000      7.462599      0.728627
   4800000      7.478740      0.732417
   4820000      7.472246      0.754225
   4840000      7.480523      0.769415
   4860000      7.519758      0.753710
   4880000      7.551308      0.739014
   4900000      7.550980      0.763902
   4920000      7.572699      0.761898
   4940000      7.586469      0.774116
   4960000      7.601013      0.781886
   4980000      7.607850      0.787258
   5000000      7.613360      0.792911
   5020000      7.627294      0.784040
   5040000      7.638336      0.792002
   5060000      7.653968      0.780713
   5080000      7.658792      0.783241
   5100000      7.670446      0.804810
   5120000      7.686436      0.821358
   5140000      7.687409      0.844897
   5160000      7.686901      0.871008
   5180000      7.723662      0.847824
   5200000      7.734231      0.857619
   5220000      7.739330      0.869745
   5240000      7.719855      0.910959
   5260000      7.718333      0.925193
   5280000      7.733091      0.928420
   5300000      7.754554      0.942458
   5320000      7.797163      0.931191
   5340000      7.814012      0.926084
   5360000      7.826461      0.938022
   5380000      7.826436      0.961443
   5400000      7.849083      0.963641
   5420000      7.868760      0.962975
   5440000      7.883135      0.975304
   5460000      7.900860      0.986253
   5480000      7.920792      0.980745
   5500000      7.930465      0.995314
   5520000      7.951412      1.007353
   5540000      7.941272      1.059786
   5560000      7.954819      1.062869
   5580000      7.963750      1.083137
   5600000      7.881682      1.166870
   5620000      7.887612      1.182977
   5640000      7.880755      1.199348
   5660000      7.899202      1.217962
   5680000      7.899557      1.237880
   5700000      7.902426      1.256352
   5720000      7.940306      1.253831
   5740000      7.899411      1.289908
   5760000      7.866680      1.304314
   5780000      7.887787      1.313441
   5800000      7.919272      1.321892
   5820000      7.926001      1.340592
   5840000      7.995725      1.334097
   5860000      8.009227      1.350057
   5880000      8.023761      1.351319
   5900000      8.024215      1.369042
   5920000      8.039709      1.371809
   5940000      8.091547      1.351857
   5960000      8.026740      1.439722
   5980000      8.035644      1.449513
   6000000      8.015879      1.476546
   6020000      8.021336      1.489891
   6040000      7.949693      1.531824
   6060000      7.950789      1.546721
   6080000      7.937454      1.564980
   6100000      7.932635      1.584309
   6120000      7.973739      1.586355
   6140000      7.988642      1.588342
   6160000      7.992651      1.606406
   6180000      8.006792      1.611253
   6200000      8.005277      1.620992
   6220000      8.029450      1.621117
   6240000      8.036910      1.622203
   6260000      7.916137      1.696083
   6280000      7.874309      1.715397
   6300000      7.874351      1.727100
   6320000      7.867065      1.741440
   6340000      7.816153      1.763906
   6360000      7.803308      1.779344
   6380000      7.803309      1.792969
   6400000      7.801386      1.810237
   6420000      7.802123      1.835585
   6440000      7.785668      1.849739
   6460000      7.726292      1.841368
   6480000      7.733708      1.874198
   6500000      7.722155      1.884655
   6520000      7.722996      1.902882
   6540000      7.710775      1.913784
   6560000      7.710735      1.931033
   6580000      7.698444      1.929708
   6600000      7.693250      1.941865
   6620000      7.671927      1.942200
   6640000      7.666815      1.957196
   6660000      7.650328      1.962541
   6680000      7.645547      1.989024
   6700000      7.633500      2.001720
   6720000      7.626076      2.018564
   6740000      7.631087      2.043248
   6760000      7.622605      2.062016
   6780000      7.617521      2.065738
   6800000      7.613724      2.087817
   6820000      7.617831      2.113302
   6840000      7.601727      2.127378
   6860000      7.603452      2.150901
   6880000      7.600508      2.161348
   6900000      7.586511      2.172638
   6920000      7.580277      2.190034
   6940000      7.543245      2.189615
   6960000      7.542952      2.203531
   6980000      7.545560      2.218161
   7000000      7.538729      2.235427
   7020000      7.582880      2.267391
   7040000      7.563166      2.278255
   7060000      7.552088      2.287679
   7080000      7.535557      2.297666
   7100000      7.519588      2.299623
   7120000      7.518911      2.309697
   7140000      7.537011      2.347609
   7160000      7.541878      2.371563
   7180000      7.604433      2.404586
   7200000      7.603696      2.417719
   7220000      7.607010      2.428532
   7240000      7.668972      2.445322
   7260000      7.689708      2.453986
   7280000      7.683772      2.475699
   7300000      7.687671      2.485736
   7320000      7.689013      2.502224
   7340000      7.671163      2.525646
   7360000      7.696921      2.543878
   7380000      7.734372      2.544579
   7400000      7.754041      2.551386
   7420000      7.722670      2.578553
   7440000      7.711913      2.597339
   7460000      7.711355      2.610688
   7480000      7.724102      2.625789
   7500000      7.733872      2.630696
   7520000      7.756045      2.636556
   7540000      7.765399      2.646443
   7560000      7.744571      2.678072
   7580000      7.691902      2.712079
   7600000      7.748283      2.714724
   7620000      7.749438      2.730479
   7640000      7.709333      2.755276
   7660000      7.720136      2.771034
   7680000      7.716417      2.783297
   7700000      7.707241      2.801055
   7720000      7.714547      2.818184
   7740000      7.713300      2.826539
   7760000      7.720126      2.845013
   7780000      7.724539      2.853039
   7800000      7.733404      2.862780
   7820000      7.711285      2.878113
   7840000      7.712400      2.882936
   7860000      7.721576      2.907174
   7880000      7.715752      2.927781
   7900000      7.717627      2.946398
   7920000      7.730702      2.958904
   7940000      7.748393      2.980534
   7960000      7.760619      2.997528
   7980000      7.751917      3.014684
   8000000      7.763153      3.029588
   8020000      7.770391      3.042616
   8040000      7.862943      3.023998
   8060000      7.838340      3.063690
   8080000      7.838547      3.077799
   8100000      7.849680      3.087672
   8120000      7.851371      3.101128
   8140000      7.850138      3.120358
   8160000      7.871236      3.132197
   8180000      7.869110      3.141998
   8200000      7.873352      3.157734
   8220000      7.909163      3.161097
   8240000      7.891686      3.197317
   8260000      7.900973      3.211914
   8280000      7.906880      3.224364
   8300000      7.907140      3.240636
   8320000      7.898771      3.254152
   8340000      7.894742      3.263203
   8360000      7.992025      3.238645
   8380000      7.999496      3.248441
   8400000      8.008371      3.258881
   8420000      8.012443      3.270979
   8440000      7.956982      3.304532
   8460000      7.961300      3.322162
   8480000      7.986721      3.332459
   8500000      7.993252      3.347100
   8520000      8.008421      3.354279
   8540000      8.040624      3.354895
   8560000      8.065427      3.355141
   8580000      8.070299      3.364384
   8600000      8.081988      3.374586
   8620000      8.084747      3.382843
   8640000      8.077679      3.401892
   8660000      8.091978      3.402850
   8680000      8.102052      3.415086
   8700000      8.119784      3.422884
   8720000      8.135743      3.425699
   8740000      8.146054      3.439839
   8760000      8.159413      3.447296
   8780000      8.150850      3.469709
   8800000      8.163519      3.482607
   8820000      8.174967      3.491960
   8840000      8.224411      3.476580
   8860000      8.237878      3.485711
   8880000      8.241962      3.493878
   8900000      8.266299      3.474687
   8920000      8.225139      3.559785
   8940000      8.226883      3.582592
   8960000      8.245969      3.581491
   8980000      8.244327      3.609255
   9000000      8.304451      3.587906
   9020000      8.320687      3.595960
   9040000      8.322735      3.616088
   9060000      8.361758      3.588739
   9080000      8.401582      3.554509
   9100000      8.406874      3.570996
   9120000      8.413785      3.584523
   9140000      8.414998      3.607488
   9160000      8.421254      3.622497
   9180000      8.459453      3.601530
   9200000      8.499170      3.591291
   9220000      8.492428      3.631632
   9240000      8.516726      3.628152
   9260000      8.564336      3.586652
   9280000      8.575180      3.588591
   9300000      8.586358      3.600881
   9320000      8.592779      3.612760
   9340000      8.584727      3.649337
   9360000      8.587361      3.679086
   9380000      8.554197      3.719082
   9400000      8.617395      3.693644
   9420000      8.628202      3.704652
   9440000      8.634331      3.708540
   9460000      8.653552      3.707782
   9480000      8.660224      3.715949
   9500000      8.645089      3.757917
   9520000      8.657330      3.769830
   9540000      8.647683      3.799354
   9560000      8.659589      3.805523
   9580000      8.758333      3.723584
   9600000      8.762457      3.746540
   9620000      8.773938      3.749336
   9640000      8.794700      3.746320
   9660000      8.801802      3.744098
   9680000      8.828802      3.728057
   9700000      8.839641      3.719183
   9720000      8.848652      3.730707
   9740000      8.859219      3.763274
   9760000      8.876137      3.757919
   9780000      8.892362      3.756354
   9800000      8.900305      3.774393
   9820000      8.926388      3.763205
   9840000      8.946593      3.766134
   9860000      8.954039      3.783515
   9880000      8.946424      3.832300
   9900000      8.956963      3.843903
   9920000      8.980631      3.842697
   9940000      8.996205      3.834729
   9960000      9.010271      3.826914
   9980000      9.030460      3.806985
  10000000      9.048461      3.831596
