         0      4.000000      0.000000
     20000      4.012018     -0.003894
     40000      4.013371     -0.018884
     60000      4.014763     -0.018814
     80000      4.062334      0.047082
    100000      4.148974      0.027990
    120000      4.206107     -0.006156
    140000      4.260201     -0.027679
    160000      4.293256      0.101486
    180000      4.383800      0.114598
    200000      4.442072      0.338739
    220000      4.454240      0.535765
    240000      4.538426      0.483129
    260000      4.642855      0.330750
    280000      4.725074      0.363223
    300000      4.775630      0.357821
    320000      4.855695      0.312943
    340000      4.916075      0.372067
    360000      5.004325      0.427012
    380000      5.031705      0.444838
    400000      5.064817      0.537159
    420000      5.185581      0.410837
    440000      5.238781      0.530037
    460000      5.325779      0.334114
    480000      5.443055      0.359229
    500000      5.480962      0.482298
    520000      5.573932      0.309283
    540000      5.617809      0.211616
    560000      5.682082      0.222804
    580000      5.742448      0.233108
    600000      5.748324      0.164983
    620000      5.828054      0.171046
    640000      5.864237      0.107407
    660000      5.929234      0.112995
    680000      6.009272      0.292295
    700000      6.062457      0.268893
    720000      6.117613      0.283487
    740000      6.133592      0.075098
    760000      6.311823      0.359520
    780000      6.358869      0.629917
    800000      6.363400      0.566052
    820000      6.458558      0.188311
    840000      6.527705      0.339692
    860000      6.516027      0.082163
    880000      6.610275     -0.018390
    900000      6.661667     -0.133789
    920000      6.783494      0.087308
    940000      6.820681      0.003650
    960000      6.831308     -0.142365
    980000      6.903404     -0.144779
   1000000      7.046006     -0.003147
   1020000      6.929335     -0.167199
   1040000      7.136184      0.256129
   1060000      7.233737      0.398549
   1080000      7.240145      0.072582
   1100000      7.335608      0.476721
   1120000      7.310601      0.230069
   1140000      7.300046      0.247437
   1160000      7.355892      0.455145
   1180000      7.405362      0.368484
   1200000      7.373742      0.294602
   1220000      7.407494      0.513423
   1240000      7.612766      0.447215
   1260000      7.690368      0.555827
   1280000      7.762510      0.550039
   1300000      7.807795      0.643206
   1320000      7.869242      0.768505
   1340000      7.919727      0.559701
   1360000      7.983060      0.598962
   1380000      8.042926      0.656658
   1400000      8.113332      0.612770
   1420000      8.172438      0.560310
   1440000      8.250748      0.587801
   1460000      8.306071      0.659292
   1480000      8.316733      0.762569
   1500000      8.283158      0.838505
   1520000      8.503708      0.469740
   1540000      8.551426      0.606462
   1560000      8.645510      0.631476
   1580000      8.677916      0.666361
   1600000      8.762125      0.637110
   1620000      8.828392      0.612758
   1640000      8.889884      0.635307
   1660000      8.944301      0.648390
   1680000      9.012666      0.420981
   1700000      9.036966      0.871785
   1720000      9.132462      0.541319
   1740000      9.226025      0.491555
   1760000      9.228399      0.132329
   1780000      9.294407      0.144644
   1800000      9.351917      0.152553
   1820000      9.274216     -0.150013
   1840000      9.462873      0.206651
   1860000      9.475234      0.285957
   1880000      9.512888      0.152664
   1900000      9.636268      0.267325
   1920000      9.694531      0.222280
   1940000      9.841204      0.691017
   1960000      9.894022      0.590332
   1980000      9.920937      0.511826
   2000000      9.984225      0.570262
   2020000     10.020467      0.180650
   2040000     10.015208      0.064748
   2060000     10.173874      0.435116
   2080000     10.122981      0.499430
   2100000     10.216251      0.477814
   2120000     10.254242      0.788893
   2140000     10.341947      0.674864
   2160000     10.410745      0.591161
   2180000     10.455521      0.752809
   2200000     10.484160      0.841784
   2220000     10.577090      0.812669
   2240000     10.658083      0.744640
   2260000     10.776641      0.655075
   2280000     10.838083      0.616519
   2300000     10.916456      0.672153
   2320000     10.970031      0.432298
   2340000     10.984245      0.269099
   2360000     11.077387      0.402425
   2380000     11.179270      0.590518
   2400000     11.140265      0.696055
   2420000     11.211362      1.114178
   2440000     11.362373      0.914359
   2460000     11.420603      0.740130
   2480000     11.466316      0.775175
   2500000     11.512347      0.725018
   2520000     11.569796      0.653915
   2540000     11.645939      0.477408
   2560000     11.745230      0.492648
   2580000     11.802905      0.485341
   2600000     11.858863      0.599635
   2620000     11.904599      0.783348
   2640000     11.936339      0.889491
   2660000     12.019191      0.861246
   2680000     12.044713      1.054980
   2700000     12.057748      1.139865
   2720000     12.146391      1.130624
   2740000     12.244738      1.159498
   2760000     12.223700      1.400342
   2780000     12.257708      1.542657
   2800000     12.298534      1.554096
   2820000     12.448421      1.387373
   2840000     12.507886      1.368403
   2860000     12.539223      1.423123
   2880000     12.576100      1.517027
   2900000     12.639301      1.484948
   2920000     12.761087      1.347081
   2940000     12.803376      1.295381
   2960000     12.866101      1.387103
   2980000     12.924280      1.356666
   3000000     12.929986      1.573161
   3020000     13.042725      1.521487
   3040000     13.106122      1.519180
   3060000     13.096330      1.732569
   3080000     13.166043      1.756853
   3100000     13.282923      1.655876
   3120000     13.187903      1.896601
   3140000     13.413960      1.535610
   3160000     13.504181      1.384706
   3180000     13.547916      1.349863
   3200000     13.689074      1.033041
   3220000     13.795650      1.483974
   3240000     13.905953      1.351212
   3260000     14.037866      1.539739
   3280000     14.055577      1.485554
   3300000     14.118240      1.557434
   3320000     14.151123      1.597234
   3340000     14.217015      1.714835
   3360000     14.286195      1.724652
   3380000     14.317155      1.822589
   3400000     14.366765      1.753687
   3420000     14.484770      1.596358
   3440000     14.537194      1.623331
   3460000     14.565501      1.753066
   3480000     14.669545      1.731470
   3500000     14.710482      1.797065
   3520000     14.728661      1.959392
   3540000     14.861680      1.796995
   3560000     14.917487      1.740376
   3580000     14.946661      1.524121
   3600000     14.990668      1.527558
   3620000     15.065978      1.887301
   3640000     15.116829      1.982348
   3660000     15.145361      1.988219
   3680000     15.202539      2.059965
   3700000     15.275639      1.999447
   3720000     15.346789      1.955226
   3740000     15.349096      2.073984
   3760000     15.390624      2.052402
   3780000     15.537908      2.009862
   3800000     15.491134      2.222229
   3820000     15.601586      2.184362
   3840000     15.618200      2.280222
   3860000     15.526313      2.468994
   3880000     15.696835      2.399915
   3900000     15.714377      2.493807
   3920000     15.757114      2.564491
   3940000     15.745286      2.650733
   3960000     15.800809      2.654606
   3980000     15.859655      2.620786
   4000000     15.950618      2.674093
   4020000     16.108449      2.586578
   4040000     16.150711      2.694001
   4060000     16.195231      2.717611
   4080000     16.304878      2.610895
   4100000     16.348761      2.679612
   4120000     16.286147      2.925743
   4140000     16.318395      2.984812
   4160000     16.359351      3.017603
   4180000     16.242874      3.130102
   4200000     16.273175      3.193872
   4220000     16.441570      3.142587
   4240000     16.553715      3.141530
   4260000     16.606671      3.187075
   4280000     16.548169      3.304338
   4300000     16.899287      2.908813
   4320000     16.951859      3.018625
   4340000     16.963874      3.135210
   4360000     17.151102      2.739814
   4380000     17.204737      2.932404
   4400000     17.272690      2.947066
   4420000     17.286054      2.945030
   4440000     17.246189      3.121687
   4460000     17.119717      3.183337
   4480000     17.396559      2.955596
   4500000     17.333672      2.881169
   4520000     17.280132      2.939085
   4540000     17.368513      2.907252
   4560000     17.468609      2.850683
   4580000     17.641918      2.565006
   4600000     17.697380      2.440932
   4620000     17.636833      2.719662
   4640000     17.524671      2.773516
   4660000     17.780244      2.449498
   4680000     17.861800      2.474407
   4700000     17.948199      2.259947
   4720000     17.788691      2.644504
   4740000     17.764780      2.714004
   4760000     17.736715      2.654667
   4780000     17.805214      2.566444
   4800000     17.891804      2.523749
   4820000     17.944542      2.503839
   4840000     18.026613      2.524132
   4860000     18.068428      2.804249
   4880000     18.135848      2.867042
   4900000     18.165406      2.990577
   4920000     18.267678      2.876793
   4940000     18.334880      2.788988
   4960000     18.376700      3.033143
   4980000     18.399669      3.162911
   5000000     18.316262      3.413168
   5020000     18.480346      3.277893
   5040000     18.381806      3.499829
   5060000     18.512799      3.554808
   5080000     18.531348      3.644076
   5100000     18.593922      3.634067
   5120000     18.738158      3.208754
   5140000     18.800476      3.249270
   5160000     18.862366      3.409837
   5180000     18.928200      3.357371
   5200000     18.913425      2.923943
   5220000     19.063098      3.104588
   5240000     19.030846      2.825937
   5260000     19.127897      3.402920
   5280000     19.211846      3.233492
   5300000     19.167691      3.621115
   5320000     19.338971      3.404432
   5340000     19.399950      3.401983
   5360000     19.458601      3.265722
   5380000     19.502903      3.236096
   5400000     19.508825      3.179929
   5420000     19.598434      3.266910
   5440000     19.689742      3.351448
   5460000     19.751781      3.307794
   5480000     19.805913      3.318019
   5500000     19.795250      3.148724
   5520000     19.771624      3.046630
   5540000     19.849287      3.056632
   5560000     20.018000      3.298674
   5580000     20.052728      3.243613
   5600000     19.972283      3.281698
   5620000     20.054218      3.137578
   5640000     20.257186      3.409994
   5660000     20.289261      3.325845
   5680000     20.374080      3.495070
   5700000     20.419567      3.406173
   5720000     20.504909      3.616353
   5740000     20.570037      3.536094
   5760000     20.514810      3.070768
   5780000     20.441403      3.199437
   5800000     20.674897      3.389920
   5820000     20.734310      3.200348
   5840000     20.844801      3.211348
   5860000     20.663620      2.655647
   5880000     20.610005      2.504954
   5900000     20.887940      2.702230
   5920000     20.938997      2.658191
   5940000     21.081404      2.850542
   5960000     21.188329      2.987240
   5980000     21.252296      2.948900
   6000000     21.230424      2.607083
