         0      4.000000      0.000000
     20000      4.006946     -0.018995
     40000      4.013124      0.009829
     60000      4.014251      0.016924
     80000      4.014640      0.026275
    100000      4.011035     -0.085703
    120000      4.029385     -0.045149
    140000      4.045350     -0.058983
    160000      4.074794     -0.093809
    180000      4.098257     -0.137937
    200000      4.123395     -0.126225
    220000      4.135567     -0.156435
    240000      4.150970     -0.174967
    260000      4.198148     -0.159656
    280000      4.217981      0.093906
    300000      4.261201      0.025083
    320000      4.288222      0.027212
    340000      4.309331      0.035550
    360000      4.328079      0.050922
    380000      4.369107     -0.074065
    400000      4.384514     -0.063966
    420000      4.413501     -0.033660
    440000      4.441504     -0.193225
    460000      4.472844     -0.205522
    480000      4.505212     -0.092668
    500000      4.529214     -0.104766
    520000      4.531269     -0.238337
    540000      4.553440     -0.237248
    560000      4.561552     -0.289761
    580000      4.610842     -0.233932
    600000      4.634414     -0.240820
    620000      4.642074     -0.265782
    640000      4.687100     -0.239587
    660000      4.717308     -0.210297
    680000      4.739029     -0.227638
    700000      4.756712     -0.238833
    720000      4.778956     -0.243010
    740000      4.803256     -0.223550
    760000      4.820951     -0.253654
    780000      4.834191     -0.314471
    800000      4.874021     -0.290963
    820000      4.884095     -0.331930
    840000      4.936226     -0.302008
    860000      4.952664     -0.292462
    880000      4.964948     -0.416962
    900000      5.000682     -0.372724
    920000      5.041657     -0.332802
    940000      5.087856     -0.270592
    960000      5.100440     -0.345111
    980000      5.120435     -0.399512
   1000000      5.128684     -0.449439
   1020000      5.139285     -0.497311
   1040000      5.217091     -0.290253
   1060000      5.236162     -0.311052
   1080000      5.268664     -0.312678
   1100000      5.172558     -0.640888
   1120000      5.183319     -0.667831
   1140000      5.219431     -0.657950
   1160000      5.256162     -0.651476
   1180000      5.241267     -0.708491
   1200000      5.277158     -0.700834
   1220000      5.340638     -0.679501
   1240000      5.385734     -0.627623
   1260000      5.406561     -0.642335
   1280000      5.415913     -0.664431
   1300000      5.400504     -0.732179
   1320000      5.458871     -0.705609
   1340000      5.504139     -0.663683
   1360000      5.536160     -0.631678
   1380000      5.554177     -0.619686
   1400000      5.536289     -0.779580
   1420000      5.532124     -0.849867
   1440000      5.509679     -0.921207
   1460000      5.543613     -0.900992
   1480000      5.562566     -0.919595
   1500000      5.556233     -0.942438
   1520000      5.663859     -0.809355
   1540000      5.687336     -0.853045
   1560000      5.693904     -0.903478
   1580000      5.721528     -0.884848
   1600000      5.623445     -1.056588
   1620000      5.705863     -1.048217
   1640000      5.721055     -1.042445
   1660000      5.753669     -1.054483
   1680000      5.769801     -1.032962
   1700000      5.766317     -1.100512
   1720000      5.760649     -1.161670
   1740000      5.794079     -1.160987
   1760000      5.822581     -1.151306
   1780000      5.819121     -1.188024
   1800000      5.851810     -1.166117
   1820000      5.856733     -1.231936
   1840000      5.858728     -1.252723
   1860000      5.874870     -1.267781
   1880000      5.956886     -1.194967
   1900000      5.926296     -1.318415
   1920000      5.944947     -1.351392
   1940000      5.935303     -1.398090
   1960000      5.938842     -1.426423
   1980000      5.983383     -1.420069
   2000000      5.950647     -1.483879
   2020000      6.013609     -1.449444
   2040000      6.022152     -1.492653
   2060000      5.977340     -1.565388
   2080000      6.013225     -1.557701
   2100000      5.994962     -1.595790
   2120000      6.000284     -1.614047
   2140000      5.931691     -1.663452
   2160000      6.118569     -1.623440
   2180000      6.160530     -1.623247
   2200000      6.141605     -1.672939
   2220000      6.098256     -1.713424
   2240000      6.118285     -1.721410
   2260000      6.172600     -1.721135
   2280000      6.173967     -1.748282
   2300000      6.188220     -1.764233
   2320000      6.214079     -1.783652
   2340000      6.472949     -1.523857
   2360000      6.385943     -1.689030
   2380000      6.152662     -1.958716
   2400000      6.411304     -1.743301
   2420000      6.330987     -1.905331
   2440000      6.329262     -1.929189
   2460000      6.339281     -1.959301
   2480000      6.321142     -2.002193
   2500000      6.298411     -2.048327
   2520000      6.271873     -2.080705
   2540000      6.345496     -2.079396
   2560000      6.360780     -2.093748
   2580000      6.359521     -2.147980
   2600000      6.516518     -2.026078
   2620000      6.510323     -2.071753
   2640000      6.606364     -1.953025
   2660000      6.629198     -2.001079
   2680000      6.623512     -2.085795
   2700000      6.642632     -2.091562
   2720000      6.651756     -2.116518
   2740000      6.577566     -2.218705
   2760000      6.577247     -2.245228
   2780000      6.595403     -2.262093
   2800000      6.542561     -2.338687
   2820000      6.803918     -2.145650
   2840000      6.806900     -2.182118
   2860000      6.831371     -2.190243
   2880000      6.831111     -2.233833
   2900000      6.840351     -2.258491
   2920000      6.842953     -2.275525
   2940000      6.846258     -2.280377
   2960000      6.929643     -2.238297
   2980000      7.018105     -2.129163
   3000000      7.039661     -2.142634
   3020000      7.044830     -2.169204
   3040000      7.069870     -2.168024
   3060000      7.082197     -2.142808
   3080000      7.116459     -2.082890
   3100000      7.130429     -2.201782
   3120000      7.126020     -2.290387
   3140000      7.173269     -2.209065
   3160000      7.161932     -2.371834
   3180000      7.197622     -2.316616
   3200000      7.209703     -2.378672
   3220000      7.220428     -2.411098
   3240000      7.254029     -2.346617
   3260000      7.182376     -2.586142
   3280000      7.156735     -2.677522
   3300000      7.159742     -2.716766
   3320000      7.164191     -2.744511
   3340000      7.178445     -2.762307
   3360000      7.284519     -2.695626
   3380000      7.337907     -2.635430
   3400000      7.384746     -2.637579
   3420000      7.362696     -2.717152
   3440000      7.360688     -2.749943
   3460000      7.436724     -2.672416
   3480000      7.468049     -2.656854
   3500000      7.480643     -2.682309
   3520000      7.511299     -2.694174
   3540000      7.507781     -2.760988
   3560000      7.480403     -2.830656
   3580000      7.539044     -2.801184
   3600000      7.613596     -2.701143
   3620000      7.621153     -2.799340
   3640000      7.649842     -2.780751
   3660000      7.676641     -2.780336
   3680000      7.687891     -2.774764
   3700000      7.706608     -2.771544
   3720000      7.725019     -2.772762
   3740000      7.727053     -2.865236
   3760000      7.743287     -2.893886
   3780000      7.753763     -2.928155
   3800000      7.730598     -3.046746
   3820000      7.769600     -2.999846
   3840000      7.728351     -3.135956
   3860000      7.750460     -3.133942
   3880000      7.775206     -3.136188
   3900000      7.756671     -3.164576
   3920000      7.886618     -2.996426
   3940000      7.907528     -3.009528
   3960000      7.958210     -2.835369
   3980000      7.983866     -2.825688
   4000000      8.024039     -2.862728
   4020000      8.042623     -2.863345
   4040000      8.064251     -2.902859
   4060000      8.096409     -2.936419
   4080000      8.085429     -3.103324
   4100000      8.094544     -3.148205
   4120000      8.113279     -3.152397
   4140000      8.072949     -3.274371
   4160000      8.140165     -3.181826
   4180000      8.178328     -3.050346
   4200000      8.202817     -3.111931
   4220000      8.227573     -3.124328
   4240000      8.243313     -3.123103
   4260000      8.282230     -3.123007
   4280000      8.287749     -3.193611
   4300000      8.293656     -3.237282
   4320000      8.297474     -3.243961
   4340000      8.372714     -3.013698
   4360000      8.397089     -3.055073
   4380000      8.415525     -3.016704
   4400000      8.454105     -3.047906
   4420000      8.474613     -3.108450
   4440000      8.498788     -3.059556
   4460000      8.523365     -3.095223
   4480000      8.540268     -3.040343
   4500000      8.572084     -3.078125
   4520000      8.596537     -3.148004
   4540000      8.606524     -3.237274
   4560000      8.624427     -3.253473
   4580000      8.643027     -3.294834
   4600000      8.674973     -3.272599
   4620000      8.682394     -3.300094
   4640000      8.719584     -3.270670
   4660000      8.748868     -3.208638
   4680000      8.774706     -3.199409
   4700000      8.805101     -3.173216
   4720000      8.832895     -3.160887
   4740000      8.846085     -3.100892
   4760000      8.865907     -3.067458
   4780000      8.897965     -3.021791
   4800000      8.934105     -3.085094
   4820000      8.950030     -3.104352
   4840000      8.952793     -2.915891
   4860000      8.969533     -2.893366
   4880000      8.978920     -2.838715
   4900000      9.000919     -2.805866
   4920000      9.020515     -2.792059
   4940000      9.040471     -2.787023
   4960000      9.092428     -2.863558
   4980000      9.124232     -2.915530
   5000000      9.151746     -2.947461
   5020000      9.140981     -2.785069
   5040000      9.176940     -2.827277
   5060000      9.160090     -2.781096
   5080000      9.197059     -2.784442
   5100000      9.231059     -2.790779
   5120000      9.297205     -2.863833
   5140000      9.302473     -2.939991
   5160000      9.314394     -2.786536
   5180000      9.310039     -2.720671
   5200000      9.338278     -2.726049
   5220000      9.359598     -2.719833
   5240000      9.365055     -2.688005
   5260000      9.320764     -2.568759
   5280000      9.342245     -2.542234
   5300000      9.352355     -2.514043
   5320000      9.302659     -2.424859
   5340000      9.302031     -2.404657
   5360000      9.313943     -2.385093
   5380000      9.318052     -2.364976
   5400000      9.310100     -2.328377
   5420000      9.521273     -2.542864
   5440000      9.480965     -2.418521
   5460000      9.500142     -2.405819
   5480000      9.519526     -2.391066
   5500000      9.524286     -2.343111
   5520000      9.549566     -2.341617
   5540000      9.579526     -2.365114
   5560000      9.586169     -2.331995
   5580000      9.560920     -2.270824
   5600000      9.596962     -2.271771
   5620000      9.598571     -2.269058
   5640000      9.664483     -2.267767
   5660000      9.667099     -2.235662
   5680000      9.593169     -2.156327
   5700000      9.680075     -2.194468
   5720000      9.664495     -2.134875
   5740000      9.713801     -2.142182
   5760000      9.659078     -2.071833
   5780000      9.649967     -2.033641
   5800000      9.925951     -2.270322
   5820000      9.945413     -2.285186
   5840000      9.965450     -2.283503
   5860000      9.982905     -2.283375
   5880000     10.017788     -2.341375
   5900000     10.034661     -2.306459
   5920000     10.077244     -2.338619
   5940000     10.085850     -2.280677
   5960000     10.104451     -2.197654
   5980000     10.114220     -2.199140
   6000000     10.141777     -2.179631
   6020000     10.150037     -2.150045
   6040000     10.177670     -2.119063
   6060000     10.198333     -2.123845
   6080000     10.223404     -2.124119
   6100000     10.214363     -2.038689
   6120000     10.253249     -2.067169
   6140000     10.205414     -1.941173
   6160000     10.138369     -1.813535
   6180000     10.153491     -1.789069
   6200000     10.160498     -1.775995
   6220000     10.251262     -1.898883
   6240000     10.356954     -2.001836
   6260000     10.374248     -1.937784
   6280000     10.405455     -1.973304
   6300000     10.372850     -1.893231
   6320000     10.289818     -1.692906
   6340000     10.262423     -1.637639
   6360000     10.256968     -1.609918
   6380000     10.298963     -1.607229
   6400000     10.327802     -1.595856
   6420000     10.365122     -1.610236
   6440000     10.273178     -1.502987
   6460000     10.281792     -1.490205
   6480000     10.367593     -1.519376
   6500000     10.409595     -1.514906
   6520000     10.461582     -1.547790
   6540000     10.482992     -1.524062
   6560000     10.510976     -1.532153
   6580000     10.502171     -1.468689
   6600000     10.497350     -1.434567
   6620000     10.487673     -1.404373
   6640000     10.606373     -1.485405
   6660000     10.689332     -1.563133
   6680000     10.685151     -1.492823
   6700000     10.697754     -1.471393
   6720000     10.744413     -1.498083
   6740000     10.788612     -1.521805
   6760000     10.792640     -1.479490
   6780000     10.821082     -1.486770
   6800000     10.839264     -1.465156
   6820000     10.831569     -1.388990
   6840000     10.872852     -1.397231
   6860000     10.903891     -1.387653
   6880000     10.909708     -1.354003
   6900000     10.912798     -1.321509
   6920000     10.939669     -1.318351
   6940000     10.922454     -1.274315
   6960000     10.983530     -1.294422
   6980000     10.954539     -1.214921
   7000000     11.253387     -1.679477
   7020000     11.265887     -1.674700
   7040000     11.299330     -1.709191
   7060000     11.329183     -1.706259
   7080000     11.336762     -1.705128
   7100000     11.353202     -1.730831
   7120000     11.374381     -1.725297
   7140000     11.396551     -1.615730
   7160000     11.423199     -1.663845
   7180000     11.436177     -1.630724
   7200000     11.456282     -1.650950
   7220000     11.460677     -1.584665
   7240000     11.468507     -1.569535
   7260000     11.529299     -1.629639
   7280000     11.532746     -1.621667
   7300000     11.296632     -1.060685
   7320000     11.267757     -0.955555
   7340000     11.284484     -0.944193
   7360000     11.236536     -0.882821
   7380000     11.178874     -0.834970
   7400000     11.200014     -0.813891
   7420000     11.138670     -0.753593
   7440000     11.240682     -0.770696
   7460000     11.184751     -0.698144
   7480000     11.204793     -0.672810
   7500000     11.232558     -0.661673
   7520000     11.243709     -0.635724
   7540000     11.226859     -0.606292
   7560000     11.191071     -0.570471
   7580000     11.275496     -0.572683
   7600000     11.306531     -0.569816
   7620000     11.364965     -0.575848
   7640000     11.384020     -0.563976
   7660000     11.380409     -0.541870
   7680000     11.407948     -0.534071
   7700000     11.387357     -0.486736
   7720000     11.402496     -0.463415
   7740000     11.410338     -0.433345
   7760000     11.422035     -0.417531
   7780000     11.446137     -0.398142
   7800000     11.472723     -0.387848
   7820000     11.408551     -0.342505
   7840000     11.476177     -0.328551
   7860000     11.571806     -0.358887
   7880000     11.584482     -0.320955
   7900000     11.634235     -0.358323
   7920000     11.619816     -0.314054
   7940000     11.651456     -0.299207
   7960000     11.669265     -0.279899
   7980000     11.645015     -0.216650
   8000000     11.601948     -0.164287
   8020000     11.682599     -0.186970
   8040000     11.663613     -0.142686
   8060000     11.709236     -0.155683
   8080000     11.709684     -0.115727
   8100000     11.701705     -0.082132
   8120000     11.731104     -0.094474
   8140000     11.686569     -0.017583
   8160000     11.707883     -0.000298
   8180000     11.742943     -0.011292
   8200000     11.752883      0.006412
   8220000     11.725535      0.067045
   8240000     11.690200      0.102032
   8260000     11.812308      0.065791
   8280000     11.827766      0.074746
   8300000     11.827958      0.100074
   8320000     11.894347      0.076952
   8340000     11.892321      0.112224
   8360000     11.911818      0.137135
   8380000     11.941745      0.120414
   8400000     11.978759      0.100624
   8420000     11.989147      0.151852
   8440000     11.998685      0.178418
   8460000     11.982352      0.231820
   8480000     11.998689      0.256951
   8500000     12.037946      0.239775
   8520000     12.030638      0.297702
   8540000     12.125444      0.206656
   8560000     12.162650      0.186888
   8580000     12.171187      0.212005
   8600000     11.961946      0.495583
   8620000     12.014870      0.507946
   8640000     11.976413      0.559402
   8660000     12.040463      0.531957
   8680000     12.040406      0.573925
   8700000     11.772700      0.702370
   8720000     11.796949      0.721566
   8740000     11.799519      0.743853
   8760000     11.794074      0.770984
   8780000     11.819646      0.790464
   8800000     11.949183      0.795016
   8820000     11.959735      0.815157
   8840000     11.991674      0.821798
   8860000     12.009198      0.842058
   8880000     11.942738      0.901736
   8900000     11.874720      0.970484
   8920000     11.951316      0.972647
   8940000     12.067277      0.935401
   8960000     11.968548      1.024901
   8980000     11.992634      1.049076
   9000000     11.929370      1.099696
   9020000     11.946456      1.120157
   9040000     11.957098      1.139100
   9060000     11.941476      1.159437
   9080000     12.022649      1.177941
   9100000     12.055444      1.186231
   9120000     12.145410      1.179052
   9140000     12.204925      1.172653
   9160000     12.211699      1.190077
   9180000     12.217916      1.212509
   9200000     12.207080      1.255479
   9220000     12.223746      1.275128
   9240000     12.077614      1.342245
   9260000     12.151754      1.353830
   9280000     12.156136      1.376625
   9300000     12.183170      1.396333
   9320000     12.241428      1.411362
   9340000     12.227474      1.449961
   9360000     12.228214      1.471172
   9380000     12.217744      1.495680
   9400000     12.230287      1.510214
   9420000     12.276054      1.531885
   9440000     12.402119      1.470685
   9460000     12.447542      1.446545
   9480000     12.403928      1.539881
   9500000     12.390877      1.576586
   9520000     12.398396      1.594657
   9540000     12.426500      1.600459
   9560000     12.465841      1.603303
   9580000     12.519699      1.569391
   9600000     12.543684      1.573508
   9620000     12.589603      1.571250
   9640000     12.619289      1.566434
   9660000     12.611245      1.620341
   9680000     12.468556      1.809079
   9700000     11.966837      1.994807
   9720000     12.121669      2.014970
   9740000     12.256417      1.985894
   9760000     12.272756      1.995099
   9780000     12.131884      2.092366
   9800000     12.075116      2.124682
   9820000     12.129551      2.136913
   9840000     12.082280      2.173061
   9860000     12.128947      2.181530
   9880000     12.135468      2.198674
   9900000     12.056249      2.243870
   9920000     12.052572      2.259088
   9940000     12.062290      2.277952
   9960000     12.041977      2.309379
   9980000     12.026862      2.326837
  10000000     11.991679      2.346813
