         0      4.000000      0.000000
     20000      4.008304      0.012473
     40000      4.015886      0.007362
     60000      4.021707      0.019895
     80000      4.028133      0.023726
    100000      4.033335      0.028783
    120000      4.038751      0.045360
    140000      4.049291      0.029879
    160000      4.061985      0.022275
    180000      4.066068      0.038137
    200000      4.073060      0.031563
    220000      4.078781      0.024775
    240000      4.089115      0.028827
    260000      4.096639      0.039067
    280000      4.104497      0.026136
    300000      4.106050      0.031126
    320000      4.116709      0.022466
    340000      4.129900      0.022891
    360000      4.150892     -0.002121
    380000      4.159523      0.001176
    400000      4.172476     -0.011878
    420000      4.175523     -0.028163
    440000      4.178376     -0.034357
    460000      4.202979     -0.018032
    480000      4.208339     -0.017528
    500000      4.217145     -0.035064
    520000      4.234362      0.032686
    540000      4.244223      0.020275
    560000      4.252661      0.026603
    580000      4.263151      0.022236
    600000      4.276435     -0.003714
    620000      4.275605      0.073697
    640000      4.282995      0.076199
    660000      4.295266      0.074011
    680000      4.298921      0.083977
    700000      4.307793      0.081613
    720000      4.320674      0.089425
    740000      4.331052      0.089539
    760000      4.344991      0.074240
    780000      4.345427      0.102162
    800000      4.363087      0.094610
    820000      4.378588      0.057125
    840000      4.381336      0.058867
    860000      4.388696      0.043199
    880000      4.368282      0.181067
    900000      4.372373      0.213398
    920000      4.365393      0.242911
    940000      4.388633      0.220582
    960000      4.378253      0.257053
    980000      4.389415      0.263749
   1000000      4.386960      0.276954
   1020000      4.385280      0.293369
   1040000      4.459534      0.178751
   1060000      4.469667      0.184139
   1080000      4.477581      0.172716
   1100000      4.481951      0.175667
   1120000      4.491713      0.163618
   1140000      4.507340      0.178962
   1160000      4.512267      0.170808
   1180000      4.526241      0.186927
   1200000      4.535741      0.196541
   1220000      4.551477      0.178479
   1240000      4.561358      0.163993
   1260000      4.564538      0.164411
   1280000      4.574692      0.165200
   1300000      4.581693      0.156748
   1320000      4.588614      0.165977
   1340000      4.604398      0.175907
   1360000      4.606976      0.213581
   1380000      4.618558      0.202795
   1400000      4.628278      0.196266
   1420000      4.640241      0.200387
   1440000      4.641619      0.240288
   1460000      4.654965      0.245845
   1480000      4.662002      0.253964
   1500000      4.666932      0.265937
   1520000      4.681396      0.273361
   1540000      4.685296      0.287120
   1560000      4.699477      0.284373
   1580000      4.703333      0.292458
   1600000      4.708225      0.302991
   1620000      4.723504      0.305446
   1640000      4.741296      0.271559
   1660000      4.752346      0.286874
   1680000      4.759611      0.305820
   1700000      4.764127      0.313833
   1720000      4.769648      0.311050
   1740000      4.773897      0.315110
   1760000      4.782372      0.315941
   1780000      4.788731      0.325487
   1800000      4.811773      0.331181
   1820000      4.814126      0.341009
   1840000      4.827084      0.340410
   1860000      4.827908      0.364659
   1880000      4.837662      0.357883
   1900000      4.845024      0.368301
   1920000      4.856059      0.376710
   1940000      4.862226      0.377210
   1960000      4.874593      0.376670
   1980000      4.883625      0.381263
   2000000      4.881891      0.407920
   2020000      4.901955      0.394584
   2040000      4.904153      0.402006
   2060000      4.906581      0.414142
   2080000      4.915112      0.428845
   2100000      4.896617      0.467237
   2120000      4.927853      0.454163
   2140000      4.936674      0.454813
   2160000      4.926908      0.472659
   2180000      4.945223      0.468791
   2200000      4.980597      0.428511
   2220000      4.988035      0.440696
   2240000      4.990768      0.441966
   2260000      5.001344      0.440155
   2280000      5.015909      0.433184
   2300000      5.029076      0.424402
   2320000      5.035146      0.432902
   2340000      5.048499      0.425727
   2360000      5.055561      0.433664
   2380000      5.062580      0.446448
   2400000      5.077091      0.431647
   2420000      5.082459      0.442187
   2440000      5.067265      0.509515
   2460000      5.077059      0.511310
   2480000      5.087064      0.509766
   2500000      5.096204      0.504916
   2520000      5.103259      0.518973
   2540000      5.108533      0.530944
   2560000      5.084610      0.567665
   2580000      5.094814      0.568505
   2600000      5.081290      0.589220
   2620000      5.085495      0.598916
   2640000      5.075297      0.617451
   2660000      5.079443      0.634111
   2680000      5.106969      0.627234
   2700000      5.140021      0.609169
   2720000      5.223381      0.471671
   2740000      5.132430      0.670492
   2760000      5.163024      0.658633
   2780000      5.182968      0.647632
   2800000      5.199219      0.645364
   2820000      5.210063      0.644560
   2840000      5.204240      0.671668
   2860000      5.203739      0.694566
   2880000      5.215103      0.696307
   2900000      5.201642      0.728485
   2920000      5.201061      0.741578
   2940000      5.210125      0.746179
   2960000      5.216464      0.747559
   2980000      5.216907      0.753230
   3000000      5.218378      0.769493
   3020000      5.213650      0.783983
   3040000      5.228310      0.784789
   3060000      5.238357      0.788273
   3080000      5.293246      0.746244
   3100000      5.267875      0.792627
   3120000      5.269597      0.797439
   3140000      5.278371      0.802098
   3160000      5.271313      0.819908
   3180000      5.281768      0.823880
   3200000      5.288501      0.832330
   3220000      5.315448      0.824233
   3240000      5.345784      0.801398
   3260000      5.348711      0.813230
   3280000      5.322977      0.850437
   3300000      5.324875      0.865008
   3320000      5.386706      0.816766
   3340000      5.377681      0.840140
   3360000      5.365699      0.865744
   3380000      5.401340      0.843356
   3400000      5.406348      0.848691
   3420000      5.440357      0.825580
   3440000      5.444115      0.843475
   3460000      5.438729      0.866612
   3480000      5.450726      0.861316
   3500000      5.456449      0.867217
   3520000      5.453595      0.879808
   3540000      5.459572      0.895157
   3560000      5.476043      0.893676
   3580000      5.483575      0.888297
   3600000      5.486397      0.895510
   3620000      5.482372      0.909725
   3640000      5.492072      0.930686
   3660000      5.508122      0.918180
   3680000      5.514707      0.934810
   3700000      5.522878      0.933868
   3720000      5.530958      0.935933
   3740000      5.527016      0.948896
   3760000      5.545381      0.944339
   3780000      5.543427      0.963355
   3800000      5.557756      0.958459
   3820000      5.493592      1.019574
   3840000      5.505321      1.017501
   3860000      5.506146      1.020311
   3880000      5.521331      1.016374
   3900000      5.531626      1.017145
   3920000      5.539603      1.033312
   3940000      5.555178      1.033754
   3960000      5.611019      1.010929
   3980000      5.621618      1.016442
   4000000      5.586773      1.040320
   4020000      5.610033      1.044277
   4040000      5.616258      1.050706
   4060000      5.623741      1.053000
   4080000      5.595240      1.075510
   4100000      5.659073      1.050613
   4120000      5.642073      1.076013
   4140000      5.646959      1.079633
   4160000      5.648282      1.085065
   4180000      5.659409      1.087734
   4200000      5.645252      1.103992
   4220000      5.646741      1.112100
   4240000      5.641963      1.127978
   4260000      5.628557      1.137010
   4280000      5.620131      1.139523
   4300000      5.612668      1.152283
   4320000      5.623196      1.164514
   4340000      5.630528      1.177689
   4360000      5.610656      1.192711
   4380000      5.712985      1.181827
   4400000      5.698234      1.197825
   4420000      5.704611      1.199361
   4440000      5.692271      1.210969
   4460000      5.695293      1.216582
   4480000      5.703591      1.225162
   4500000      5.708970      1.230927
   4520000      5.706334      1.238989
   4540000      5.704984      1.253533
   4560000      5.708080      1.263615
   4580000      5.723114      1.266565
   4600000      5.729048      1.287368
   4620000      5.732322      1.294391
   4640000      5.724079      1.310584
   4660000      5.723019      1.320962
   4680000      5.716233      1.326454
   4700000      5.717930      1.341727
   4720000      5.713040      1.343984
   4740000      5.677552      1.356479
   4760000      5.682366      1.364325
   4780000      5.699414      1.378396
   4800000      5.702103      1.389230
   4820000      5.691662      1.394942
   4840000      5.683606      1.403348
   4860000      5.675697      1.414992
   4880000      5.666631      1.424035
   4900000      5.670781      1.431473
   4920000      5.666257      1.439605
   4940000      5.673690      1.448152
   4960000      5.680180      1.457298
   4980000      5.746464      1.469956
   5000000      5.745716      1.482734
   5020000      5.752724      1.491078
   5040000      5.740723      1.510146
   5060000      5.744563      1.523461
   5080000      5.733647      1.524126
   5100000      5.765522      1.532069
   5120000      5.757867      1.543058
   5140000      5.768576      1.545322
   5160000      5.766094      1.552385
   5180000      5.747201      1.571606
   5200000      5.742883      1.582094
   5220000      5.738926      1.586750
   5240000      5.742419      1.589914
   5260000      5.755428      1.606410
   5280000      5.765188      1.604005
   5300000      5.723138      1.625576
   5320000      5.823959      1.617499
   5340000      5.826997      1.632314
   5360000      5.836770      1.641485
   5380000      5.842790      1.646685
   5400000      5.859212      1.649028
   5420000      5.850462      1.665629
   5440000      5.831945      1.688511
   5460000      5.847466      1.692124
   5480000      5.842915      1.704481
   5500000      5.823371      1.721206
   5520000      5.837554      1.724647
   5540000      5.853437      1.729523
   5560000      5.888583      1.729266
   5580000      5.907119      1.728879
   5600000      5.914996      1.738275
   5620000      5.920587      1.743809
   5640000      5.930920      1.755771
   5660000      5.906057      1.785329
   5680000      5.910247      1.795087
   5700000      5.911471      1.805261
   5720000      5.910990      1.808014
   5740000      5.906637      1.823929
   5760000      5.896451      1.834717
   5780000      5.890743      1.839935
   5800000      5.889172      1.852840
   5820000      5.892812      1.859134
   5840000      5.858112      1.875219
   5860000      5.856849      1.880897
   5880000      5.861734      1.890228
   5900000      5.853033      1.899081
   5920000      5.864397      1.904039
   5940000      5.780650      1.907328
   5960000      5.763912      1.925906
   5980000      5.764027      1.937124
   6000000      5.767897      1.947830
   6020000      5.766805      1.951815
   6040000      5.752221      1.953646
   6060000      5.741933      1.970146
   6080000      5.743539      1.979046
   6100000      5.739851      1.986818
   6120000      5.728985      1.986966
   6140000      5.717165      1.989106
   6160000      5.723860      2.006377
   6180000      5.719346      2.009712
   6200000      5.715373      2.020516
   6220000      5.724013      2.033407
   6240000      5.714694      2.040777
   6260000      5.708502      2.042760
   6280000      5.707654      2.050708
   6300000      5.707487      2.058087
   6320000      5.704147      2.068570
   6340000      5.700151      2.075295
   6360000      5.691481      2.072333
   6380000      5.697712      2.089825
   6400000      5.697920      2.104484
   6420000      5.692365      2.114144
   6440000      5.691352      2.123367
   6460000      5.685018      2.133656
   6480000      5.683144      2.142028
   6500000      5.668633      2.158225
   6520000      5.648574      2.159079
   6540000      5.682699      2.175227
   6560000      5.674990      2.180469
   6580000      5.667580      2.188328
   6600000      5.673353      2.201419
   6620000      5.654844      2.201278
   6640000      5.665017      2.223358
   6660000      5.655882      2.228448
   6680000      5.664255      2.239615
   6700000      5.660578      2.249237
   6720000      5.669853      2.259979
   6740000      5.665206      2.266382
   6760000      5.672512      2.285360
   6780000      5.690562      2.303537
   6800000      5.723957      2.311550
   6820000      5.656667      2.311924
   6840000      5.633509      2.307255
   6860000      5.633086      2.312042
   6880000      5.633546      2.330857
   6900000      5.632547      2.336453
   6920000      5.629647      2.343802
   6940000      5.609382      2.345957
   6960000      5.600097      2.351633
   6980000      5.574883      2.349699
   7000000      5.570352      2.367036
   7020000      5.565234      2.378965
   7040000      5.560401      2.384346
   7060000      5.528959      2.379464
   7080000      5.528911      2.388659
   7100000      5.524118      2.392971
   7120000      5.526833      2.396556
   7140000      5.502549      2.396216
   7160000      5.468612      2.396638
   7180000      5.456495      2.398515
   7200000      5.441792      2.398269
   7220000      5.422791      2.394581
   7240000      5.404295      2.386361
   7260000      5.384332      2.380707
   7280000      5.371024      2.390791
   7300000      5.368188      2.391966
   7320000      5.366659      2.410404
   7340000      5.373614      2.421191
   7360000      5.362279      2.422275
   7380000      5.317276      2.383478
   7400000      5.327146      2.420318
   7420000      5.323809      2.424052
   7440000      5.319151      2.427710
   7460000      5.315318      2.438185
   7480000      5.324828      2.468259
   7500000      5.317134      2.467931
   7520000      5.304546      2.470166
   7540000      5.300771      2.478895
   7560000      5.292331      2.496313
   7580000      5.279008      2.489487
   7600000      5.262142      2.485791
   7620000      5.274892      2.518196
   7640000      5.296506      2.547458
   7660000      5.303949      2.571594
   7680000      5.300893      2.584568
   7700000      5.288232      2.592379
   7720000      5.282965      2.606319
   7740000      5.277581      2.611612
   7760000      5.277210      2.624075
   7780000      5.289895      2.640318
   7800000      5.302402      2.661818
   7820000      5.292552      2.666675
   7840000      5.326444      2.692925
   7860000      5.327404      2.706924
   7880000      5.326358      2.713856
   7900000      5.340443      2.724462
   7920000      5.340690      2.730788
   7940000      5.335701      2.738095
   7960000      5.335820      2.747029
   7980000      5.332881      2.755669
   8000000      5.330522      2.757339
   8020000      5.345182      2.765919
   8040000      5.335606      2.777764
   8060000      5.307214      2.788506
   8080000      5.300793      2.794631
   8100000      5.274775      2.801741
   8120000      5.243722      2.799681
   8140000      5.247294      2.810497
   8160000      5.244627      2.821184
   8180000      5.243462      2.829126
   8200000      5.256428      2.847514
   8220000      5.267166      2.856977
   8240000      5.288140      2.876551
   8260000      5.277836      2.883955
   8280000      5.274848      2.891410
   8300000      5.281019      2.897578
   8320000      5.347521      2.915858
   8340000      5.345423      2.925634
   8360000      5.353403      2.941337
   8380000      5.353354      2.944136
   8400000      5.375668      2.953217
   8420000      5.379897      2.959446
   8440000      5.386202      2.966521
   8460000      5.387139      2.970660
   8480000      5.388660      2.979143
   8500000      5.392760      2.994111
   8520000      5.395490      3.002030
   8540000      5.385260      3.023946
   8560000      5.412764      3.025775
   8580000      5.411665      3.032878
   8600000      5.411357      3.040159
   8620000      5.411982      3.040483
   8640000      5.417858      3.050110
   8660000      5.426628      3.059680
   8680000      5.292047      3.082031
   8700000      5.295493      3.093409
   8720000      5.301453      3.106974
   8740000      5.288082      3.121513
   8760000      5.279358      3.126243
   8780000      5.290311      3.141962
   8800000      5.294006      3.155648
   8820000      5.269862      3.161927
   8840000      5.262990      3.161462
   8860000      5.258063      3.171288
   8880000      5.251092      3.180632
   8900000      5.259987      3.194130
   8920000      5.213227      3.173228
   8940000      5.402364      3.225378
   8960000      5.395102      3.229862
   8980000      5.379766      3.232144
   9000000      5.368082      3.245022
   9020000      5.396028      3.255519
   9040000      5.398367      3.261791
   9060000      5.415431      3.264868
   9080000      5.466424      3.260625
   9100000      5.418929      3.282549
   9120000      5.428296      3.291085
   9140000      5.427789      3.298812
   9160000      5.431008      3.313436
   9180000      5.436341      3.322837
   9200000      5.436257      3.331088
   9220000      5.432634      3.347934
   9240000      5.441399      3.357888
   9260000      5.443067      3.367459
   9280000      5.468593      3.370139
   9300000      5.467379      3.377969
   9320000      5.476817      3.383332
   9340000      5.491863      3.377331
   9360000      5.516677      3.378527
   9380000      5.385371      3.426517
   9400000      5.379132      3.431105
   9420000      5.390120      3.443131
   9440000      5.386409      3.451916
   9460000      5.377815      3.461199
   9480000      5.395044      3.475389
   9500000      5.394316      3.490013
   9520000      5.398041      3.497465
   9540000      5.407962      3.505317
   9560000      5.408999      3.512317
   9580000      5.399699      3.523171
   9600000      5.403993      3.530912
   9620000      5.420567      3.536437
   9640000      5.402119      3.552999
   9660000      5.424915      3.556825
   9680000      5.434732      3.560712
   9700000      5.434946      3.570187
   9720000      5.439147      3.578259
   9740000      5.420231      3.585576
   9760000      5.436031      3.596065
   9780000      5.429656      3.602986
   9800000      5.442317      3.601659
   9820000      5.410911      3.616342
   9840000      5.417274      3.623134
   9860000      5.409129      3.629248
   9880000      5.404356      3.641662
   9900000      5.427667      3.646879
   9920000      5.445010      3.655896
   9940000      5.458005      3.653586
   9960000      5.457596      3.660514
   9980000      5.489210      3.648705
  10000000      5.493904      3.645347
