         0      4.000000      0.000000
     20000      4.005227     -0.061483
     40000      4.004971     -0.085290
     60000      4.009969     -0.022302
     80000      4.008889      0.013764
    100000      4.008739     -0.083211
    120000      4.001057     -0.113620
    140000      4.002761     -0.087247
    160000      4.014341     -0.075420
    180000      4.012054     -0.098176
    200000      4.082330     -0.113402
    220000      4.115072     -0.188332
    240000      3.976720     -0.602523
    260000      3.987862     -0.684117
    280000      4.112604     -0.611535
    300000      4.247396     -0.363066
    320000      4.306336     -0.326749
    340000      4.413378     -0.176635
    360000      4.442093     -0.365051
    380000      4.426536     -0.347044
    400000      4.477348     -0.277779
    420000      4.633172     -0.331452
    440000      4.678905     -0.157253
    460000      4.585711     -0.285344
    480000      4.660895     -0.239693
    500000      4.689995     -0.182028
    520000      4.492382     -0.033936
    540000      4.524978     -0.155221
    560000      4.559029      0.004848
    580000      4.387986     -0.304592
    600000      4.339541     -0.370613
    620000      4.278538     -0.185950
    640000      4.345279     -0.225283
    660000      4.281204     -0.101450
    680000      4.346503     -0.015391
    700000      4.348810     -0.170583
    720000      4.424873      0.234006
    740000      4.223054      0.865190
    760000      4.290893      0.767661
    780000      4.446071      0.643149
    800000      4.610936      0.222889
    820000      4.702885      0.048121
    840000      4.639974     -0.167242
    860000      4.543427     -0.069258
    880000      4.391797     -0.030180
    900000      4.389155      0.097041
    920000      4.598295      0.102998
    940000      4.458282      0.063313
    960000      4.529625      0.087767
    980000      4.460656      0.276386
   1000000      4.327968      0.319043
   1020000      4.477135      0.157149
   1040000      4.437471      0.136557
   1060000      4.372191      0.214338
   1080000      4.331695      0.291426
   1100000      4.312715     -0.128370
   1120000      4.346166     -0.115524
   1140000      4.308717     -0.122705
   1160000      4.213218      0.148850
   1180000      4.307966     -0.084976
   1200000      4.461424     -0.153465
   1220000      4.383328     -0.015509
   1240000      4.349745      0.245685
   1260000      4.226313      0.020096
   1280000      4.337134      0.232834
   1300000      4.496765     -0.179697
   1320000      4.319627     -0.036816
   1340000      4.172192      0.069231
   1360000      4.046782     -0.200137
   1380000      3.905123     -0.606194
   1400000      3.878047     -0.648685
   1420000      3.656122     -0.901773
   1440000      3.418976     -1.225077
   1460000      3.320449     -1.119106
   1480000      2.983627     -1.360388
   1500000      3.001654     -1.041432
   1520000      2.954736     -0.813369
   1540000      2.921735     -0.995156
   1560000      3.026319     -1.000901
   1580000      2.974733     -0.886057
   1600000      2.905479     -1.031949
   1620000      2.823581     -1.154813
   1640000      2.594069     -1.244288
   1660000      2.393817     -1.399104
   1680000      2.502644     -1.165039
   1700000      2.405355     -1.176431
   1720000      2.327684     -1.323071
   1740000      2.312355     -1.145419
   1760000      2.212994     -1.019582
   1780000      1.852038     -1.101284
   1800000      1.750746     -1.115573
   1820000      2.041319     -0.680811
   1840000      2.014065     -0.508595
   1860000      1.786084     -0.643766
   1880000      1.947948     -0.390852
   1900000      1.918124     -0.351966
   1920000      1.682412     -0.872435
   1940000      1.907495     -0.818634
   1960000      1.824486     -0.886298
   1980000      1.588259     -0.856561
   2000000      1.732868     -0.554586
   2020000      1.684306     -0.369111
   2040000      1.564221     -0.416602
   2060000      1.507499     -0.522552
   2080000      1.835454     -0.697421
   2100000      1.596967     -0.722573
   2120000      1.662189     -0.572133
   2140000      1.704541     -0.663917
   2160000      1.674125     -0.744821
   2180000      1.712353     -0.297962
   2200000      1.770589     -0.155132
   2220000      1.558437     -0.112283
   2240000      1.944457      0.175997
   2260000      1.902994      0.057760
   2280000      2.086019      0.235066
   2300000      2.044992      0.389770
   2320000      2.078563      0.468177
   2340000      2.030852      0.367983
   2360000      2.012259      0.185076
   2380000      2.205353      0.354817
   2400000      2.170374      0.747002
   2420000      2.021363      0.842545
   2440000      1.857799      0.684758
   2460000      1.823512      0.445992
   2480000      1.626637      0.316628
   2500000      1.457666      0.163581
   2520000      1.493463     -0.005659
   2540000      1.484150      0.358101
   2560000      1.508242      0.357872
   2580000      1.611971      0.425551
   2600000      1.496569      0.296899
   2620000      1.459629      0.245481
   2640000      1.610631      0.185260
   2660000      1.396365      0.155491
   2680000      1.524778      0.399549
   2700000      1.435485      0.360119
   2720000      1.222969      0.111807
   2740000      1.026040     -0.254349
   2760000      0.984052     -0.390587
   2780000      0.708413     -0.306859
   2800000      0.762007     -0.257273
   2820000      0.688958     -0.221585
   2840000      0.434765     -0.333967
   2860000      0.564944     -0.238402
   2880000      0.523271     -0.146056
   2900000      0.838362     -0.132720
   2920000      0.817964     -0.136913
   2940000      0.595734      0.012518
   2960000      0.613127      0.014909
   2980000      0.415779     -0.219423
   3000000      0.249300      0.016990
   3020000      0.436710     -0.052633
   3040000      0.218940     -0.029842
   3060000      0.435350     -0.060317
   3080000      0.521999     -0.291315
   3100000      0.586337     -0.275107
   3120000      0.275352     -0.419028
   3140000      0.215146     -0.316131
   3160000      0.105804     -0.417320
   3180000      0.542605     -0.398585
   3200000      0.655788     -0.374823
   3220000      0.886010     -0.401501
   3240000      1.168752     -0.450046
   3260000      1.321749     -0.456658
   3280000      1.483310     -0.428219
   3300000      1.618662      0.151356
   3320000      1.506785      0.026274
   3340000      1.525022     -0.083746
   3360000      1.592637     -0.124267
   3380000      1.593443     -0.189180
   3400000      1.678394     -0.130487
   3420000      1.426112      0.142746
   3440000      1.264533      0.034658
   3460000      1.254682      0.418760
   3480000      1.229192      0.423965
   3500000      1.192461      0.375934
   3520000      1.232504      0.381084
   3540000      1.216315      0.191308
   3560000      1.314156      0.492991
   3580000      1.327035      0.555942
   3600000      1.284833      0.307001
   3620000      1.502032      0.407432
   3640000      1.392390      0.764662
   3660000      1.435142      1.113252
   3680000      1.495665      0.828062
   3700000      1.687906      0.701337
   3720000      1.585184      1.004882
   3740000      1.482269      0.927153
   3760000      1.373115      0.685837
   3780000      1.290872      0.286119
   3800000      1.403632      0.169359
   3820000      1.424712      0.282705
   3840000      1.429898      0.595667
   3860000      1.585555      0.554148
   3880000      1.531556      0.304721
   3900000      1.394932      0.145619
   3920000      1.368484      0.111852
   3940000      1.421568      0.305748
   3960000      1.088359      0.245705
   3980000      1.260167      0.134560
   4000000      1.203058      0.302242
   4020000      1.001933      0.623337
   4040000      0.655081      0.743802
   4060000      0.659767      0.672407
   4080000      0.638353      0.559305
   4100000      0.885873      0.704186
   4120000      1.078457      0.686260
   4140000      0.982423      0.364672
   4160000      0.901249      0.318127
   4180000      0.639161      0.534371
   4200000      0.609910      0.651333
   4220000      0.825513      0.724939
   4240000      0.776232      0.828653
   4260000      0.709653      0.459071
   4280000      0.578123      0.385549
   4300000      0.212819      0.200880
   4320000      0.140585      0.452727
   4340000      0.150542      0.320626
   4360000      0.034355      0.310315
   4380000     -0.178811      0.128551
   4400000     -0.383820      0.000284
   4420000     -0.628015      0.168142
   4440000     -0.585827      0.392015
   4460000     -0.460524      0.595788
   4480000     -0.587811      0.771143
   4500000     -0.723292      0.583792
   4520000     -0.528155      0.457019
   4540000     -0.753555      0.685571
   4560000     -0.853120      0.484808
   4580000     -0.598211      0.552993
   4600000     -0.473970      0.698785
   4620000     -0.119801      0.619817
   4640000     -0.061559      0.581470
   4660000     -0.473624      0.749658
   4680000     -0.446917      0.763528
   4700000     -0.068470      0.921537
   4720000      0.198070      0.790329
   4740000      0.055045      0.582882
   4760000     -0.037139      0.609569
   4780000      0.055073      0.631510
   4800000      0.331151      0.574438
   4820000      0.125071      0.613401
   4840000     -0.053947      0.487672
   4860000      0.009879      0.274103
   4880000      0.404848      0.111677
   4900000      0.496818      0.130771
   4920000      0.232395      0.082447
   4940000      0.112955      0.299898
   4960000     -0.014604      0.342537
   4980000      0.146421      0.128175
   5000000     -0.247541      0.057680
   5020000     -0.251093      0.290459
   5040000     -0.273693      0.101410
   5060000     -0.031980      0.037343
   5080000      0.009995      0.190014
   5100000      0.174151     -0.196313
   5120000      0.361698     -0.092182
   5140000      0.394049      0.002915
   5160000      0.099728     -0.012022
   5180000      0.054048     -0.067011
   5200000     -0.168831     -0.178442
   5220000     -0.426821     -0.285237
   5240000     -0.166202     -0.504303
   5260000     -0.043342     -0.317717
   5280000      0.016797     -0.228841
   5300000      0.299307     -0.471899
   5320000      0.037073     -0.664341
   5340000      0.083402     -0.799000
   5360000      0.055370     -0.535983
   5380000      0.408298     -0.317640
   5400000      0.383779     -0.399414
   5420000      0.300844     -0.697934
   5440000      0.115365     -0.468357
   5460000      0.250262     -0.360633
   5480000      0.210558     -0.392597
   5500000      0.090207     -0.403251
   5520000      0.110567     -0.307264
   5540000      0.243846     -0.346449
   5560000      0.120827     -0.542967
   5580000      0.255536     -0.517648
   5600000      0.070767     -0.732846
   5620000     -0.403613     -0.892724
   5640000     -0.456588     -0.699690
   5660000     -0.642149     -0.984502
   5680000     -0.156636     -0.491107
   5700000      0.039044     -0.421094
   5720000      0.043075     -0.694898
   5740000     -0.091626     -0.558066
   5760000     -0.215178     -0.327730
   5780000     -0.374075     -0.572905
   5800000     -0.387662     -0.716548
   5820000     -0.028984     -0.697408
   5840000     -0.399932     -0.789167
   5860000     -0.145906     -0.945364
   5880000     -0.102337     -1.205169
   5900000     -0.305288     -1.029578
   5920000     -0.728633     -1.271826
   5940000     -0.715613     -1.613926
   5960000     -0.196124     -1.450943
   5980000     -0.099526     -1.489846
   6000000     -0.420855     -1.239968
