         0      4.000000      0.000000
     20000      4.004288     -0.053058
     40000      4.008679      0.030107
     60000      4.006528      0.079206
     80000      4.034579     -0.112800
    100000      4.059906      0.039672
    120000      4.094347     -0.010483
    140000      4.116442      0.015967
    160000      4.138787      0.012877
    180000      4.161047     -0.041838
    200000      4.179272     -0.005001
    220000      4.205391      0.051799
    240000      4.220299      0.112278
    260000      4.256481      0.078891
    280000      4.282923      0.058456
    300000      4.298000      0.123067
    320000      4.336112     -0.014971
    340000      4.357129      0.069461
    360000      4.385656      0.071836
    380000      4.390276      0.007808
    400000      4.441354     -0.047367
    420000      4.442841     -0.036997
    440000      4.477019     -0.060276
    460000      4.500519      0.014483
    480000      4.535516     -0.043691
    500000      4.547057     -0.079476
    520000      4.567221     -0.093705
    540000      4.586641     -0.103625
    560000      4.629927      0.005329
    580000      4.658653      0.071510
    600000      4.682858      0.106802
    620000      4.708871     -0.044987
    640000      4.712411     -0.124463
    660000      4.725287     -0.145441
    680000      4.746099     -0.153651
    700000      4.762476     -0.165555
    720000      4.742696     -0.227919
    740000      4.828891     -0.129025
    760000      4.876529     -0.059181
    780000      4.915682      0.003392
    800000      4.928395     -0.015673
    820000      4.929616     -0.036673
    840000      4.996843      0.058767
    860000      4.997953     -0.008611
    880000      5.036242      0.021828
    900000      5.057118      0.015057
    920000      5.079448      0.004131
    940000      5.102449     -0.002815
    960000      5.121130     -0.009050
    980000      5.144459     -0.024650
   1000000      5.174461     -0.018344
   1020000      5.189287     -0.044518
   1040000      5.206358     -0.068633
   1060000      5.237902     -0.047155
   1080000      5.277688     -0.035021
   1100000      5.279056     -0.099757
   1120000      5.294894     -0.102359
   1140000      5.310742     -0.133447
   1160000      5.358262     -0.100600
   1180000      5.404913     -0.058972
   1200000      5.422019     -0.087157
   1220000      5.443883     -0.098616
   1240000      5.440874     -0.147933
   1260000      5.495614     -0.092108
   1280000      5.527521     -0.067609
   1300000      5.543747     -0.030769
   1320000      5.571140     -0.113607
   1340000      5.598263     -0.094299
   1360000      5.626708     -0.083183
   1380000      5.618304     -0.210128
   1400000      5.686947     -0.092067
   1420000      5.710457     -0.111800
   1440000      5.746132     -0.079382
   1460000      5.770247     -0.069976
   1480000      5.786699     -0.025675
   1500000      5.824642     -0.068837
   1520000      5.842511     -0.082786
   1540000      5.883576      0.024750
   1560000      5.920431     -0.041900
   1580000      5.944327     -0.031278
   1600000      5.967937     -0.041221
   1620000      5.992218     -0.055462
   1640000      6.016568     -0.141436
   1660000      6.035359     -0.120268
   1680000      6.061306     -0.112750
   1700000      6.079494     -0.121148
   1720000      6.099481     -0.102090
   1740000      6.137629     -0.134595
   1760000      6.136229     -0.157292
   1780000      6.180745     -0.141590
   1800000      6.206168     -0.061252
   1820000      6.223792     -0.055235
   1840000      6.262430     -0.120382
   1860000      6.275965     -0.168328
   1880000      6.307461     -0.170641
   1900000      6.322173     -0.023783
   1920000      6.356329     -0.062955
   1940000      6.379707     -0.066666
   1960000      6.397755     -0.040883
   1980000      6.423351     -0.048996
   2000000      6.437835      0.004320
   2020000      6.482241     -0.149258
   2040000      6.503610     -0.246706
   2060000      6.543863     -0.198111
   2080000      6.547630     -0.282849
   2100000      6.588995     -0.256719
   2120000      6.621724     -0.232284
   2140000      6.646876     -0.220072
   2160000      6.660080     -0.255786
   2180000      6.680278     -0.279408
   2200000      6.701805     -0.286712
   2220000      6.718666     -0.293121
   2240000      6.777147     -0.192763
   2260000      6.777372     -0.275013
   2280000      6.811262     -0.219440
   2300000      6.783613     -0.388545
   2320000      6.802053     -0.429124
   2340000      6.856394     -0.381033
   2360000      6.878982     -0.376050
   2380000      6.881294     -0.453149
   2400000      6.908363     -0.446722
   2420000      6.873355     -0.536408
   2440000      6.890894     -0.560570
   2460000      6.895888     -0.612322
   2480000      6.879749     -0.663368
   2500000      6.903965     -0.666241
   2520000      6.958454     -0.658684
   2540000      6.975710     -0.675036
   2560000      6.988324     -0.695921
   2580000      7.010670     -0.719326
   2600000      7.016051     -0.741631
   2620000      7.063331     -0.753551
   2640000      7.069103     -0.772677
   2660000      7.050373     -0.820641
   2680000      7.050687     -0.851816
   2700000      7.132633     -0.820826
   2720000      7.127572     -0.856316
   2740000      7.120743     -0.888271
   2760000      7.172928     -0.885964
   2780000      7.218699     -0.854840
   2800000      7.274121     -0.792508
   2820000      7.327714     -0.706244
   2840000      7.354480     -0.707987
   2860000      7.371157     -0.686639
   2880000      7.400046     -0.714671
   2900000      7.423109     -0.758831
   2920000      7.445693     -0.703114
   2940000      7.463944     -0.713866
   2960000      7.487893     -0.772714
   2980000      7.512008     -0.804427
   3000000      7.553074     -0.687353
   3020000      7.574348     -0.676073
   3040000      7.615709     -0.717748
   3060000      7.630112     -0.769305
   3080000      7.661923     -0.712254
   3100000      7.684229     -0.649247
   3120000      7.719130     -0.700440
   3140000      7.745125     -0.666589
   3160000      7.777177     -0.700992
   3180000      7.806044     -0.720933
   3200000      7.822968     -0.713667
   3220000      7.844748     -0.721392
   3240000      7.874147     -0.690319
   3260000      7.897384     -0.704219
   3280000      7.898004     -0.566139
   3300000      7.950527     -0.598287
   3320000      7.982058     -0.636845
   3340000      8.025846     -0.738809
   3360000      8.049196     -0.748126
   3380000      8.069250     -0.746368
   3400000      8.088850     -0.732782
   3420000      8.117162     -0.729287
   3440000      8.144807     -0.720398
   3460000      8.151881     -0.692238
   3480000      8.186188     -0.750836
   3500000      8.212209     -0.734424
   3520000      8.239487     -0.711123
   3540000      8.252978     -0.856261
   3560000      8.268852     -0.886736
   3580000      8.308268     -0.872008
   3600000      8.343621     -0.851895
   3620000      8.362057     -0.863559
   3640000      8.371901     -0.880679
   3660000      8.398089     -0.867693
   3680000      8.437035     -0.871665
   3700000      8.460892     -0.909982
   3720000      8.488606     -0.927803
   3740000      8.520187     -0.909200
   3760000      8.543747     -0.887108
   3780000      8.571380     -0.893522
   3800000      8.584556     -0.819607
   3820000      8.615533     -0.842197
   3840000      8.644022     -0.854789
   3860000      8.651000     -0.808102
   3880000      8.669537     -0.804819
   3900000      8.696819     -0.834157
   3920000      8.713411     -0.822968
   3940000      8.741808     -0.814715
   3960000      8.758753     -0.815595
   3980000      8.766093     -0.767843
   4000000      8.782133     -0.763035
   4020000      8.799712     -0.762793
   4040000      8.799548     -0.712129
   4060000      8.831827     -0.800820
   4080000      8.858041     -0.820390
   4100000      8.874739     -0.813800
   4120000      8.885773     -0.760296
   4140000      8.894841     -0.726719
   4160000      8.918779     -0.722373
   4180000      8.932384     -0.688148
   4200000      8.982457     -0.745521
   4220000      9.020090     -0.774058
   4240000      9.030347     -0.723827
   4260000      9.043405     -0.687508
   4280000      9.072810     -0.692957
   4300000      9.080428     -0.617743
   4320000      9.090415     -0.598847
   4340000      9.130186     -0.647135
   4360000      9.136705     -0.599236
   4380000      9.135961     -0.545411
   4400000      9.164587     -0.556374
   4420000      9.170414     -0.503252
   4440000      9.286516     -0.699271
   4460000      9.272326     -0.585180
   4480000      9.288355     -0.561431
   4500000      9.328653     -0.603054
   4520000      9.345674     -0.610090
   4540000      9.370083     -0.577658
   4560000      9.393822     -0.627999
   4580000      9.419622     -0.607730
   4600000      9.437281     -0.561912
   4620000      9.456390     -0.549244
   4640000      9.490156     -0.601548
   4660000      9.514592     -0.650561
   4680000      9.533886     -0.649565
   4700000      9.563779     -0.669858
   4720000      9.576582     -0.669927
   4740000      9.609230     -0.660991
   4760000      9.625814     -0.634579
   4780000      9.625392     -0.537177
   4800000      9.663313     -0.566335
   4820000      9.681681     -0.549146
   4840000      9.737041     -0.735480
   4860000      9.761358     -0.679435
   4880000      9.782544     -0.632133
   4900000      9.807028     -0.628782
   4920000      9.821151     -0.609236
   4940000      9.844717     -0.607150
   4960000      9.875571     -0.599687
   4980000      9.893091     -0.610359
   5000000      9.909827     -0.590239
   5020000      9.914889     -0.541554
   5040000      9.919295     -0.515345
   5060000      9.957446     -0.535321
   5080000      9.999742     -0.633604
   5100000     10.012745     -0.585133
   5120000     10.050583     -0.723119
   5140000     10.072090     -0.748217
   5160000     10.098702     -0.718347
   5180000     10.130495     -0.712795
   5200000     10.153270     -0.661162
   5220000     10.172440     -0.650196
   5240000     10.182500     -0.785749
   5260000     10.210123     -0.772195
   5280000     10.239712     -0.750027
   5300000     10.267381     -0.736324
   5320000     10.291834     -0.762664
   5340000     10.308721     -0.757471
   5360000     10.334403     -0.749208
   5380000     10.362581     -0.781075
   5400000     10.391599     -0.749109
   5420000     10.406714     -0.788669
   5440000     10.438061     -0.792079
   5460000     10.455202     -0.791268
   5480000     10.478067     -0.696140
   5500000     10.498611     -0.701721
   5520000     10.499979     -0.848584
   5540000     10.540575     -0.650783
   5560000     10.568483     -0.662894
   5580000     10.595950     -0.692311
   5600000     10.605221     -0.822831
   5620000     10.627607     -0.850312
   5640000     10.647244     -0.872286
   5660000     10.668002     -0.887014
   5680000     10.686997     -0.908011
   5700000     10.706749     -0.919549
   5720000     10.774349     -0.729203
   5740000     10.809657     -0.830463
   5760000     10.828463     -0.805149
   5780000     10.858272     -0.622963
   5800000     10.892034     -0.647036
   5820000     10.931735     -0.693258
   5840000     10.959581     -0.693881
   5860000     10.972520     -0.587971
   5880000     11.014314     -0.623106
   5900000     11.018693     -0.539622
   5920000     11.012584     -0.473754
   5940000     11.033127     -0.452515
   5960000     11.082946     -0.597971
   5980000     11.069640     -0.438733
   6000000     11.105486     -0.452598
   6020000     11.124132     -0.405987
   6040000     11.150183     -0.413889
   6060000     11.114511     -0.310743
   6080000     11.150626     -0.328805
   6100000     11.178660     -0.331113
   6120000     11.217008     -0.320648
   6140000     11.221357     -0.289353
   6160000     11.289547     -0.369302
   6180000     11.333018     -0.426962
   6200000     11.357285     -0.398971
   6220000     11.374563     -0.408946
   6240000     11.385418     -0.371727
   6260000     11.420835     -0.396839
   6280000     11.445342     -0.416773
   6300000     11.458196     -0.357613
   6320000     11.475484     -0.373085
   6340000     11.470621     -0.281394
   6360000     11.477498     -0.251775
   6380000     11.541693     -0.348880
   6400000     11.567302     -0.365329
   6420000     11.579700     -0.302033
   6440000     11.607402     -0.349389
   6460000     11.525644     -0.103680
   6480000     11.555820     -0.089394
   6500000     11.540968     -0.049142
   6520000     11.558945     -0.039727
   6540000     11.596848     -0.042726
   6560000     11.630305     -0.062668
   6580000     11.658650     -0.082293
   6600000     11.642405     -0.002943
   6620000     11.615421      0.057137
   6640000     11.651249      0.064515
   6660000     11.674571      0.072796
   6680000     11.728076      0.052148
   6700000     11.628624      0.188687
   6720000     11.640885      0.209918
   6740000     11.650536      0.229435
   6760000     11.669909      0.244192
   6780000     11.539472      0.363722
   6800000     11.514642      0.402954
   6820000     11.544727      0.410207
   6840000     11.535774      0.432622
   6860000     11.526807      0.464861
   6880000     11.546623      0.479533
   6900000     11.516465      0.511577
   6920000     11.528336      0.540630
   6940000     11.562606      0.552729
   6960000     11.563312      0.578548
   6980000     11.566847      0.604157
   7000000     11.536169      0.639351
   7020000     11.538241      0.655528
   7040000     11.488583      0.695707
   7060000     11.498562      0.713695
   7080000     11.592845      0.724261
   7100000     11.591665      0.756908
   7120000     11.609941      0.785611
   7140000     11.538131      0.817554
   7160000     11.523504      0.828157
   7180000     11.545476      0.851262
   7200000     11.620297      0.862629
   7220000     11.661227      0.872944
   7240000     11.753227      0.859012
   7260000     11.731235      0.884340
   7280000     11.740603      0.911274
   7300000     11.742636      0.942726
   7320000     11.747362      0.967964
   7340000     11.771318      0.980281
   7360000     11.762471      1.006784
   7380000     11.737113      1.044794
   7400000     11.721015      1.055799
   7420000     11.846143      1.060447
   7440000     11.828607      1.102449
   7460000     11.857069      1.137259
   7480000     11.748619      1.199607
   7500000     11.708764      1.221250
   7520000     11.807226      1.244167
   7540000     11.774735      1.275345
   7560000     11.742940      1.292265
   7580000     11.751737      1.311240
   7600000     11.858371      1.315156
   7620000     11.798680      1.354908
   7640000     11.819726      1.367936
   7660000     11.765889      1.396514
   7680000     11.700517      1.416827
   7700000     11.671015      1.432762
   7720000     11.668333      1.452642
   7740000     11.706344      1.500265
   7760000     11.686412      1.522036
   7780000     11.636946      1.518927
   7800000     11.646573      1.555088
   7820000     11.722014      1.610600
   7840000     11.704569      1.630627
   7860000     11.699469      1.667161
   7880000     11.677270      1.688768
   7900000     11.663203      1.710017
   7920000     11.660834      1.739222
   7940000     11.682037      1.767817
   7960000     11.669222      1.781994
   7980000     11.790343      1.821731
   8000000     11.738305      1.846649
   8020000     11.830158      1.861836
   8040000     11.736656      1.910764
   8060000     11.734165      1.938056
   8080000     11.723039      1.962176
   8100000     11.804144      1.981504
   8120000     11.856804      1.989896
   8140000     11.834766      2.020152
   8160000     11.786340      2.035734
   8180000     11.911313      2.039024
   8200000     11.937248      2.040316
   8220000     11.981673      2.054655
   8240000     11.991455      2.066379
   8260000     11.969209      2.111477
   8280000     11.993832      2.124636
   8300000     11.972179      2.164991
   8320000     11.974614      2.190514
   8340000     11.965474      2.224345
   8360000     11.960495      2.248187
   8380000     11.984985      2.267388
   8400000     11.929015      2.310007
   8420000     12.035325      2.297126
   8440000     11.963283      2.350525
   8460000     11.865764      2.396928
   8480000     11.862567      2.419088
   8500000     11.872905      2.440157
   8520000     11.877214      2.454437
   8540000     11.900287      2.483538
   8560000     11.735681      2.508787
   8580000     11.765814      2.532881
   8600000     11.737082      2.551020
   8620000     11.694285      2.558437
   8640000     11.707918      2.575341
   8660000     11.584781      2.557605
   8680000     11.585499      2.588053
   8700000     11.697620      2.670101
   8720000     11.745326      2.704379
   8740000     11.758794      2.733099
   8760000     11.776419      2.755854
   8780000     11.788586      2.781811
   8800000     11.816556      2.789086
   8820000     11.837938      2.822265
   8840000     11.885574      2.845564
   8860000     11.887171      2.874434
   8880000     11.839892      2.912060
   8900000     11.903650      2.944043
   8920000     11.957125      2.965701
   8940000     11.936028      2.986473
   8960000     11.890270      3.013227
   8980000     11.841019      3.032724
   9000000     11.851295      3.059485
   9020000     11.784587      3.078102
   9040000     11.761572      3.099048
   9060000     11.766226      3.105527
   9080000     11.824224      3.148784
   9100000     11.867821      3.175958
   9120000     11.902215      3.203321
   9140000     11.938724      3.214307
   9160000     11.918186      3.251159
   9180000     11.932244      3.279407
   9200000     11.988552      3.296958
   9220000     11.916818      3.330078
   9240000     11.913198      3.355178
   9260000     11.963495      3.371906
   9280000     11.943869      3.404353
   9300000     11.761513      3.410526
   9320000     11.777013      3.433859
   9340000     11.689489      3.431396
   9360000     11.621875      3.412582
   9380000     11.731138      3.488098
   9400000     11.685045      3.486240
   9420000     11.679645      3.523435
   9440000     11.605232      3.500701
   9460000     11.563861      3.485312
   9480000     11.533918      3.465603
   9500000     11.509654      3.480647
   9520000     11.610555      3.620224
   9540000     11.646093      3.657426
   9560000     11.642390      3.680529
   9580000     11.639387      3.690313
   9600000     11.705895      3.745063
   9620000     11.669106      3.752811
   9640000     11.667955      3.784600
   9660000     11.597882      3.790506
   9680000     11.605384      3.821816
   9700000     11.594672      3.850894
   9720000     11.551659      3.856703
   9740000     11.521426      3.866611
   9760000     11.588011      3.930503
   9780000     11.506791      3.900929
   9800000     11.455833      3.896423
   9820000     11.385820      3.863219
   9840000     11.334794      3.820246
   9860000     11.314556      3.837150
   9880000     11.269970      3.798839
   9900000     11.234171      3.787659
   9920000     11.225830      3.841196
   9940000     11.188214      3.777195
   9960000     11.397933      4.042842
   9980000     11.429220      4.122083
  10000000     11.395733      4.131494
