         0      4.000000      0.000000
     20000      4.053057      0.032893
     40000      4.114934      0.001234
     60000      4.199450     -0.055003
     80000      4.261186     -0.092975
    100000      4.324682     -0.074901
    120000      4.397060      0.064219
    140000      4.462604     -0.057090
    160000      4.524399     -0.150208
    180000      4.588067     -0.171172
    200000      4.632080     -0.234029
    220000      4.731964     -0.194395
    240000      4.764590     -0.277319
    260000      4.834139     -0.241318
    280000      4.868195     -0.324898
    300000      4.933773     -0.334223
    320000      4.929641     -0.435245
    340000      4.976733     -0.449080
    360000      5.126180     -0.396378
    380000      5.131510     -0.500504
    400000      5.170178     -0.558016
    420000      5.333046     -0.485018
    440000      5.415759     -0.486831
    460000      5.498674     -0.448539
    480000      5.539191     -0.495559
    500000      5.593434     -0.641632
    520000      5.563514     -0.780150
    540000      5.746690     -0.651457
    560000      5.808491     -0.649227
    580000      5.865628     -0.652016
    600000      5.937283     -0.587187
    620000      6.006829     -0.653776
    640000      5.942244     -0.935967
    660000      6.060454     -0.929279
    680000      6.145096     -0.872889
    700000      6.210517     -0.889605
    720000      6.252727     -0.905591
    740000      6.289880     -1.071413
    760000      6.274598     -1.228508
    780000      6.401131     -1.163384
    800000      6.361752     -1.365168
    820000      6.559602     -1.208027
    840000      6.616355     -1.234204
    860000      6.690457     -1.181333
    880000      6.750473     -1.242550
    900000      6.822263     -1.191226
    920000      6.887009     -1.223603
    940000      6.884958     -1.435036
    960000      6.967222     -1.454505
    980000      7.061836     -1.433486
   1000000      7.077910     -1.561948
   1020000      7.149253     -1.557222
   1040000      7.182956     -1.658455
   1060000      7.281069     -1.648799
   1080000      7.272194     -1.764788
   1100000      7.311975     -1.805929
   1120000      7.373996     -1.837051
   1140000      7.337962     -1.915148
   1160000      7.504166     -1.899351
   1180000      7.590180     -1.902448
   1200000      7.663957     -1.914744
   1220000      7.724345     -1.943593
   1240000      7.743587     -2.016578
   1260000      7.895559     -1.943661
   1280000      7.959450     -1.957006
   1300000      7.966516     -2.060728
   1320000      8.044318     -2.069917
   1340000      8.139461     -1.991974
   1360000      8.166300     -2.154575
   1380000      8.244411     -2.178437
   1400000      8.293350     -2.224838
   1420000      8.320463     -2.306535
   1440000      8.400520     -2.305498
   1460000      8.447593     -2.358634
   1480000      8.474860     -2.445700
   1500000      8.541661     -2.462431
   1520000      8.566827     -2.515237
   1540000      8.685919     -2.467386
   1560000      8.708897     -2.586496
   1580000      8.785435     -2.577564
   1600000      8.800950     -2.703766
   1620000      8.902028     -2.646364
   1640000      8.906388     -2.768595
   1660000      9.060073     -2.579916
   1680000      9.115675     -2.648100
   1700000      9.190540     -2.679812
   1720000      9.295075     -2.597154
   1740000      9.374039     -2.536973
   1760000      9.443696     -2.558401
   1780000      9.482510     -2.558391
   1800000      9.540271     -2.499202
   1820000      9.610546     -2.473884
   1840000      9.649529     -2.435195
   1860000      9.673777     -2.348450
   1880000      9.812846     -2.476128
   1900000      9.875744     -2.523510
   1920000      9.937767     -2.498087
   1940000      9.986898     -2.406211
   1960000     10.039352     -2.444899
   1980000     10.090933     -2.334130
   2000000     10.165868     -2.390374
   2020000     10.217126     -2.371972
   2040000     10.294142     -2.401963
   2060000     10.333492     -2.363017
   2080000     10.455572     -2.443676
   2100000     10.510924     -2.382806
   2120000     10.544330     -2.270539
   2140000     10.629231     -2.293416
   2160000     10.687200     -2.271338
   2180000     10.763812     -2.295955
   2200000     10.837395     -2.264637
   2220000     10.885224     -2.250890
   2240000     10.938773     -2.184267
   2260000     11.053786     -2.290049
   2280000     11.103856     -2.301715
   2300000     11.155378     -2.272907
   2320000     11.239412     -2.272909
   2340000     11.263061     -2.179678
   2360000     11.376641     -2.291155
   2380000     11.435325     -2.383407
   2400000     11.479281     -2.124523
   2420000     11.543186     -2.108532
   2440000     11.598194     -2.166504
   2460000     11.661470     -2.247285
   2480000     11.738202     -2.259514
   2500000     11.744613     -2.018580
   2520000     11.813980     -2.042165
   2540000     11.879352     -2.086113
   2560000     11.951128     -2.112261
   2580000     11.997617     -1.988151
   2600000     12.101768     -2.054953
   2620000     12.187680     -2.074320
   2640000     12.241742     -2.015964
   2660000     12.323742     -2.015212
   2680000     12.370439     -1.968109
   2700000     12.422535     -1.922148
   2720000     12.481992     -1.882270
   2740000     12.546273     -1.848534
   2760000     12.612528     -1.857317
   2780000     12.665782     -1.847927
   2800000     12.738262     -1.819982
   2820000     12.828956     -1.863732
   2840000     12.902297     -1.976880
   2860000     12.958724     -1.868065
   2880000     12.978120     -1.728023
   2900000     13.074152     -1.823568
   2920000     13.124556     -1.847001
   2940000     13.198984     -1.685511
   2960000     13.220912     -1.566619
   2980000     13.309081     -1.774516
   3000000     13.421757     -1.737196
   3020000     13.502878     -1.770224
   3040000     13.571180     -1.865539
   3060000     13.623471     -1.768271
   3080000     13.696705     -1.793312
   3100000     13.722808     -1.658484
   3120000     13.820951     -1.717122
   3140000     13.881924     -1.819363
   3160000     13.941558     -1.719936
   3180000     14.017774     -1.722720
   3200000     14.066356     -1.543675
   3220000     14.130541     -1.548078
   3240000     14.141398     -1.429277
   3260000     14.154686     -1.246822
   3280000     14.185487     -1.176953
   3300000     14.218684     -1.086292
   3320000     14.314478     -1.084652
   3340000     14.485727     -1.267080
   3360000     14.472787     -1.060228
   3380000     14.588893     -1.155343
   3400000     14.642868     -1.093654
   3420000     14.676917     -0.967522
   3440000     14.718673     -0.924183
   3460000     14.809771     -0.977027
   3480000     14.884486     -0.935205
   3500000     14.975250     -0.926511
   3520000     15.034032     -0.914496
   3540000     15.122074     -1.015043
   3560000     15.180074     -1.020531
   3580000     15.263533     -0.963649
   3600000     15.327248     -0.952679
   3620000     15.389154     -0.949327
   3640000     15.472360     -0.931447
   3660000     15.552176     -0.908207
   3680000     15.590518     -1.085916
   3700000     15.655506     -1.113030
   3720000     15.711311     -1.129092
   3740000     15.802948     -0.977040
   3760000     15.860008     -0.868386
   3780000     15.964833     -0.911200
   3800000     16.024102     -0.826443
   3820000     16.112935     -0.868114
   3840000     16.165072     -0.945369
   3860000     16.217680     -0.887345
   3880000     16.273087     -0.841534
   3900000     16.346559     -0.911187
   3920000     16.403112     -0.926837
   3940000     16.480860     -0.849902
   3960000     16.552742     -0.852497
   3980000     16.608674     -0.859626
   4000000     16.682548     -0.978160
   4020000     16.715462     -1.031385
   4040000     16.813329     -0.822143
   4060000     16.872631     -0.809588
   4080000     16.959209     -0.900110
   4100000     17.039632     -0.879626
   4120000     17.104807     -0.752822
   4140000     17.179049     -0.793391
   4160000     17.255009     -0.835583
   4180000     17.326652     -0.888631
   4200000     17.385349     -0.852860
   4220000     17.440144     -0.838216
   4240000     17.506020     -0.849772
   4260000     17.576292     -0.773328
   4280000     17.637555     -0.881140
   4300000     17.706680     -0.878372
   4320000     17.770976     -0.901106
   4340000     17.843301     -0.772016
   4360000     17.921003     -0.891287
   4380000     17.946872     -0.957586
   4400000     18.018891     -0.967015
   4420000     18.099064     -0.942140
   4440000     18.189039     -0.583268
   4460000     18.274253     -0.672079
   4480000     18.308634     -0.446292
   4500000     18.393476     -0.462593
   4520000     18.427280     -0.337994
   4540000     18.470717     -0.287555
   4560000     18.486805     -0.198127
   4580000     18.605847     -0.220275
   4600000     18.699577     -0.340033
   4620000     18.675226     -0.108850
   4640000     18.730735     -0.050353
   4660000     18.730433      0.029458
   4680000     18.788857      0.080618
   4700000     18.855537      0.119829
   4720000     18.965756      0.099892
   4740000     19.016705      0.130432
   4760000     19.156146     -0.007358
   4780000     19.209113      0.065567
   4800000     19.279429      0.083571
   4820000     19.344953      0.056695
   4840000     19.387490      0.044505
   4860000     19.448238      0.015134
   4880000     19.509260     -0.018078
   4900000     19.600008      0.026979
   4920000     19.666835      0.018051
   4940000     19.714976     -0.049015
   4960000     19.784675      0.040561
   4980000     19.840538      0.279334
   5000000     19.912923      0.237970
   5020000     19.929767      0.442261
   5040000     19.906996      0.572667
   5060000     19.975590      0.570531
   5080000     19.870816      0.701795
   5100000     20.159816      0.562940
   5120000     20.157825      0.688789
   5140000     20.216950      0.683090
   5160000     20.285805      0.710375
   5180000     20.339677      0.754425
   5200000     20.356643      0.843166
   5220000     20.334647      0.960274
   5240000     20.334873      1.051173
   5260000     20.363319      1.086291
   5280000     20.446898      1.127177
   5300000     20.422278      1.208144
   5320000     20.446441      1.262670
   5340000     20.424185      1.338413
   5360000     20.356869      1.403581
   5380000     20.659467      1.386828
   5400000     20.649354      1.468860
   5420000     20.737216      1.480534
   5440000     20.829368      1.490930
   5460000     20.816646      1.563780
   5480000     20.950650      1.562255
   5500000     20.946887      1.646306
   5520000     20.998242      1.703564
   5540000     21.138388      1.674264
   5560000     21.164751      1.740742
   5580000     21.122397      1.816710
   5600000     21.158355      1.883329
   5620000     21.214962      1.920294
   5640000     21.367871      1.918812
   5660000     21.208948      2.044860
   5680000     21.276445      2.098794
   5700000     21.262601      2.176536
   5720000     21.108206      2.190253
   5740000     21.291633      2.312902
   5760000     21.267854      2.376878
   5780000     21.288733      2.468357
   5800000     21.293724      2.513442
   5820000     21.183718      2.593547
   5840000     21.171586      2.650225
   5860000     21.450738      2.712831
   5880000     21.415214      2.794733
   5900000     21.570225      2.814231
   5920000     21.471974      2.914301
   5940000     21.411736      2.982792
   5960000     21.411636      3.030574
   5980000     21.373747      3.107718
   6000000     21.418914      3.159812
