         0      4.000000      0.000000
     20000      4.001609     -0.004077
     40000      4.003024     -0.000100
     60000      4.003656     -0.011000
     80000      4.006244     -0.009111
    100000      4.004765     -0.011972
    120000      4.004866      0.000118
    140000      4.002807     -0.010787
    160000      4.003812     -0.009668
    180000      4.001727     -0.018742
    200000      4.003658     -0.015385
    220000      4.004000     -0.003755
    240000      4.007500     -0.016732
    260000      4.002038     -0.025690
    280000      4.003648     -0.010835
    300000      4.007078      0.002648
    320000      4.004611      0.012967
    340000      4.000493      0.008296
    360000      4.001704      0.019502
    380000      4.007152      0.009451
    400000      4.002688     -0.007371
    420000      4.002328      0.015293
    440000      4.001895     -0.012732
    460000      4.003894     -0.002958
    480000      4.001191      0.000286
    500000      4.004143      0.003522
    520000      4.002741     -0.010948
    540000      4.008221     -0.013304
    560000      4.007117     -0.005820
    580000      4.006776     -0.005094
    600000      4.007138     -0.002066
    620000      4.007146     -0.000037
    640000      4.003338      0.012727
    660000      4.006850      0.001731
    680000      4.004821      0.003505
    700000      4.003467      0.010992
    720000      4.004130      0.008090
    740000      4.005280      0.000809
    760000      4.002792      0.005838
    780000      4.007464      0.001724
    800000      4.007144     -0.008706
    820000      4.003470      0.013235
    840000      4.004817     -0.018094
    860000      4.005431     -0.024043
    880000      4.003723     -0.004847
    900000      4.008517     -0.003929
    920000      4.004982     -0.020601
    940000      4.009180     -0.021913
    960000      4.002745      0.011430
    980000      4.006180      0.009333
   1000000      4.005153      0.009967
   1020000      4.005111      0.008693
   1040000      4.006157     -0.009778
   1060000      4.005795     -0.012441
   1080000      4.003727     -0.002519
   1100000      4.002849      0.005964
   1120000      4.004888     -0.008610
   1140000      4.002912      0.001738
   1160000      4.003606     -0.003271
   1180000      4.004688      0.013101
   1200000      4.004190     -0.004702
   1220000      4.005242      0.003822
   1240000      4.006043     -0.008556
   1260000      4.007549     -0.004039
   1280000      4.007605     -0.007388
   1300000      4.004518      0.005226
   1320000      4.006669      0.002925
   1340000      4.003682      0.009743
   1360000      4.005278      0.015277
   1380000      4.003633      0.017308
   1400000      4.003297      0.007278
   1420000      4.006676      0.004610
   1440000      4.003634     -0.008153
   1460000      4.002329      0.009502
   1480000      4.003822     -0.003152
   1500000      4.004104      0.004799
   1520000      4.008385     -0.004924
   1540000      4.006187     -0.006166
   1560000      4.001743     -0.004756
   1580000      4.000888     -0.004693
   1600000      4.004352     -0.007354
   1620000      4.005425      0.006504
   1640000      4.002859      0.013360
   1660000      4.006021      0.009737
   1680000      4.005870     -0.019528
   1700000      4.007272     -0.005544
   1720000      4.002386     -0.019298
   1740000      4.004061      0.020676
   1760000      4.001940      0.009386
   1780000      4.005958     -0.008097
   1800000      4.006032     -0.024455
   1820000      4.006840     -0.000686
   1840000      4.006113      0.002199
   1860000      4.007788     -0.000566
   1880000      4.008759     -0.016683
   1900000      4.006451     -0.017195
   1920000      4.004882     -0.011171
   1940000      4.004875     -0.000929
   1960000      4.004350     -0.004962
   1980000      4.004702      0.015149
   2000000      4.004955      0.000986
   2020000      4.007306     -0.015884
   2040000      4.003074     -0.018874
   2060000      4.004641     -0.018645
   2080000      4.002467     -0.000507
   2100000      4.004981     -0.000296
   2120000      4.005470      0.008789
   2140000      4.006300     -0.007017
   2160000      4.007433      0.014389
   2180000      4.006951      0.008904
   2200000      4.005594      0.013711
   2220000      4.007323      0.007679
   2240000      4.008576     -0.002422
   2260000      4.007101      0.008729
   2280000      4.007041      0.007320
   2300000      4.006026      0.021037
   2320000      4.005546      0.005277
   2340000      4.006818      0.003128
   2360000      4.006050      0.003968
   2380000      4.004756      0.003926
   2400000      4.007424     -0.012113
   2420000      4.006475     -0.013787
   2440000      4.010043     -0.011981
   2460000      4.004800      0.007249
   2480000      4.005744     -0.002189
   2500000      4.006367      0.005153
   2520000      4.006126      0.000106
   2540000      4.005317     -0.005344
   2560000      4.007265     -0.005991
   2580000      4.006644     -0.009119
   2600000      4.005312      0.000692
   2620000      4.006170      0.005326
   2640000      4.005978     -0.010895
   2660000      4.006679     -0.004490
   2680000      4.006305     -0.007782
   2700000      4.006710     -0.014181
   2720000      4.006632     -0.006750
   2740000      4.006978     -0.019485
   2760000      4.005081     -0.023143
   2780000      4.010108     -0.002817
   2800000      4.008376      0.002709
   2820000      4.008287     -0.006074
   2840000      4.006113     -0.017125
   2860000      4.006924     -0.008004
   2880000      4.004456      0.005518
   2900000      4.005523      0.011574
   2920000      4.002376      0.001681
   2940000      4.004400      0.002245
   2960000      4.003500      0.017951
   2980000      4.006444      0.010319
   3000000      4.007105      0.007759
   3020000      4.005749      0.009364
   3040000      4.004477      0.006604
   3060000      4.003261      0.007893
   3080000      4.006413      0.005336
   3100000      4.006710      0.012336
   3120000      4.009798      0.006901
   3140000      4.007298      0.003010
   3160000      4.005482      0.011280
   3180000      4.008875      0.005256
   3200000      4.008337      0.013417
   3220000      4.006898     -0.008558
   3240000      4.001951     -0.012725
   3260000      4.005604     -0.001010
   3280000      4.005874     -0.015926
   3300000      4.005789     -0.011765
   3320000      4.004477     -0.017196
   3340000      4.001778     -0.018469
   3360000      4.007356     -0.012564
   3380000      4.006047     -0.017944
   3400000      4.007975     -0.017681
   3420000      4.002052     -0.009991
   3440000      4.001021      0.011127
   3460000      4.001742     -0.008943
   3480000      4.003084     -0.016750
   3500000      4.004739     -0.012446
   3520000      3.999305     -0.010079
   3540000      4.005074     -0.006138
   3560000      4.004190      0.007688
   3580000      4.003928     -0.004646
   3600000      4.004688      0.012920
   3620000      4.010381     -0.000425
   3640000      4.008223      0.019432
   3660000      4.001994      0.021319
   3680000      4.008120      0.002862
   3700000      4.007113     -0.011865
   3720000      4.006406     -0.004900
   3740000      4.008254     -0.003569
   3760000      4.006384      0.004450
   3780000      4.005569      0.010078
   3800000      4.006849     -0.007531
   3820000      4.008613     -0.003635
   3840000      4.008303     -0.010536
   3860000      4.007021     -0.011360
   3880000      4.006154     -0.011956
   3900000      4.009817     -0.013320
   3920000      4.008125     -0.006487
   3940000      4.006909      0.009183
   3960000      4.008599     -0.004087
   3980000      4.007448      0.003837
   4000000      4.006791      0.012158
   4020000      4.004609      0.016537
   4040000      4.005487      0.012157
   4060000      4.008872      0.009004
   4080000      4.006144      0.000319
   4100000      4.002454     -0.009385
   4120000      4.006374      0.001589
   4140000      4.005499      0.012052
   4160000      4.008576      0.001366
   4180000      4.005639      0.017928
   4200000      4.008553     -0.012470
   4220000      4.004736     -0.015071
   4240000      4.005365     -0.016319
   4260000      4.003411      0.016212
   4280000      4.007906      0.005020
   4300000      4.004007     -0.021450
   4320000      4.002478     -0.028386
   4340000      4.002398     -0.029566
   4360000      4.004621     -0.009657
   4380000      4.006532      0.003810
   4400000      4.005271      0.006518
   4420000      4.006964      0.006794
   4440000      4.007095      0.007384
   4460000      4.004353      0.009549
   4480000      4.007459     -0.012825
   4500000      4.007620     -0.000269
   4520000      4.003668     -0.000865
   4540000      4.004385     -0.011400
   4560000      4.002758     -0.009688
   4580000      4.003137     -0.010769
   4600000      4.005364     -0.017769
   4620000      4.005663     -0.021360
   4640000      4.009534     -0.013827
   4660000      4.006727     -0.025950
   4680000      4.007261     -0.019913
   4700000      4.007310     -0.014779
   4720000      4.008845      0.004961
   4740000      4.008427     -0.017374
   4760000      4.007363     -0.013725
   4780000      4.008496     -0.014894
   4800000      4.000161     -0.014302
   4820000      4.007102     -0.015221
   4840000      4.007323      0.009397
   4860000      4.008556      0.006090
   4880000      4.007216     -0.010905
   4900000      4.008328     -0.008215
   4920000      4.006246     -0.018103
   4940000      4.006050      0.002841
   4960000      4.005037     -0.010494
   4980000      4.005884     -0.011502
   5000000      4.005523      0.009388
   5020000      4.007778     -0.008105
   5040000      4.005447     -0.018050
   5060000      4.005610     -0.019390
   5080000      4.010203     -0.006108
   5100000      4.008248     -0.009336
   5120000      4.005910     -0.001727
   5140000      4.008927     -0.015552
   5160000      4.006517     -0.017517
   5180000      4.007821     -0.026696
   5200000      4.006842     -0.020804
   5220000      4.007711     -0.016554
   5240000      4.004907     -0.020322
   5260000      4.003933     -0.014125
   5280000      4.003708     -0.016497
   5300000      4.007500     -0.013062
   5320000      4.004436     -0.012170
   5340000      4.008797     -0.003457
   5360000      4.008947     -0.008745
   5380000      4.006928     -0.009801
   5400000      4.007745     -0.006354
   5420000      4.006806     -0.000992
   5440000      4.010085     -0.003228
   5460000      4.009440      0.015257
   5480000      4.004753     -0.003847
   5500000      4.004130      0.017107
   5520000      4.004043      0.015080
   5540000      4.008429      0.001165
   5560000      4.009116     -0.006728
   5580000      4.009722     -0.012185
   5600000      4.010856      0.002624
   5620000      4.007597      0.002092
   5640000      4.010649      0.007655
   5660000      4.004101      0.009247
   5680000      4.010818     -0.011303
   5700000      4.006843      0.002582
   5720000      4.005761      0.001745
   5740000      4.008364     -0.015361
   5760000      4.007552     -0.017954
   5780000      4.009992     -0.011593
   5800000      4.006705     -0.028000
   5820000      4.004857     -0.018446
   5840000      4.008563     -0.010767
   5860000      4.006762     -0.026115
   5880000      4.004843     -0.012919
   5900000      4.006780     -0.005880
   5920000      4.004769      0.004010
   5940000      4.001517      0.005037
   5960000      4.004125     -0.007989
   5980000      4.008471     -0.009897
   6000000      4.009046      0.006376
   6020000      4.007857      0.018943
   6040000      4.007604      0.006139
   6060000      4.002561     -0.010833
   6080000      4.006135     -0.015836
   6100000      4.005165      0.000792
   6120000      4.004544     -0.015257
   6140000      4.002086     -0.002294
   6160000      4.004530     -0.006475
   6180000      4.002147      0.001008
   6200000      4.008074     -0.014780
   6220000      4.001961     -0.014559
   6240000      4.010427     -0.001039
   6260000      4.006920     -0.005228
   6280000      4.005391     -0.003295
   6300000      4.008394     -0.015297
   6320000      4.009595     -0.020932
   6340000      4.003201     -0.018493
   6360000      4.006512     -0.022068
   6380000      4.009488     -0.012785
   6400000      4.012505     -0.000533
   6420000      4.008221      0.010297
   6440000      4.007503      0.014499
   6460000      4.005147      0.002714
   6480000      4.009254      0.001063
   6500000      4.009101      0.006180
   6520000      4.011231     -0.007264
   6540000      4.006096      0.006333
   6560000      4.006291      0.005853
   6580000      4.005231     -0.019622
   6600000      4.004098     -0.019079
   6620000      4.006466     -0.020486
   6640000      4.006614     -0.006703
   6660000      4.006447     -0.019625
   6680000      4.005589     -0.005702
   6700000      4.006171     -0.011462
   6720000      4.006111      0.009786
   6740000      4.008326      0.014672
   6760000      4.006183      0.012536
   6780000      4.014265     -0.007761
   6800000      4.010369     -0.008367
   6820000      4.012455     -0.013150
   6840000      4.007024      0.015096
   6860000      4.006920      0.012216
   6880000      4.007308     -0.004708
   6900000      4.005354      0.004810
   6920000      4.001491     -0.001625
   6940000      4.005217     -0.012243
   6960000      4.011386     -0.005015
   6980000      4.009173      0.018022
   7000000      4.011167      0.005130
   7020000      4.012709     -0.003981
   7040000      4.005807     -0.002994
   7060000      4.008346      0.007488
   7080000      4.007560     -0.005787
   7100000      4.007472     -0.015441
   7120000      4.006706     -0.014873
   7140000      4.008361     -0.014834
   7160000      4.012003     -0.009734
   7180000      4.006759     -0.014379
   7200000      4.006758     -0.017285
   7220000      4.002109     -0.010726
   7240000      4.006737      0.009769
   7260000      4.002923     -0.000957
   7280000      4.002968      0.000165
   7300000      4.004003     -0.013106
   7320000      4.002464     -0.002543
   7340000      4.003862     -0.011564
   7360000      4.006229     -0.016334
   7380000      4.008731     -0.022404
   7400000      4.008072     -0.006842
   7420000      4.011521      0.003017
   7440000      4.008673      0.001951
   7460000      4.013327     -0.011462
   7480000      4.007911      0.009150
   7500000      4.011725      0.010815
   7520000      4.008986      0.008078
   7540000      4.009537     -0.014319
   7560000      4.009352     -0.028426
   7580000      4.011489      0.015120
   7600000      4.008022      0.010610
   7620000      4.007138      0.007324
   7640000      4.010265      0.010150
   7660000      4.010670      0.006420
   7680000      4.007181      0.010416
   7700000      4.005595      0.009421
   7720000      4.007776     -0.006785
   7740000      4.005390      0.014009
   7760000      4.010625     -0.015610
   7780000      4.006412      0.012720
   7800000      4.011316      0.005563
   7820000      4.013024     -0.003148
   7840000      4.007350      0.011507
   7860000      4.011283      0.003930
   7880000      4.008121      0.016280
   7900000      4.012497      0.013554
   7920000      4.006298      0.009378
   7940000      4.012433      0.008870
   7960000      4.013323      0.002891
   7980000      4.008774      0.016979
   8000000      4.006499      0.014240
   8020000      4.008346      0.014075
   8040000      4.004257      0.031207
   8060000      4.006568      0.016267
   8080000      4.009819     -0.017090
   8100000      4.009868     -0.003878
   8120000      4.010111     -0.008079
   8140000      4.013292      0.007660
   8160000      4.009600      0.004553
   8180000      4.012129      0.000899
   8200000      4.009143      0.003699
   8220000      4.010366     -0.002010
   8240000      4.010543     -0.014050
   8260000      4.010981     -0.018821
   8280000      4.008890     -0.011419
   8300000      4.010279     -0.009965
   8320000      4.009794     -0.004983
   8340000      4.007165     -0.019877
   8360000      4.012158     -0.006258
   8380000      4.011666     -0.021211
   8400000      4.011183     -0.014938
   8420000      4.008417     -0.017784
   8440000      4.008924     -0.014624
   8460000      4.010599     -0.007842
   8480000      4.012895     -0.010038
   8500000      4.011874      0.012508
   8520000      4.006283     -0.013166
   8540000      4.006776      0.001426
   8560000      4.009486      0.014199
   8580000      4.007898      0.012841
   8600000      4.001476      0.024710
   8620000      4.007428      0.006188
   8640000      4.003975      0.019368
   8660000      4.012624      0.016702
   8680000      3.999663      0.027252
   8700000      4.003281     -0.008871
   8720000      4.009553     -0.014812
   8740000      4.011000     -0.009452
   8760000      4.010948     -0.023538
   8780000      4.006856     -0.006396
   8800000      4.006122     -0.011641
   8820000      4.009187      0.010606
   8840000      4.009324      0.001658
   8860000      4.007291     -0.006329
   8880000      4.008132     -0.015799
   8900000      4.010646     -0.005556
   8920000      4.007937     -0.010129
   8940000      4.011905     -0.012076
   8960000      4.012132     -0.022642
   8980000      4.010368     -0.017682
   9000000      4.005687      0.013196
   9020000      4.004753     -0.011007
   9040000      4.002995     -0.011723
   9060000      4.004251      0.001488
   9080000      4.001422      0.009250
   9100000      4.005061     -0.008318
   9120000      4.009037     -0.002636
   9140000      4.003766     -0.004779
   9160000      4.009516     -0.010465
   9180000      4.001862      0.002935
   9200000      4.006033      0.018267
   9220000      4.005643     -0.006500
   9240000      4.003160     -0.003268
   9260000      4.001689      0.014957
   9280000      4.006010      0.007464
   9300000      4.006925     -0.013705
   9320000      4.007778     -0.020852
   9340000      4.008226     -0.019191
   9360000      4.004764      0.011126
   9380000      4.007928     -0.000298
   9400000      4.008327     -0.014247
   9420000      4.008085     -0.009973
   9440000      4.010954     -0.011963
   9460000      4.005782      0.012299
   9480000      4.006366      0.002326
   9500000      4.007324     -0.014116
   9520000      4.010142     -0.018236
   9540000      4.007932     -0.026824
   9560000      4.006897      0.012059
   9580000      4.012028     -0.009325
   9600000      4.004232     -0.020858
   9620000      4.003267      0.001226
   9640000      4.007630     -0.004802
   9660000      4.010381     -0.021350
   9680000      3.998099      0.017865
   9700000      4.007198      0.000882
   9720000      4.006142     -0.009082
   9740000      4.003514      0.004370
   9760000      4.003652     -0.011366
   9780000      4.007514      0.009112
   9800000      4.012321      0.005225
   9820000      4.005414     -0.013990
   9840000      4.006372     -0.019044
   9860000      4.002715     -0.006649
   9880000      4.005190     -0.014859
   9900000      4.005554     -0.011126
   9920000      4.005265     -0.013027
   9940000      4.007351     -0.013579
   9960000      4.006711     -0.021169
   9980000      4.006313     -0.016797
  10000000      4.001140     -0.006199
