         0      4.000000      0.000000
     20000      4.011927     -0.006538
     40000      4.025988     -0.011112
     60000      4.032010     -0.037185
     80000      4.044880     -0.035379
    100000      4.051049     -0.029138
    120000      4.068645     -0.017504
    140000      4.075439     -0.015312
    160000      4.090104     -0.010756
    180000      4.107364     -0.004842
    200000      4.113707     -0.012758
    220000      4.124185      0.013951
    240000      4.137281      0.018838
    260000      4.142744      0.030866
    280000      4.152728      0.053382
    300000      4.152974      0.060278
    320000      4.161867      0.063288
    340000      4.181747      0.050004
    360000      4.191237      0.068597
    380000      4.199216      0.075540
    400000      4.206741      0.082066
    420000      4.219889      0.074512
    440000      4.243177      0.056200
    460000      4.261189      0.067435
    480000      4.262571      0.091749
    500000      4.274538      0.091041
    520000      4.288259      0.075420
    540000      4.299009      0.069741
    560000      4.311115      0.075240
    580000      4.318493      0.087946
    600000      4.330659      0.076206
    620000      4.341785      0.079194
    640000      4.354114      0.071481
    660000      4.365319      0.082822
    680000      4.359820      0.132892
    700000      4.377834      0.130698
    720000      4.386006      0.116046
    740000      4.373223      0.170542
    760000      4.393697      0.152517
    780000      4.421894      0.083030
    800000      4.441717      0.074175
    820000      4.447609      0.069012
    840000      4.455695      0.071160
    860000      4.463048      0.025952
    880000      4.475676     -0.000240
    900000      4.486054     -0.011175
    920000      4.493370     -0.033833
    940000      4.502989     -0.035824
    960000      4.509730     -0.046210
    980000      4.513926     -0.061189
   1000000      4.532923     -0.058755
   1020000      4.528849     -0.080605
   1040000      4.556013     -0.064772
   1060000      4.561565     -0.070463
   1080000      4.577711     -0.078764
   1100000      4.601286     -0.064776
   1120000      4.611501     -0.062822
   1140000      4.609743     -0.099460
   1160000      4.616296     -0.104986
   1180000      4.635388     -0.100168
   1200000      4.636545     -0.109583
   1220000      4.642297     -0.121829
   1240000      4.647353     -0.146295
   1260000      4.655820     -0.147549
   1280000      4.654627     -0.156860
   1300000      4.659541     -0.164407
   1320000      4.669242     -0.160778
   1340000      4.672148     -0.173765
   1360000      4.678605     -0.179640
   1380000      4.697440     -0.174070
   1400000      4.706293     -0.181493
   1420000      4.701129     -0.208935
   1440000      4.696566     -0.220749
   1460000      4.706775     -0.222173
   1480000      4.713791     -0.235496
   1500000      4.722931     -0.246906
   1520000      4.723695     -0.255533
   1540000      4.726217     -0.263395
   1560000      4.733323     -0.277981
   1580000      4.744406     -0.277155
   1600000      4.786001     -0.263441
   1620000      4.797610     -0.272981
   1640000      4.803418     -0.277926
   1660000      4.813326     -0.281527
   1680000      4.827006     -0.285970
   1700000      4.849362     -0.273799
   1720000      4.858639     -0.263427
   1740000      4.854832     -0.292535
   1760000      4.857900     -0.302388
   1780000      4.870459     -0.303692
   1800000      4.879835     -0.313977
   1820000      4.881342     -0.336105
   1840000      4.883467     -0.357517
   1860000      4.895721     -0.355995
   1880000      4.907633     -0.345751
   1900000      4.911299     -0.350408
   1920000      4.907832     -0.378456
   1940000      4.923378     -0.379260
   1960000      4.943751     -0.361554
   1980000      4.954234     -0.357497
   2000000      4.963004     -0.373368
   2020000      4.973186     -0.377349
   2040000      4.971169     -0.395909
   2060000      4.982188     -0.404811
   2080000      4.988498     -0.409933
   2100000      4.991871     -0.417085
   2120000      4.993212     -0.437381
   2140000      4.993280     -0.445281
   2160000      4.998989     -0.457458
   2180000      4.979335     -0.500284
   2200000      4.984392     -0.508582
   2220000      4.998069     -0.506239
   2240000      5.003018     -0.516954
   2260000      5.009761     -0.521557
   2280000      5.008355     -0.534227
   2300000      5.009143     -0.548391
   2320000      5.013659     -0.551775
   2340000      5.022425     -0.556584
   2360000      5.035592     -0.564795
   2380000      5.036115     -0.574506
   2400000      5.034876     -0.589832
   2420000      5.049107     -0.592198
   2440000      5.051901     -0.609293
   2460000      5.065599     -0.616407
   2480000      5.068150     -0.626379
   2500000      5.088996     -0.626722
   2520000      5.079307     -0.640690
   2540000      5.100393     -0.641953
   2560000      5.118726     -0.639339
   2580000      5.128354     -0.646678
   2600000      5.156842     -0.634179
   2620000      5.167665     -0.643069
   2640000      5.171976     -0.647696
   2660000      5.182446     -0.652975
   2680000      5.189837     -0.659229
   2700000      5.191373     -0.674950
   2720000      5.192685     -0.687072
   2740000      5.196345     -0.695344
   2760000      5.204376     -0.717118
   2780000      5.227036     -0.709956
   2800000      5.236991     -0.719482
   2820000      5.244587     -0.727331
   2840000      5.264643     -0.708860
   2860000      5.267045     -0.720372
   2880000      5.278809     -0.734051
   2900000      5.299590     -0.716555
   2920000      5.315593     -0.719242
   2940000      5.312665     -0.741726
   2960000      5.317553     -0.750107
   2980000      5.357332     -0.709687
   3000000      5.368645     -0.728930
   3020000      5.371643     -0.740272
   3040000      5.385683     -0.735099
   3060000      5.399831     -0.732383
   3080000      5.410832     -0.734181
   3100000      5.421471     -0.737945
   3120000      5.437870     -0.725556
   3140000      5.446344     -0.743283
   3160000      5.465043     -0.739847
   3180000      5.471378     -0.747673
   3200000      5.484147     -0.761250
   3220000      5.488605     -0.770368
   3240000      5.489643     -0.769591
   3260000      5.500915     -0.765780
   3280000      5.506528     -0.785995
   3300000      5.515621     -0.785281
   3320000      5.524381     -0.790162
   3340000      5.537341     -0.792999
   3360000      5.553118     -0.794237
   3380000      5.561897     -0.788263
   3400000      5.572733     -0.788965
   3420000      5.581254     -0.828218
   3440000      5.602113     -0.824623
   3460000      5.614690     -0.826218
   3480000      5.620839     -0.841915
   3500000      5.624616     -0.854015
   3520000      5.639769     -0.845386
   3540000      5.646300     -0.851227
   3560000      5.654396     -0.859382
   3580000      5.662626     -0.861127
   3600000      5.672677     -0.866038
   3620000      5.677200     -0.875082
   3640000      5.683750     -0.888017
   3660000      5.696112     -0.884326
   3680000      5.710309     -0.882141
   3700000      5.721253     -0.885768
   3720000      5.713372     -0.915264
   3740000      5.726702     -0.935536
   3760000      5.743661     -0.930639
   3780000      5.745843     -0.941533
   3800000      5.755643     -0.942262
   3820000      5.776053     -0.918409
   3840000      5.788459     -0.918401
   3860000      5.800291     -0.923811
   3880000      5.809772     -0.945379
   3900000      5.800964     -0.970311
   3920000      5.796950     -1.000001
   3940000      5.804223     -1.002911
   3960000      5.817488     -1.006771
   3980000      5.818756     -1.022229
   4000000      5.826682     -1.020915
   4020000      5.834701     -1.023802
   4040000      5.834060     -1.035944
   4060000      5.831311     -1.051542
   4080000      5.827465     -1.055085
   4100000      5.840113     -1.062525
   4120000      5.869973     -1.056638
   4140000      5.872855     -1.073381
   4160000      5.862544     -1.076668
   4180000      5.998100     -0.923062
   4200000      6.011414     -0.916181
   4220000      6.021156     -0.926603
   4240000      6.022446     -0.949201
   4260000      6.030950     -0.951300
   4280000      6.031989     -0.968363
   4300000      6.032798     -0.977224
   4320000      6.026141     -0.992593
   4340000      6.037863     -0.994412
   4360000      6.041064     -0.998771
   4380000      6.060967     -0.998574
   4400000      6.080731     -0.994547
   4420000      6.087950     -1.004970
   4440000      6.132356     -0.967521
   4460000      6.137584     -0.983691
   4480000      6.143944     -0.990583
   4500000      6.158408     -0.988092
   4520000      6.168407     -0.983637
   4540000      6.175762     -0.980682
   4560000      6.190720     -0.991197
   4580000      6.203300     -0.988385
   4600000      6.206007     -0.989427
   4620000      6.222303     -0.983483
   4640000      6.235532     -0.955084
   4660000      6.247290     -0.990255
   4680000      6.256291     -0.980839
   4700000      6.266317     -0.993382
   4720000      6.274541     -1.007300
   4740000      6.287918     -0.987083
   4760000      6.302326     -0.976913
   4780000      6.306998     -0.982909
   4800000      6.322949     -0.997337
   4820000      6.330396     -0.993047
   4840000      6.339557     -1.013374
   4860000      6.352913     -1.008559
   4880000      6.356168     -1.016241
   4900000      6.366689     -1.015572
   4920000      6.378895     -1.022288
   4940000      6.391333     -1.015303
   4960000      6.408773     -1.020520
   4980000      6.422484     -0.982339
   5000000      6.433996     -0.971010
   5020000      6.449748     -0.955330
   5040000      6.461071     -0.957656
   5060000      6.471618     -0.965523
   5080000      6.480191     -0.978937
   5100000      6.487807     -0.967860
   5120000      6.502719     -0.964568
   5140000      6.514558     -0.978486
   5160000      6.522425     -0.971654
   5180000      6.529672     -0.985793
   5200000      6.537547     -0.983152
   5220000      6.546893     -0.978618
   5240000      6.555130     -0.979661
   5260000      6.567655     -0.970887
   5280000      6.583209     -0.953402
   5300000      6.593841     -0.972474
   5320000      6.607150     -0.911344
   5340000      6.614292     -0.902659
   5360000      6.625576     -0.916375
   5380000      6.637166     -0.944597
   5400000      6.643707     -0.956093
   5420000      6.656476     -0.948649
   5440000      6.668299     -0.958595
   5460000      6.672189     -0.912262
   5480000      6.666439     -0.824478
   5500000      6.696677     -0.894764
   5520000      6.693824     -0.814024
   5540000      6.719632     -0.864467
   5560000      6.739906     -0.862038
   5580000      6.752403     -0.856266
   5600000      6.764976     -0.850032
   5620000      6.770457     -0.854481
   5640000      6.782568     -0.847704
   5660000      6.798409     -0.838321
   5680000      6.805434     -0.831888
   5700000      6.816756     -0.838390
   5720000      6.823975     -0.842458
   5740000      6.832531     -0.851891
   5760000      6.842957     -0.850699
   5780000      6.855814     -0.837043
   5800000      6.858264     -0.863589
   5820000      6.881565     -0.866583
   5840000      6.896500     -0.835479
   5860000      6.907912     -0.835794
   5880000      6.915239     -0.837400
   5900000      6.923424     -0.841764
   5920000      6.945221     -0.855885
   5940000      6.952023     -0.830500
   5960000      6.963696     -0.835224
   5980000      6.977501     -0.827672
   6000000      6.979373     -0.803797
   6020000      6.989403     -0.837828
   6040000      6.999184     -0.822511
   6060000      7.002424     -0.803092
   6080000      7.011874     -0.783197
   6100000      7.021992     -0.781258
   6120000      7.036710     -0.793878
   6140000      7.058502     -0.800766
   6160000      7.070477     -0.806009
   6180000      7.082765     -0.806110
   6200000      7.089552     -0.799845
   6220000      7.100399     -0.797670
   6240000      7.115091     -0.797219
   6260000      7.128089     -0.801071
   6280000      7.136879     -0.801160
   6300000      7.150068     -0.810823
   6320000      7.156829     -0.822439
   6340000      7.167156     -0.802523
   6360000      7.173311     -0.794009
   6380000      7.182318     -0.806777
   6400000      7.199222     -0.824598
   6420000      7.206456     -0.818356
   6440000      7.216933     -0.799471
   6460000      7.226651     -0.773222
   6480000      7.230661     -0.782224
   6500000      7.246488     -0.777734
   6520000      7.252698     -0.782080
   6540000      7.264383     -0.762757
   6560000      7.276553     -0.757099
   6580000      7.283629     -0.762182
   6600000      7.291980     -0.758293
   6620000      7.304656     -0.757999
   6640000      7.310524     -0.768107
   6660000      7.327505     -0.770185
   6680000      7.328335     -0.801223
   6700000      7.341796     -0.818188
   6720000      7.346959     -0.814149
   6740000      7.356674     -0.816757
   6760000      7.368739     -0.818718
   6780000      7.376556     -0.830969
   6800000      7.390853     -0.822659
   6820000      7.403792     -0.829668
   6840000      7.407647     -0.839896
   6860000      7.420762     -0.842138
   6880000      7.433410     -0.842195
   6900000      7.440373     -0.859605
   6920000      7.444915     -0.878918
   6940000      7.465010     -0.860139
   6960000      7.482383     -0.848814
   6980000      7.500412     -0.860757
   7000000      7.500857     -0.879271
   7020000      7.512263     -0.874442
   7040000      7.530368     -0.865909
   7060000      7.529882     -0.894398
   7080000      7.526127     -0.927906
   7100000      7.526016     -0.947065
   7120000      7.538668     -0.952158
   7140000      7.537169     -0.963906
   7160000      7.549767     -0.959045
   7180000      7.545892     -0.963346
   7200000      7.539770     -0.992277
   7220000      7.557281     -0.987821
   7240000      7.572044     -0.986104
   7260000      7.644811     -0.880206
   7280000      7.644118     -0.926720
   7300000      7.656912     -0.910281
   7320000      7.666206     -0.907449
   7340000      7.684082     -0.895711
   7360000      7.697830     -0.899364
   7380000      7.713232     -0.897971
   7400000      7.716492     -0.907405
   7420000      7.720500     -0.903932
   7440000      7.735385     -0.901075
   7460000      7.748953     -0.906494
   7480000      7.743389     -0.931017
   7500000      7.754684     -0.929876
   7520000      7.784052     -0.918919
   7540000      7.798791     -0.911068
   7560000      7.811413     -0.900215
   7580000      7.816722     -0.927281
   7600000      7.821929     -0.928248
   7620000      7.837026     -0.919850
   7640000      7.841491     -0.929045
   7660000      7.857768     -0.911965
   7680000      7.873603     -0.901319
   7700000      7.882005     -0.897835
   7720000      7.889507     -0.896091
   7740000      7.903782     -0.884791
   7760000      7.915151     -0.877814
   7780000      7.922257     -0.883875
   7800000      7.930720     -0.880460
   7820000      7.937277     -0.893368
   7840000      7.941250     -0.920738
   7860000      7.951674     -0.925814
   7880000      7.963980     -0.923517
   7900000      7.971785     -0.927121
   7920000      7.985295     -0.915251
   7940000      7.997229     -0.913238
   7960000      8.004530     -0.919153
   7980000      8.014635     -0.907489
   8000000      8.020254     -0.908567
   8020000      8.026772     -0.884027
   8040000      8.042916     -0.873402
   8060000      8.046281     -0.864346
   8080000      8.053858     -0.866828
   8100000      8.065206     -0.874988
   8120000      8.077907     -0.889617
   8140000      8.091431     -0.857388
   8160000      8.105134     -0.862120
   8180000      8.109609     -0.856354
   8200000      8.116649     -0.838504
   8220000      8.131848     -0.841473
   8240000      8.140438     -0.845710
   8260000      8.141914     -0.831297
   8280000      8.162555     -0.856697
   8300000      8.166666     -0.837648
   8320000      8.177845     -0.827653
   8340000      8.188159     -0.830426
   8360000      8.197966     -0.828850
   8380000      8.209774     -0.820252
   8400000      8.221206     -0.817225
   8420000      8.244414     -0.829247
   8440000      8.260232     -0.826419
   8460000      8.268717     -0.814988
   8480000      8.281734     -0.819879
   8500000      8.289778     -0.844587
   8520000      8.291080     -0.855114
   8540000      8.303751     -0.868326
   8560000      8.316565     -0.860992
   8580000      8.312245     -0.893091
   8600000      8.345048     -0.766529
   8620000      8.357278     -0.772402
   8640000      8.373569     -0.775528
   8660000      8.377227     -0.768619
   8680000      8.385195     -0.769408
   8700000      8.398467     -0.758471
   8720000      8.409505     -0.767971
   8740000      8.421841     -0.773403
   8760000      8.429595     -0.779631
   8780000      8.437663     -0.787118
   8800000      8.450419     -0.797730
   8820000      8.460881     -0.790663
   8840000      8.469769     -0.790729
   8860000      8.475371     -0.794258
   8880000      8.482494     -0.789908
   8900000      8.501741     -0.787356
   8920000      8.507471     -0.780473
   8940000      8.521212     -0.787901
   8960000      8.536133     -0.783696
   8980000      8.542482     -0.788151
   9000000      8.553641     -0.781768
   9020000      8.562876     -0.784385
   9040000      8.573689     -0.790990
   9060000      8.584101     -0.775205
   9080000      8.587302     -0.782134
   9100000      8.600284     -0.779583
   9120000      8.611954     -0.785677
   9140000      8.618129     -0.787143
   9160000      8.616603     -0.690535
   9180000      8.628019     -0.692875
   9200000      8.642763     -0.695956
   9220000      8.653012     -0.706292
   9240000      8.663827     -0.686618
   9260000      8.664101     -0.671575
   9280000      8.675565     -0.656110
   9300000      8.683592     -0.651903
   9320000      8.694994     -0.645866
   9340000      8.696994     -0.636543
   9360000      8.706406     -0.618854
   9380000      8.716848     -0.616178
   9400000      8.720328     -0.598357
   9420000      8.723985     -0.595642
   9440000      8.723521     -0.572751
   9460000      8.725066     -0.562506
   9480000      8.731549     -0.543672
   9500000      8.747370     -0.545975
   9520000      8.748602     -0.533644
   9540000      8.769406     -0.540413
   9560000      8.784544     -0.542402
   9580000      8.796483     -0.541347
   9600000      8.812910     -0.544002
   9620000      8.814805     -0.539510
   9640000      8.826802     -0.536077
   9660000      8.828475     -0.522046
   9680000      8.839760     -0.518280
   9700000      8.855840     -0.521027
   9720000      8.864026     -0.520368
   9740000      8.872988     -0.510303
   9760000      8.889239     -0.513130
   9780000      8.890556     -0.498963
   9800000      8.902715     -0.500369
   9820000      8.918747     -0.501703
   9840000      8.926879     -0.490523
   9860000      8.925241     -0.470881
   9880000      8.944977     -0.494846
   9900000      8.943519     -0.482163
   9920000      8.955445     -0.477040
   9940000      8.971992     -0.476763
   9960000      8.982605     -0.483964
   9980000      8.986759     -0.469267
  10000000      8.992067     -0.468226
