         0      4.000000      0.000000
     20000      3.999270     -0.010178
     40000      4.005983     -0.008223
     60000      4.004253     -0.015486
     80000      4.005606     -0.016918
    100000      4.005223     -0.006997
    120000      4.003906     -0.025658
    140000      4.004010     -0.011454
    160000      4.003698     -0.016860
    180000      4.004677     -0.018938
    200000      4.007286     -0.017602
    220000      4.006193     -0.017690
    240000      4.006476     -0.016864
    260000      4.002313     -0.019040
    280000      4.005219     -0.023235
    300000      4.006486     -0.016165
    320000      4.004569     -0.011665
    340000      4.004372     -0.026804
    360000      4.004476     -0.022222
    380000      4.003170     -0.029418
    400000      4.003484     -0.012377
    420000      4.002704     -0.034670
    440000      4.000895     -0.040021
    460000      4.004903      0.002120
    480000      4.001849     -0.037833
    500000      4.006446      0.017704
    520000      4.006298      0.007037
    540000      4.005613     -0.024441
    560000      4.004035     -0.009479
    580000      4.009222     -0.017838
    600000      4.007130     -0.010605
    620000      4.005847      0.003097
    640000      4.005015      0.011664
    660000      4.005219      0.004603
    680000      4.003168     -0.008600
    700000      4.009432     -0.002498
    720000      4.007726     -0.005217
    740000      4.003867      0.015973
    760000      4.001050      0.024652
    780000      4.004443     -0.000663
    800000      4.006901     -0.007981
    820000      4.008457     -0.003962
    840000      4.004430     -0.001590
    860000      4.006092      0.000538
    880000      4.008681     -0.009017
    900000      4.010745     -0.028253
    920000      4.007190     -0.016818
    940000      4.009739     -0.005572
    960000      4.007118     -0.012912
    980000      4.008892     -0.008787
   1000000      4.002198      0.024925
   1020000      4.006911     -0.011047
   1040000      4.004622     -0.004088
   1060000      4.006445     -0.017915
   1080000      4.008600     -0.008724
   1100000      4.008436      0.016053
   1120000      4.004041      0.021864
   1140000      4.011534     -0.024538
   1160000      4.008449     -0.026977
   1180000      4.007678     -0.020619
   1200000      4.008859     -0.010144
   1220000      4.006771      0.010268
   1240000      4.008483      0.005372
   1260000      4.007622      0.001690
   1280000      4.009098     -0.005270
   1300000      4.007832     -0.012538
   1320000      4.004302      0.014351
   1340000      4.008402     -0.022212
   1360000      4.006999     -0.028164
   1380000      4.004481     -0.009358
   1400000      4.000335      0.001503
   1420000      4.003182     -0.010209
   1440000      4.007666     -0.014622
   1460000      4.009176      0.009758
   1480000      4.006368     -0.012041
   1500000      4.006783     -0.009801
   1520000      4.009186     -0.026438
   1540000      4.010389     -0.010964
   1560000      4.010196     -0.007670
   1580000      4.006313      0.011039
   1600000      4.007060      0.014087
   1620000      4.008024      0.020071
   1640000      4.001258      0.019474
   1660000      4.006292      0.011042
   1680000      4.006829      0.013541
   1700000      4.005314      0.012396
   1720000      4.012011      0.014027
   1740000      3.997538      0.034358
   1760000      4.007596     -0.014294
   1780000      4.008295      0.008866
   1800000      4.009815      0.000354
   1820000      4.012457      0.013852
   1840000      4.007663      0.001795
   1860000      4.008457      0.007268
   1880000      4.011189      0.013860
   1900000      4.011248      0.007412
   1920000      4.001959      0.013104
   1940000      4.009219     -0.012353
   1960000      4.006787     -0.004713
   1980000      4.008781      0.005403
   2000000      4.005895      0.017350
   2020000      4.010925     -0.012350
   2040000      4.009780     -0.025484
   2060000      4.011947     -0.021630
   2080000      4.009340      0.004695
   2100000      4.008623     -0.002061
   2120000      4.007442      0.016308
   2140000      4.005464      0.013059
   2160000      4.007351     -0.015250
   2180000      4.006980     -0.012710
   2200000      4.004900      0.009419
   2220000      4.008555      0.007341
   2240000      4.009711      0.002349
   2260000      4.009190      0.006845
   2280000      4.007266     -0.012265
   2300000      4.003948      0.012405
   2320000      4.010143     -0.022787
   2340000      4.009413      0.004370
   2360000      4.008811      0.017275
   2380000      4.007207      0.026453
   2400000      4.009285      0.010362
   2420000      4.004597     -0.009509
   2440000      4.006981      0.017479
   2460000      4.008289      0.019774
   2480000      4.005949      0.011888
   2500000      4.010304      0.006436
   2520000      4.009768      0.005217
   2540000      4.009472      0.012093
   2560000      4.006974      0.027035
   2580000      4.005451      0.023502
   2600000      4.005752      0.000552
   2620000      4.006541     -0.021901
   2640000      4.011321     -0.017981
   2660000      4.009560     -0.031950
   2680000      4.009904     -0.016858
   2700000      4.006877     -0.015474
   2720000      4.004528      0.021967
   2740000      4.010140     -0.012664
   2760000      4.010751      0.009440
   2780000      4.012511      0.001764
   2800000      4.009812      0.005159
   2820000      4.011392      0.010073
   2840000      4.004551      0.011919
   2860000      4.008729      0.007481
   2880000      4.009381      0.006135
   2900000      4.005868      0.024455
   2920000      4.009761      0.000591
   2940000      4.006673      0.022743
   2960000      4.001703      0.031137
   2980000      4.006289      0.017105
   3000000      4.003625      0.017841
   3020000      4.007652      0.015904
   3040000      4.006652      0.017721
   3060000      4.009201     -0.036645
   3080000      4.013059     -0.010422
   3100000      4.012274     -0.010333
   3120000      4.012058     -0.012512
   3140000      4.004574     -0.041099
   3160000      4.004659     -0.021148
   3180000      4.010234     -0.014494
   3200000      4.003798     -0.042496
   3220000      4.007040     -0.043563
   3240000      4.007103     -0.014454
   3260000      4.012566     -0.012481
   3280000      4.009840     -0.003041
   3300000      4.009293     -0.017866
   3320000      4.008740      0.006385
   3340000      4.003783      0.024471
   3360000      4.010968      0.002895
   3380000      4.009701     -0.027247
   3400000      4.009934     -0.009486
   3420000      4.008656     -0.004647
   3440000      4.010585     -0.022268
   3460000      4.006378      0.010773
   3480000      4.008059      0.012034
   3500000      4.006690     -0.037165
   3520000      4.006548     -0.011031
   3540000      4.007269      0.002999
   3560000      4.010306     -0.008652
   3580000      4.008439     -0.019717
   3600000      4.012089     -0.016642
   3620000      4.006443     -0.043318
   3640000      4.010254     -0.012615
   3660000      4.008892     -0.020354
   3680000      4.005833     -0.036747
   3700000      4.008867     -0.006121
   3720000      4.008708     -0.017365
   3740000      4.007872     -0.012554
   3760000      4.012859     -0.000226
   3780000      4.006858     -0.013851
   3800000      4.004043      0.002079
   3820000      4.004864     -0.022288
   3840000      4.007690     -0.001742
   3860000      4.007107     -0.017920
   3880000      4.006945     -0.030990
   3900000      4.009056     -0.024343
   3920000      4.011167     -0.014361
   3940000      4.012050     -0.012452
   3960000      4.007551     -0.017657
   3980000      4.005408      0.004726
   4000000      4.004108      0.026002
   4020000      4.005095      0.025752
   4040000      4.011661      0.020570
   4060000      4.003976      0.039769
   4080000      4.012843      0.014439
   4100000      4.010190     -0.007183
   4120000      4.002876      0.007987
   4140000      4.013382      0.013017
   4160000      4.010569     -0.006203
   4180000      4.014672     -0.011882
   4200000      4.009707      0.012818
   4220000      4.013196      0.015440
   4240000      4.008897     -0.016067
   4260000      4.013478     -0.016084
   4280000      4.016029     -0.016260
   4300000      4.012091     -0.004218
   4320000      4.012626     -0.034885
   4340000      4.005568     -0.039486
   4360000      4.006150     -0.014143
   4380000      4.006754     -0.011371
   4400000      4.009255      0.002188
   4420000      4.009857      0.009145
   4440000      4.008965     -0.002239
   4460000      4.007491     -0.019765
   4480000      4.006151     -0.025103
   4500000      4.003798     -0.014981
   4520000      4.002796     -0.001168
   4540000      4.010171      0.007921
   4560000      4.010418     -0.018181
   4580000      4.006771     -0.017159
   4600000      4.007437      0.014019
   4620000      4.013364     -0.001232
   4640000      4.011755     -0.017659
   4660000      4.011404     -0.017355
   4680000      4.009798     -0.014052
   4700000      4.012332     -0.012455
   4720000      4.011649     -0.026540
   4740000      4.006371     -0.038430
   4760000      4.009396     -0.038541
   4780000      4.012031     -0.021508
   4800000      4.011880     -0.018580
   4820000      4.005847     -0.008221
   4840000      4.008016      0.020797
   4860000      4.011068      0.007983
   4880000      4.006891     -0.000832
   4900000      4.010261     -0.009111
   4920000      4.008358     -0.015919
   4940000      4.007230     -0.018409
   4960000      4.010109     -0.021544
   4980000      4.008754     -0.030621
   5000000      4.007596      0.021997
   5020000      4.007967      0.006305
   5040000      4.007070      0.010692
   5060000      4.008031      0.004875
   5080000      4.010612     -0.004953
   5100000      4.009185     -0.014969
   5120000      4.010018     -0.004710
   5140000      4.010940     -0.012643
   5160000      4.008451     -0.006258
   5180000      4.009652      0.004983
   5200000      4.009084     -0.014423
   5220000      4.007739      0.010218
   5240000      4.003420      0.009415
   5260000      4.006183      0.023165
   5280000      4.008170      0.016829
   5300000      4.009016      0.007472
   5320000      4.007855      0.007812
   5340000      4.011557     -0.006807
   5360000      4.006761      0.004589
   5380000      4.007301      0.019856
   5400000      4.013066      0.003784
   5420000      4.011582     -0.001298
   5440000      4.012583     -0.006801
   5460000      4.011431      0.017592
   5480000      4.015477      0.005218
   5500000      4.013816     -0.030113
   5520000      4.010858     -0.018634
   5540000      4.009452     -0.041143
   5560000      4.010241     -0.035363
   5580000      4.010627     -0.002461
   5600000      4.008145      0.030014
   5620000      4.004499      0.020248
   5640000      4.007994      0.026538
   5660000      4.007979     -0.028394
   5680000      4.005384     -0.015387
   5700000      4.008455     -0.009122
   5720000      4.005597      0.007695
   5740000      4.007550      0.000294
   5760000      4.009802     -0.018404
   5780000      4.007553     -0.001945
   5800000      4.013114     -0.025136
   5820000      4.011552     -0.016193
   5840000      4.011244      0.006084
   5860000      4.007922      0.008755
   5880000      4.008075      0.013983
   5900000      4.011020     -0.011968
   5920000      4.010940     -0.009347
   5940000      4.005673      0.005946
   5960000      4.011452     -0.018007
   5980000      4.007833      0.013657
   6000000      4.009069      0.013518
   6020000      4.008047      0.018544
   6040000      4.012581      0.007799
   6060000      4.004450      0.020163
   6080000      4.011980      0.011234
   6100000      4.010528     -0.004146
   6120000      4.012398     -0.018507
   6140000      4.010719      0.010171
   6160000      4.007038      0.021497
   6180000      4.008119      0.015691
   6200000      4.010430      0.004347
   6220000      4.007678      0.014093
   6240000      4.005129      0.021415
   6260000      4.010113      0.019526
   6280000      4.008181      0.015803
   6300000      4.005683      0.016524
   6320000      4.008228      0.024880
   6340000      4.010316      0.019834
   6360000      4.012020      0.011245
   6380000      4.008921      0.017630
   6400000      4.005459      0.023210
   6420000      4.007011      0.016201
   6440000      4.006399      0.022661
   6460000      4.004138      0.028089
   6480000      4.009358     -0.012053
   6500000      4.011572     -0.020929
   6520000      4.007886     -0.039255
   6540000      4.005047     -0.047886
   6560000      4.007128     -0.045532
   6580000      4.003438      0.011676
   6600000      4.008430     -0.003091
   6620000      4.002656      0.005112
   6640000      4.007713      0.003674
   6660000      4.007433      0.012554
   6680000      4.004700      0.020750
   6700000      4.008733      0.015547
   6720000      4.004151      0.008973
   6740000      4.008863      0.012677
   6760000      4.007254      0.009111
   6780000      4.009483      0.012885
   6800000      4.009667     -0.013763
   6820000      4.008226      0.011678
   6840000      4.010769      0.001921
   6860000      4.009076     -0.000314
   6880000      4.008006      0.003416
   6900000      4.006603      0.000610
   6920000      4.007154      0.007080
   6940000      4.009706     -0.009300
   6960000      4.010317      0.006755
   6980000      4.008978      0.003605
   7000000      4.009679      0.015169
   7020000      4.007390      0.023249
   7040000      4.009222      0.016859
   7060000      4.010537      0.018533
   7080000      4.011877      0.020441
   7100000      4.011481     -0.010832
   7120000      4.010766     -0.011885
   7140000      4.009129      0.001575
   7160000      4.011710      0.003411
   7180000      4.007897      0.006195
   7200000      4.006070      0.014729
   7220000      4.010142      0.015851
   7240000      4.012160      0.029397
   7260000      4.009859      0.034986
   7280000      4.018070      0.008802
   7300000      4.014754      0.011905
   7320000      4.010469      0.013395
   7340000      4.013163     -0.043149
   7360000      4.013267     -0.011586
   7380000      4.012442     -0.011360
   7400000      4.013345     -0.010684
   7420000      4.016805     -0.007761
   7440000      4.011916      0.003203
   7460000      4.012390      0.015430
   7480000      4.009178      0.021147
   7500000      4.009875     -0.011678
   7520000      4.011562      0.007204
   7540000      4.006430      0.023665
   7560000      4.006812      0.012760
   7580000      4.007594     -0.014300
   7600000      4.010940      0.015039
   7620000      4.008773      0.007918
   7640000      4.012664      0.021303
   7660000      4.013497      0.007912
   7680000      4.018592     -0.025986
   7700000      4.019483     -0.021684
   7720000      4.006182      0.026544
   7740000      4.017305      0.010441
   7760000      4.014252      0.007227
   7780000      4.017303      0.012137
   7800000      4.011367     -0.013354
   7820000      4.007396     -0.010958
   7840000      4.013437     -0.014827
   7860000      4.009118     -0.009930
   7880000      4.014758     -0.016384
   7900000      4.012932     -0.020645
   7920000      4.010384     -0.004312
   7940000      4.008430      0.006299
   7960000      4.006770     -0.014765
   7980000      4.011201     -0.012954
   8000000      4.012110      0.009325
   8020000      4.010327      0.016816
   8040000      4.011884      0.013801
   8060000      4.008975      0.013713
   8080000      4.008166      0.010694
   8100000      4.010728      0.009557
   8120000      4.010262     -0.020493
   8140000      4.009303     -0.017659
   8160000      4.003312     -0.011691
   8180000      4.009643     -0.015358
   8200000      4.007789      0.009847
   8220000      4.011395      0.006970
   8240000      4.010127      0.006965
   8260000      4.011099      0.012682
   8280000      4.009603      0.013554
   8300000      4.006335      0.028276
   8320000      4.009972      0.013846
   8340000      4.010980      0.008382
   8360000      4.013588      0.011305
   8380000      4.007555      0.009590
   8400000      4.010532      0.012813
   8420000      4.009327      0.010311
   8440000      4.011004      0.013647
   8460000      4.012912      0.004033
   8480000      4.014217      0.016222
   8500000      4.016710      0.014387
   8520000      4.013785      0.009877
   8540000      4.015341     -0.004341
   8560000      4.011618      0.009043
   8580000      4.008995      0.016472
   8600000      4.011498      0.014725
   8620000      4.011725      0.013096
   8640000      4.008084      0.009927
   8660000      4.009493      0.013077
   8680000      4.004646      0.013179
   8700000      4.005185      0.011694
   8720000      4.006020     -0.023569
   8740000      4.013430     -0.023792
   8760000      4.009112     -0.006135
   8780000      4.013927     -0.017924
   8800000      4.014161     -0.038124
   8820000      4.012433      0.013131
   8840000      4.012809     -0.013967
   8860000      4.009468      0.010671
   8880000      4.013071     -0.005169
   8900000      4.008610      0.017667
   8920000      4.020678     -0.006109
   8940000      4.015507     -0.010538
   8960000      4.017052     -0.005997
   8980000      4.014246      0.008346
   9000000      4.014001     -0.015200
   9020000      4.011201      0.006150
   9040000      4.013684      0.003846
   9060000      4.018737      0.015919
   9080000      4.016025      0.012233
   9100000      4.017696      0.000990
   9120000      4.010956     -0.014288
   9140000      3.998456     -0.010397
   9160000      4.004064     -0.010541
   9180000      4.009089     -0.029651
   9200000      4.012683     -0.015780
   9220000      4.013540     -0.009657
   9240000      4.011532     -0.011993
   9260000      4.011676      0.011022
   9280000      4.013782      0.016957
   9300000      4.013591      0.009019
   9320000      4.012451      0.002517
   9340000      4.004935     -0.017534
   9360000      4.011708     -0.015861
   9380000      4.007503     -0.009099
   9400000      4.009472      0.001457
   9420000      4.006986      0.000090
   9440000      4.003309      0.005495
   9460000      4.005105      0.023353
   9480000      4.003139     -0.013620
   9500000      4.001855     -0.019017
   9520000      4.006288     -0.008285
   9540000      4.006576     -0.012465
   9560000      4.008253     -0.019150
   9580000      4.007919     -0.005720
   9600000      4.011646      0.006552
   9620000      4.014952     -0.020916
   9640000      4.018418     -0.014443
   9660000      4.014392     -0.021595
   9680000      4.016576     -0.002521
   9700000      4.014499     -0.013069
   9720000      4.011856     -0.003871
   9740000      4.009313      0.007265
   9760000      4.009193      0.010955
   9780000      4.004524      0.033753
   9800000      4.008643      0.015387
   9820000      4.011256      0.028086
   9840000      4.011141      0.023719
   9860000      4.005993      0.032967
   9880000      4.008515      0.000715
   9900000      3.999579     -0.005587
   9920000      4.005325      0.028410
   9940000      4.003903      0.030476
   9960000      4.004472      0.030774
   9980000      4.007897      0.026678
  10000000      4.012833      0.005452
