         0      4.000000      0.000000
     20000      4.002220     -0.078263
     40000      4.019035     -0.073763
     60000      4.030771     -0.072103
     80000      4.046708     -0.074715
    100000      4.066704     -0.080120
    120000      4.081911     -0.078701
    140000      4.095285     -0.091209
    160000      4.105086     -0.108884
    180000      4.150691     -0.047087
    200000      4.168965     -0.026405
    220000      4.180766     -0.033182
    240000      4.195700     -0.029790
    260000      4.207393     -0.036584
    280000      4.231071     -0.063610
    300000      4.248907     -0.078400
    320000      4.261394     -0.089674
    340000      4.276948     -0.100752
    360000      4.292527     -0.086726
    380000      4.302815     -0.118048
    400000      4.323774     -0.110957
    420000      4.343702     -0.106201
    440000      4.360046     -0.117106
    460000      4.367034     -0.151946
    480000      4.368618     -0.167740
    500000      4.412869     -0.153398
    520000      4.441847     -0.098849
    540000      4.453897     -0.114233
    560000      4.469449     -0.110467
    580000      4.483666     -0.111376
    600000      4.507285     -0.099042
    620000      4.522163     -0.082155
    640000      4.540136     -0.083337
    660000      4.556753     -0.089203
    680000      4.569462     -0.075301
    700000      4.581079     -0.069169
    720000      4.603367     -0.053428
    740000      4.627413     -0.082538
    760000      4.648717     -0.089223
    780000      4.665318     -0.110041
    800000      4.680222     -0.101093
    820000      4.696344     -0.101010
    840000      4.706864     -0.111944
    860000      4.721608     -0.124078
    880000      4.736220     -0.150427
    900000      4.757372     -0.118569
    920000      4.771488     -0.116834
    940000      4.793016     -0.123626
    960000      4.807204     -0.116482
    980000      4.827253     -0.128515
   1000000      4.845241     -0.115565
   1020000      4.859501     -0.112187
   1040000      4.873483     -0.104196
   1060000      4.889579     -0.145383
   1080000      4.904394     -0.161052
   1100000      4.912895     -0.189700
   1120000      4.925390     -0.203270
   1140000      4.935394     -0.221412
   1160000      4.942340     -0.240571
   1180000      4.957921     -0.243593
   1200000      5.009241     -0.147007
   1220000      5.031685     -0.132589
   1240000      5.045960     -0.151303
   1260000      5.063421     -0.136215
   1280000      5.080050     -0.142879
   1300000      5.092955     -0.152634
   1320000      5.111202     -0.161306
   1340000      5.127199     -0.137012
   1360000      5.142384     -0.143743
   1380000      5.152069     -0.168145
   1400000      5.168598     -0.168775
   1420000      5.179696     -0.183314
   1440000      5.192203     -0.190210
   1460000      5.203967     -0.210095
   1480000      5.198267     -0.240220
   1500000      5.209435     -0.250748
   1520000      5.224378     -0.246950
   1540000      5.228820     -0.263021
   1560000      5.234966     -0.280580
   1580000      5.254275     -0.310039
   1600000      5.280730     -0.308445
   1620000      5.290374     -0.317170
   1640000      5.330875     -0.281011
   1660000      5.332703     -0.312836
   1680000      5.341408     -0.334835
   1700000      5.355756     -0.345864
   1720000      5.380862     -0.345348
   1740000      5.409950     -0.333115
   1760000      5.392703     -0.374143
   1780000      5.391059     -0.404988
   1800000      5.390849     -0.426596
   1820000      5.402076     -0.433307
   1840000      5.420659     -0.436681
   1860000      5.410396     -0.460078
   1880000      5.443588     -0.462434
   1900000      5.427562     -0.508873
   1920000      5.440592     -0.509928
   1940000      5.454254     -0.516934
   1960000      5.439441     -0.542100
   1980000      5.455909     -0.560646
   2000000      5.460641     -0.574387
   2020000      5.537327     -0.541494
   2040000      5.556488     -0.556677
   2060000      5.559985     -0.573359
   2080000      5.590070     -0.567326
   2100000      5.607899     -0.574453
   2120000      5.611728     -0.594865
   2140000      5.671988     -0.537851
   2160000      5.695596     -0.534881
   2180000      5.688604     -0.593704
   2200000      5.702772     -0.596764
   2220000      5.725882     -0.601745
   2240000      5.736963     -0.604998
   2260000      5.753897     -0.603994
   2280000      5.788715     -0.580316
   2300000      5.803031     -0.590221
   2320000      5.833554     -0.579992
   2340000      5.845683     -0.585956
   2360000      5.854818     -0.599108
   2380000      5.878061     -0.589862
   2400000      5.892776     -0.591637
   2420000      5.911122     -0.582871
   2440000      5.935682     -0.593992
   2460000      5.947207     -0.595245
   2480000      5.964037     -0.625171
   2500000      5.982666     -0.621935
   2520000      6.006233     -0.622418
   2540000      6.020513     -0.637167
   2560000      6.040288     -0.630471
   2580000      6.057263     -0.621518
   2600000      6.072461     -0.605125
   2620000      6.097181     -0.618107
   2640000      6.113816     -0.598888
   2660000      6.129349     -0.614960
   2680000      6.142501     -0.635152
   2700000      6.163950     -0.643114
   2720000      6.178478     -0.659613
   2740000      6.199375     -0.668765
   2760000      6.208217     -0.690653
   2780000      6.226864     -0.687467
   2800000      6.244517     -0.701482
   2820000      6.268773     -0.667109
   2840000      6.288621     -0.668568
   2860000      6.290822     -0.704313
   2880000      6.306296     -0.717435
   2900000      6.328783     -0.718215
   2920000      6.324454     -0.773038
   2940000      6.352432     -0.750710
   2960000      6.368623     -0.751483
   2980000      6.381983     -0.750051
   3000000      6.405690     -0.739459
   3020000      6.422369     -0.739748
   3040000      6.440412     -0.746080
   3060000      6.463439     -0.728162
   3080000      6.477626     -0.718186
   3100000      6.488761     -0.735339
   3120000      6.498899     -0.755873
   3140000      6.506002     -0.756905
   3160000      6.528183     -0.633051
   3180000      6.539120     -0.621348
   3200000      6.540727     -0.587073
   3220000      6.562844     -0.577629
   3240000      6.579606     -0.569085
   3260000      6.591118     -0.555865
   3280000      6.603785     -0.548359
   3300000      6.633701     -0.554943
   3320000      6.642281     -0.537813
   3340000      6.662409     -0.533363
   3360000      6.679757     -0.539516
   3380000      6.687661     -0.506784
   3400000      6.700429     -0.503597
   3420000      6.730187     -0.507999
   3440000      6.748655     -0.489044
   3460000      6.761927     -0.464512
   3480000      6.770207     -0.453440
   3500000      6.767091     -0.426299
   3520000      6.769462     -0.396750
   3540000      6.809635     -0.413965
   3560000      6.819384     -0.384617
   3580000      6.834965     -0.391674
   3600000      6.849065     -0.397525
   3620000      6.860261     -0.382607
   3640000      6.866820     -0.376829
   3660000      6.883850     -0.372014
   3680000      6.898575     -0.372101
   3700000      6.924052     -0.389404
   3720000      6.934121     -0.381769
   3740000      6.947228     -0.402332
   3760000      6.969090     -0.392967
   3780000      6.984190     -0.399361
   3800000      6.999780     -0.364860
   3820000      7.013816     -0.360697
   3840000      7.033024     -0.347329
   3860000      7.006525     -0.224458
   3880000      7.029296     -0.216731
   3900000      7.043550     -0.209366
   3920000      7.059078     -0.200795
   3940000      7.050547     -0.161306
   3960000      7.076624     -0.156566
   3980000      7.084148     -0.137336
   4000000      7.113377     -0.138060
   4020000      7.105986     -0.122603
   4040000      7.090417     -0.085601
   4060000      7.058546     -0.068847
   4080000      7.156227     -0.079627
   4100000      7.155082     -0.065623
   4120000      7.174325     -0.068004
   4140000      7.200977     -0.067880
   4160000      7.220024     -0.059237
   4180000      7.239784     -0.055836
   4200000      7.265527     -0.059764
   4220000      7.276833     -0.042468
   4240000      7.283695     -0.025251
   4260000      7.290909     -0.012504
   4280000      7.320740     -0.016442
   4300000      7.331484     -0.010093
   4320000      7.355055     -0.012044
   4340000      7.377263     -0.028449
   4360000      7.358068      0.043441
   4380000      7.378313      0.048150
   4400000      7.373354      0.076576
   4420000      7.386456      0.092935
   4440000      7.408908      0.096644
   4460000      7.411689      0.115242
   4480000      7.435157      0.117911
   4500000      7.451224      0.123154
   4520000      7.478302      0.118783
   4540000      7.494474      0.123752
   4560000      7.501345      0.141438
   4580000      7.541409      0.120231
   4600000      7.550528      0.140817
   4620000      7.569602      0.129515
   4640000      7.580336      0.139659
   4660000      7.599848      0.140664
   4680000      7.626236      0.120901
   4700000      7.641529      0.146039
   4720000      7.634498      0.196684
   4740000      7.656024      0.193413
   4760000      7.683632      0.166978
   4780000      7.699428      0.168072
   4800000      7.716363      0.162034
   4820000      7.706368      0.234210
   4840000      7.715325      0.246641
   4860000      7.741149      0.240325
   4880000      7.750289      0.252164
   4900000      7.758142      0.257480
   4920000      7.770975      0.268797
   4940000      7.786580      0.273055
   4960000      7.800998      0.261839
   4980000      7.816527      0.244831
   5000000      7.826419      0.227790
   5020000      7.787745      0.418180
   5040000      7.803547      0.421216
   5060000      7.807418      0.435695
   5080000      7.843732      0.426526
   5100000      7.854879      0.437777
   5120000      7.841175      0.481554
   5140000      7.827037      0.506587
   5160000      7.814715      0.521624
   5180000      7.813249      0.538651
   5200000      7.814096      0.551004
   5220000      7.824786      0.564085
   5240000      7.813636      0.580157
   5260000      7.829465      0.591409
   5280000      7.829625      0.602186
   5300000      7.836401      0.610806
   5320000      7.802680      0.628422
   5340000      7.820996      0.635572
   5360000      7.941262      0.618389
   5380000      7.959655      0.625304
   5400000      7.972541      0.633500
   5420000      7.952824      0.665700
   5440000      7.952082      0.673624
   5460000      7.964750      0.703590
   5480000      8.014801      0.695199
   5500000      8.019087      0.714340
   5520000      8.027419      0.727452
   5540000      8.061618      0.735901
   5560000      8.088979      0.739224
   5580000      8.095857      0.756003
   5600000      8.102298      0.773735
   5620000      8.102476      0.788081
   5640000      8.111698      0.802277
   5660000      8.121563      0.816908
   5680000      8.125945      0.834995
   5700000      8.124932      0.855784
   5720000      8.170121      0.828486
   5740000      8.148451      0.870420
   5760000      8.149564      0.888753
   5780000      8.161935      0.906932
   5800000      8.171734      0.914439
   5820000      8.177013      0.929722
   5840000      8.222858      0.914306
   5860000      8.244742      0.910856
   5880000      8.258539      0.923581
   5900000      8.219292      0.976013
   5920000      8.237358      0.983931
   5940000      8.223700      1.011835
   5960000      8.259011      1.005807
   5980000      8.250823      1.031046
   6000000      8.248856      1.062992
   6020000      8.266787      1.075744
   6040000      8.302293      1.064936
   6060000      8.312794      1.081218
   6080000      8.327470      1.093165
   6100000      8.341063      1.104586
   6120000      8.356809      1.105998
   6140000      8.367804      1.117735
   6160000      8.352698      1.156208
   6180000      8.341291      1.183508
   6200000      8.355824      1.187145
   6220000      8.378958      1.184863
   6240000      8.402994      1.180205
   6260000      8.410652      1.201940
   6280000      8.440874      1.199751
   6300000      8.471725      1.190988
   6320000      8.454669      1.240018
   6340000      8.460371      1.257294
   6360000      8.471667      1.268640
   6380000      8.489603      1.271720
   6400000      8.489512      1.295603
   6420000      8.498036      1.301672
   6440000      8.506537      1.319099
   6460000      8.544968      1.297496
   6480000      8.556861      1.307196
   6500000      8.536370      1.345802
   6520000      8.546177      1.355686
   6540000      8.550214      1.374715
   6560000      8.551658      1.387459
   6580000      8.526139      1.423517
   6600000      8.495279      1.439277
   6620000      8.582510      1.423512
   6640000      8.586163      1.442590
   6660000      8.569136      1.470854
   6680000      8.563932      1.492401
   6700000      8.560002      1.512567
   6720000      8.525144      1.534482
   6740000      8.593406      1.542412
   6760000      8.653931      1.528176
   6780000      8.656756      1.549761
   6800000      8.664682      1.562739
   6820000      8.686323      1.566253
   6840000      8.724380      1.555705
   6860000      8.755444      1.549496
   6880000      8.772982      1.556449
   6900000      8.772271      1.580572
   6920000      8.768970      1.604550
   6940000      8.774762      1.625957
   6960000      8.794265      1.637801
   6980000      8.804262      1.654866
   7000000      8.810422      1.656716
   7020000      8.815619      1.673745
   7040000      8.844107      1.673206
   7060000      8.869029      1.669709
   7080000      8.884583      1.669449
   7100000      8.894108      1.680367
   7120000      8.904182      1.700376
   7140000      8.924878      1.701105
   7160000      8.953847      1.689298
   7180000      8.968745      1.689865
   7200000      8.983798      1.700568
   7220000      8.996824      1.726577
   7240000      9.012752      1.736503
   7260000      9.035582      1.730693
   7280000      9.044717      1.753454
   7300000      9.057376      1.766712
   7320000      9.056041      1.797154
   7340000      9.070431      1.794310
   7360000      9.062554      1.823770
   7380000      9.105696      1.814841
   7400000      9.118597      1.826178
   7420000      9.108392      1.852662
   7440000      9.096561      1.887168
   7460000      9.092295      1.905758
   7480000      9.157733      1.885185
   7500000      9.172791      1.895324
   7520000      9.215854      1.870907
   7540000      9.225322      1.882561
   7560000      9.241315      1.892742
   7580000      9.257913      1.897455
   7600000      9.260488      1.914876
   7620000      9.273050      1.921928
   7640000      9.278437      1.945421
   7660000      9.301234      1.947050
   7680000      9.309980      1.963306
   7700000      9.333135      1.962538
   7720000      9.345848      1.970138
   7740000      9.365119      1.977987
   7760000      9.384747      1.979367
   7780000      9.396606      1.982116
   7800000      9.412458      1.986893
   7820000      9.422285      1.992299
   7840000      9.442635      1.973818
   7860000      9.462989      1.983920
   7880000      9.490187      1.978186
   7900000      9.483352      2.040488
   7920000      9.498515      2.046614
   7940000      9.489370      2.089097
   7960000      9.497052      2.097344
   7980000      9.512232      2.102353
   8000000      9.528025      2.109664
   8020000      9.514579      2.130667
   8040000      9.516507      2.147740
   8060000      9.534823      2.157164
   8080000      9.557622      2.161584
   8100000      9.574008      2.172645
   8120000      9.561529      2.202401
   8140000      9.556560      2.222660
   8160000      9.578975      2.231538
   8180000      9.591232      2.244188
   8200000      9.595884      2.251904
   8220000      9.698973      2.183816
   8240000      9.711927      2.201428
   8260000      9.714126      2.216379
   8280000      9.721987      2.228561
   8300000      9.746852      2.218497
   8320000      9.755326      2.234956
   8340000      9.767967      2.252882
   8360000      9.761270      2.283404
   8380000      9.780147      2.287581
   8400000      9.781979      2.301984
   8420000      9.795962      2.305375
   8440000      9.801995      2.317856
   8460000      9.817707      2.334738
   8480000      9.813624      2.364580
   8500000      9.814082      2.386253
   8520000      9.831590      2.395513
   8540000      9.856010      2.386930
   8560000      9.846811      2.420546
   8580000      9.865347      2.430787
   8600000      9.887169      2.437447
   8620000      9.901901      2.442777
   8640000      9.910882      2.460410
   8660000      9.919018      2.472522
   8680000      9.911383      2.512336
   8700000      9.920570      2.518806
   8720000      9.930378      2.536960
   8740000      9.950690      2.541009
   8760000      9.967402      2.551064
   8780000      9.996413      2.542353
   8800000      9.997039      2.560543
   8820000     10.043171      2.537778
   8840000     10.052468      2.544059
   8860000     10.057718      2.560352
   8880000     10.069733      2.569629
   8900000     10.071283      2.590764
   8920000     10.078756      2.603847
   8940000     10.081135      2.618456
   8960000     10.091156      2.637195
   8980000     10.098034      2.651389
   9000000     10.092936      2.674504
   9020000     10.101502      2.685090
   9040000     10.083714      2.718727
   9060000     10.097842      2.730923
   9080000     10.140385      2.719142
   9100000     10.157166      2.733554
   9120000     10.166681      2.739640
   9140000     10.157182      2.775634
   9160000     10.171948      2.778519
   9180000     10.176119      2.791927
   9200000     10.184651      2.812777
   9220000     10.225793      2.789442
   9240000     10.234771      2.811793
   9260000     10.249039      2.819713
   9280000     10.266034      2.826521
   9300000     10.273595      2.837911
   9320000     10.284805      2.840018
   9340000     10.289941      2.859364
   9360000     10.296277      2.874245
   9380000     10.316581      2.874967
   9400000     10.341462      2.864010
   9420000     10.348380      2.876220
   9440000     10.343576      2.913480
   9460000     10.355571      2.918858
   9480000     10.357745      2.945330
   9500000     10.367758      2.962180
   9520000     10.403716      2.939236
   9540000     10.419984      2.944661
   9560000     10.449425      2.936397
   9580000     10.468943      2.940278
   9600000     10.481092      2.962506
   9620000     10.502497      2.952394
   9640000     10.514864      2.978606
   9660000     10.537578      2.960067
   9680000     10.552815      2.949841
   9700000     10.562486      2.954770
   9720000     10.574937      2.962464
   9740000     10.590688      2.972183
   9760000     10.610686      2.999067
   9780000     10.630013      2.992869
   9800000     10.639597      3.002735
   9820000     10.648930      3.005494
   9840000     10.667814      3.000424
   9860000     10.682083      3.013452
   9880000     10.703466      2.999549
   9900000     10.720559      3.031883
   9920000     10.734103      3.043976
   9940000     10.746357      3.059200
   9960000     10.763221      3.062720
   9980000     10.789133      3.025285
  10000000     10.809393      3.010836
