         0      4.000000      0.000000
     20000      4.054428     -0.100985
     40000      4.127379     -0.073398
     60000      4.181190      0.056611
     80000      4.239943     -0.054246
    100000      4.286640     -0.087452
    120000      4.397938      0.096050
    140000      4.460984      0.048554
    160000      4.503206     -0.018704
    180000      4.541507     -0.056501
    200000      4.569713     -0.124758
    220000      4.643979     -0.164434
    240000      4.703321     -0.186568
    260000      4.783947     -0.208293
    280000      4.869474     -0.206967
    300000      4.805447     -0.383355
    320000      4.891391     -0.389117
    340000      4.941129     -0.421275
    360000      4.980624     -0.501737
    380000      4.940975     -0.646064
    400000      4.906415     -0.743328
    420000      4.983813     -0.781001
    440000      4.962148     -0.872738
    460000      5.000887     -0.934231
    480000      5.063141     -0.983888
    500000      5.044348     -1.051552
    520000      5.056094     -1.110063
    540000      5.064123     -1.173657
    560000      5.147778     -1.206978
    580000      5.009278     -1.302013
    600000      5.081141     -1.396096
    620000      5.098677     -1.453595
    640000      5.126026     -1.504272
    660000      5.120122     -1.570414
    680000      5.219074     -1.648888
    700000      5.242165     -1.719999
    720000      5.318802     -1.791389
    740000      5.383150     -1.832553
    760000      5.440298     -1.855602
    780000      5.551661     -1.874498
    800000      5.642471     -1.879578
    820000      5.659984     -1.933881
    840000      5.736216     -1.942935
    860000      5.778545     -2.018089
    880000      5.808287     -2.089057
    900000      5.792170     -2.181169
    920000      6.043658     -1.962036
    940000      6.119516     -1.916855
    960000      6.171020     -1.893895
    980000      6.172304     -1.760032
   1000000      6.314678     -1.926199
   1020000      6.364798     -2.096227
   1040000      6.426914     -2.090665
   1060000      6.500829     -2.053337
   1080000      6.576006     -2.071734
   1100000      6.630860     -1.978517
   1120000      6.695293     -1.988113
   1140000      6.758920     -1.975355
   1160000      6.790917     -1.826506
   1180000      6.877287     -1.970889
   1200000      6.962844     -1.957957
   1220000      7.010196     -1.820525
   1240000      7.073536     -1.790159
   1260000      7.131819     -1.762626
   1280000      7.186852     -1.734841
   1300000      7.179861     -1.607918
   1320000      7.307540     -1.659649
   1340000      7.329989     -1.544722
   1360000      7.349572     -1.473696
   1380000      7.359090     -1.379067
   1400000      7.361611     -1.323855
   1420000      7.341809     -1.248445
   1440000      7.376258     -1.189372
   1460000      7.323687     -1.103228
   1480000      7.372548     -1.051981
   1500000      7.492254     -1.010391
   1520000      7.575936     -0.953438
   1540000      7.584175     -0.871374
   1560000      7.770713     -0.883371
   1580000      7.740715     -0.807789
   1600000      7.597453     -0.673045
   1620000      7.623844     -0.618054
   1640000      7.706672     -0.581007
   1660000      7.750794     -0.539262
   1680000      7.712993     -0.457830
   1700000      7.782319     -0.408083
   1720000      7.904095     -0.412144
   1740000      7.912840     -0.344248
   1760000      7.965502     -0.311212
   1780000      8.062395     -0.328502
   1800000      8.142658     -0.339184
   1820000      8.212256     -0.350362
   1840000      8.273215     -0.282510
   1860000      8.301749     -0.174498
   1880000      8.386859     -0.166699
   1900000      8.417850     -0.093034
   1920000      8.429098     -0.010815
   1940000      8.440534      0.058437
   1960000      8.553062      0.069091
   1980000      8.576390      0.146375
   2000000      8.626387      0.214259
   2020000      8.679579      0.268338
   2040000      8.721011      0.318206
   2060000      8.769885      0.350277
   2080000      8.810701      0.415698
   2100000      8.830787      0.492425
   2120000      8.937026      0.475259
   2140000      8.978626      0.532648
   2160000      9.095081      0.506665
   2180000      9.170406      0.478207
   2200000      9.238796      0.531108
   2220000      9.301158      0.574083
   2240000      9.355196      0.587088
   2260000      9.460415      0.519139
   2280000      9.530987      0.524967
   2300000      9.582491      0.596248
   2320000      9.686792      0.429171
   2340000      9.742807      0.475532
   2360000      9.822593      0.450629
   2380000      9.882476      0.589039
   2400000      9.976100      0.534863
   2420000     10.051254      0.476694
   2440000     10.095270      0.464760
   2460000     10.144464      0.604218
   2480000     10.203472      0.659387
   2500000     10.205325      0.735436
   2520000     10.352082      0.606020
   2540000     10.432593      0.574612
   2560000     10.501708      0.619181
   2580000     10.533478      0.706643
   2600000     10.605402      0.734938
   2620000     10.670595      0.743206
   2640000     10.729887      0.740037
   2660000     10.802516      0.695749
   2680000     10.828370      0.827020
   2700000     10.903650      0.815420
   2720000     10.952143      0.859174
   2740000     11.018082      0.856025
   2760000     11.104255      0.920480
   2780000     11.136348      1.013737
   2800000     11.221047      0.996313
   2820000     11.273060      1.041206
   2840000     11.354896      1.039374
   2860000     11.354224      1.141488
   2880000     11.453508      1.156351
   2900000     11.510936      1.185711
   2920000     11.568939      1.209443
   2940000     11.611030      1.262132
   2960000     11.701064      1.273747
   2980000     11.762921      1.297286
   3000000     11.656676      1.517250
   3020000     11.876193      1.397845
   3040000     11.892257      1.473281
   3060000     11.887199      1.567582
   3080000     11.981943      1.600348
   3100000     12.019774      1.662497
   3120000     12.056840      1.743838
   3140000     12.150364      1.764854
   3160000     12.215938      1.798169
   3180000     12.241840      1.861768
   3200000     12.263596      1.896704
   3220000     12.268918      1.993125
   3240000     12.315038      2.043225
   3260000     12.368648      2.095711
   3280000     12.486710      2.119947
   3300000     12.505269      2.179710
   3320000     12.538351      2.246219
   3340000     12.730098      2.166850
   3360000     12.799426      2.174412
   3380000     12.836763      2.237339
   3400000     12.867560      2.298877
   3420000     12.912351      2.339319
   3440000     12.952537      2.361496
   3460000     12.971603      2.415057
   3480000     13.052894      2.403906
   3500000     13.138416      2.404219
   3520000     13.226686      2.373455
   3540000     13.289293      2.354649
   3560000     13.364739      2.377224
   3580000     13.408513      2.509848
   3600000     13.473151      2.523710
   3620000     13.552649      2.540841
   3640000     13.613771      2.558071
   3660000     13.648627      2.662142
   3680000     13.708634      2.680479
   3700000     13.831167      2.635167
   3720000     13.904412      2.641076
   3740000     13.968770      2.657437
   3760000     13.982752      2.763062
   3780000     14.125410      2.669009
   3800000     14.198634      2.684911
   3820000     14.248706      2.705616
   3840000     14.266763      2.817510
   3860000     14.333639      2.839927
   3880000     14.378747      2.891198
   3900000     14.448400      2.930567
   3920000     14.526309      2.944028
   3940000     14.585056      2.981697
   3960000     14.566925      3.103400
   3980000     14.580368      3.174066
   4000000     14.619223      3.241133
   4020000     14.633428      3.314045
   4040000     14.474336      3.470928
   4060000     14.491523      3.536376
   4080000     14.575632      3.575101
   4100000     14.560829      3.639866
   4120000     14.610170      3.683275
   4140000     14.475668      3.782552
   4160000     14.428411      3.859101
   4180000     14.640736      3.887915
   4200000     14.730826      3.931591
   4220000     14.768814      3.977987
   4240000     14.623083      4.111483
   4260000     14.737052      4.161675
   4280000     14.867875      4.209706
   4300000     14.925792      4.255213
   4320000     14.890405      4.329795
   4340000     14.910412      4.399885
   4360000     14.965484      4.459710
   4380000     14.928872      4.551474
   4400000     14.985443      4.607754
   4420000     15.043960      4.661389
   4440000     15.115293      4.696769
   4460000     15.128144      4.763001
   4480000     15.165142      4.831555
   4500000     15.222916      4.860479
   4520000     15.207874      4.949330
   4540000     15.240216      5.019225
   4560000     15.260279      5.084921
   4580000     15.167072      5.181190
   4600000     15.200235      5.249884
   4620000     15.218852      5.327633
   4640000     15.185809      5.385256
   4660000     15.234643      5.446314
   4680000     15.289203      5.505916
   4700000     15.303074      5.565767
   4720000     15.314047      5.634011
   4740000     15.324710      5.703540
   4760000     15.318020      5.770878
   4780000     15.269717      5.839003
   4800000     15.294213      5.916994
   4820000     15.452822      5.965788
   4840000     15.456158      6.032258
   4860000     15.502676      6.087156
   4880000     15.470594      6.162554
   4900000     15.505128      6.212888
   4920000     15.530167      6.267534
   4940000     15.461044      6.371387
   4960000     15.360664      6.420371
   4980000     15.382897      6.498889
   5000000     15.420144      6.568560
   5020000     15.393967      6.640986
   5040000     15.378450      6.698961
   5060000     15.434063      6.778492
   5080000     15.475085      6.846879
   5100000     15.457320      6.943797
   5120000     15.418516      7.006362
   5140000     15.367903      7.066851
   5160000     15.399809      7.126549
   5180000     15.332249      7.180587
   5200000     15.246671      7.227628
   5220000     15.319635      7.306250
   5240000     15.222469      7.358155
   5260000     15.112632      7.389665
   5280000     15.093963      7.473594
   5300000     15.081084      7.559067
   5320000     15.119036      7.638165
   5340000     15.119722      7.712670
   5360000     15.162968      7.788017
   5380000     15.149378      7.857473
   5400000     15.128905      7.918318
   5420000     15.110842      7.985741
   5440000     15.139834      8.081900
   5460000     15.177390      8.156947
   5480000     15.216195      8.212677
   5500000     15.299646      8.261581
   5520000     15.295354      8.323844
   5540000     15.320003      8.370138
   5560000     15.239475      8.466286
   5580000     15.330998      8.541051
   5600000     15.320424      8.606794
   5620000     15.292503      8.673998
   5640000     15.375164      8.754340
   5660000     15.428857      8.808245
   5680000     15.445865      8.864513
   5700000     15.360252      8.956736
   5720000     15.429582      9.020418
   5740000     15.480635      9.053578
   5760000     15.495999      9.127397
   5780000     15.542061      9.171957
   5800000     15.618714      9.187188
   5820000     15.638073      9.241463
   5840000     15.651445      9.315151
   5860000     15.583324      9.424108
   5880000     15.619775      9.470719
   5900000     15.641620      9.545654
   5920000     15.503482      9.639351
   5940000     15.575152      9.695933
   5960000     15.549585      9.782004
   5980000     15.581638      9.847411
   6000000     15.644925      9.889887
