         0      4.000000      0.000000
     20000      4.042687      0.053370
     40000      4.125308      0.091714
     60000      4.211131      0.041673
     80000      4.292878      0.000223
    100000      4.345063      0.055436
    120000      4.387401      0.251234
    140000      4.437625      0.283219
    160000      4.528751      0.240999
    180000      4.591811      0.287672
    200000      4.670662      0.272340
    220000      4.653392      0.419237
    240000      4.698781      0.486468
    260000      4.765986      0.510110
    280000      4.931682      0.390065
    300000      4.987642      0.338299
    320000      5.055631      0.393138
    340000      5.101516      0.512617
    360000      5.173859      0.535587
    380000      5.163394      0.757080
    400000      5.199160      0.812550
    420000      5.282392      0.792483
    440000      5.322696      0.838243
    460000      5.330620      0.960331
    480000      5.437704      0.910059
    500000      5.463075      1.027561
    520000      5.534997      1.013406
    540000      5.594459      1.013033
    560000      5.700793      0.963262
    580000      5.760972      1.022700
    600000      5.826322      0.887686
    620000      5.882190      0.892229
    640000      5.961329      0.864181
    660000      6.008251      0.935425
    680000      6.073866      1.027380
    700000      6.058400      1.394904
    720000      6.098880      1.434080
    740000      6.228551      1.390971
    760000      6.317295      1.371107
    780000      6.452943      1.202489
    800000      6.530908      1.231423
    820000      6.600246      1.061540
    840000      6.665418      1.062978
    860000      6.735428      1.068704
    880000      6.771205      1.306801
    900000      6.775299      1.429743
    920000      6.867065      1.402973
    940000      6.950937      1.419417
    960000      6.978851      1.503618
    980000      7.036278      1.539413
   1000000      7.040638      1.619608
   1020000      7.081952      1.663229
   1040000      7.089955      1.757869
   1060000      7.042806      1.856656
   1080000      7.055897      1.907621
   1100000      7.034603      1.972410
   1120000      7.184853      1.973315
   1140000      7.157146      2.061039
   1160000      7.251199      2.080447
   1180000      7.173435      2.174332
   1200000      7.243903      2.233036
   1220000      7.306920      2.274342
   1240000      7.341372      2.339173
   1260000      7.344248      2.406256
   1280000      7.350690      2.490326
   1300000      7.323546      2.556185
   1320000      7.260393      2.613134
   1340000      7.491841      2.613995
   1360000      7.583578      2.607647
   1380000      7.614844      2.674434
   1400000      7.661852      2.727735
   1420000      7.511416      2.916532
   1440000      7.528594      2.961587
   1460000      7.563579      3.028212
   1480000      7.506997      3.134767
   1500000      7.561810      3.207380
   1520000      7.643804      3.253350
   1540000      7.760223      3.267447
   1560000      7.767474      3.359063
   1580000      7.834333      3.405312
   1600000      7.831004      3.477483
   1620000      7.889271      3.514545
   1640000      7.916138      3.588809
   1660000      7.949764      3.639208
   1680000      8.012539      3.686487
   1700000      8.085448      3.707804
   1720000      8.045291      3.818367
   1740000      8.118636      3.859079
   1760000      8.148164      3.932270
   1780000      7.964927      4.033390
   1800000      8.160058      4.080828
   1820000      8.237572      4.120681
   1840000      8.205998      4.195283
   1860000      8.226236      4.264989
   1880000      8.315175      4.311602
   1900000      8.461539      4.299864
   1920000      8.460804      4.395986
   1940000      8.700315      4.275051
   1960000      8.784769      4.279535
   1980000      8.874245      4.291535
   2000000      8.925537      4.332258
   2020000      9.012225      4.306416
   2040000      9.093864      4.318191
   2060000      9.088165      4.438683
   2080000      9.177706      4.380354
   2100000      9.184375      4.488086
   2120000      9.275132      4.479695
   2140000      9.386942      4.385218
   2160000      9.424558      4.491627
   2180000      9.364104      4.680295
   2200000      9.337429      4.787916
   2220000      9.412155      4.813113
   2240000      9.427557      4.889706
   2260000      9.635031      4.779692
   2280000      9.856788      4.537397
   2300000      9.875687      4.679067
   2320000      9.957928      4.631631
   2340000      9.995827      4.716601
   2360000     10.123424      4.492987
   2380000     10.167235      4.487738
   2400000     10.257557      4.514280
   2420000     10.302031      4.498350
   2440000     10.358695      4.613692
   2460000     10.426548      4.593853
   2480000     10.502917      4.608271
   2500000     10.551018      4.671346
   2520000     10.607380      4.669596
   2540000     10.663619      4.750042
   2560000     10.706788      4.784900
   2580000     10.771131      4.750131
   2600000     10.795540      4.905218
   2620000     10.918486      4.731408
   2640000     10.995354      4.801457
   2660000     11.049276      4.874843
   2680000     11.133621      4.830140
   2700000     11.189282      4.779517
   2720000     11.253388      4.821318
   2740000     11.306398      4.853890
   2760000     11.341415      4.755672
   2780000     11.413906      4.842907
   2800000     11.478198      4.782771
   2820000     11.543318      4.777195
   2840000     11.612274      4.673018
   2860000     11.658280      4.753260
   2880000     11.731573      4.655345
   2900000     11.783914      4.673588
   2920000     11.756745      4.423980
   2940000     11.840750      4.438386
   2960000     11.965979      4.547573
   2980000     12.038573      4.600027
   3000000     12.090764      4.612949
   3020000     12.146708      4.625965
   3040000     12.213429      4.621452
   3060000     12.259070      4.671850
   3080000     12.341156      4.488666
   3100000     12.424929      4.555548
   3120000     12.483986      4.578447
   3140000     12.566734      4.622746
   3160000     12.635016      4.609286
   3180000     12.690125      4.583617
   3200000     12.692217      4.794455
   3220000     12.803693      4.356907
   3240000     12.881453      4.358560
   3260000     12.901913      4.261756
   3280000     13.039956      4.493874
   3300000     13.101009      4.436513
   3320000     13.109507      4.315289
   3340000     13.231324      4.405182
   3360000     13.308974      4.429938
   3380000     13.340108      4.494168
   3400000     13.424621      4.433924
   3420000     13.504454      4.355802
   3440000     13.563350      4.308568
   3460000     13.646343      4.465753
   3480000     13.684719      4.267115
   3500000     13.777821      4.284169
   3520000     13.849321      4.290503
   3540000     13.931669      4.394444
   3560000     13.996813      4.418772
   3580000     14.037544      4.442700
   3600000     14.115538      4.377997
   3620000     14.202550      4.275363
   3640000     14.243084      4.187106
   3660000     14.334931      4.280394
   3680000     14.378938      4.183822
   3700000     14.471999      4.239977
   3720000     14.452812      4.091689
   3740000     14.590733      4.187894
   3760000     14.651765      4.164917
   3780000     14.731947      4.147972
   3800000     14.694620      4.045901
   3820000     14.854234      4.142632
   3840000     14.927169      4.121193
   3860000     15.007124      4.100265
   3880000     15.038693      4.040979
   3900000     15.120250      4.026189
   3920000     15.167939      3.965500
   3940000     15.226152      3.963054
   3960000     15.304315      3.918076
   3980000     15.358330      3.900598
   4000000     15.445005      3.940737
   4020000     15.464295      3.817728
   4040000     15.419725      3.693429
   4060000     15.465224      3.647754
   4080000     15.531628      3.615682
   4100000     15.510704      3.503759
   4120000     15.545693      3.451738
   4140000     15.784658      3.571516
   4160000     15.846129      3.543112
   4180000     15.778241      3.363956
   4200000     15.839720      3.336566
   4220000     15.797710      3.210234
   4240000     15.858340      3.160218
   4260000     15.870644      3.098431
   4280000     15.877895      3.021186
   4300000     16.023292      3.043740
   4320000     16.121269      3.078056
   4340000     16.228404      3.207990
   4360000     16.224999      2.940830
   4380000     16.216746      2.852740
   4400000     16.197159      2.778037
   4420000     16.202172      2.724725
   4440000     16.280064      2.663603
   4460000     16.390528      2.639181
   4480000     16.417648      2.563566
   4500000     16.509727      2.527602
   4520000     16.524569      2.442296
   4540000     16.514842      2.345407
   4560000     16.455613      2.226765
   4580000     16.505451      2.187746
   4600000     16.544644      2.125656
   4620000     16.256650      2.002701
   4640000     16.695307      2.038133
   4660000     16.625871      1.911356
   4680000     16.637363      1.848129
   4700000     16.792240      1.837519
   4720000     16.827608      1.775462
   4740000     16.917098      1.751631
   4760000     16.919946      1.690082
   4780000     17.023427      1.692736
   4800000     17.049275      1.621334
   4820000     16.956661      1.458831
   4840000     16.862592      1.374129
   4860000     16.853259      1.322697
   4880000     16.825294      1.261980
   4900000     16.824858      1.190745
   4920000     16.896554      1.083449
   4940000     16.897763      1.026983
   4960000     17.082979      0.981876
   4980000     17.112218      0.901970
   5000000     16.987873      0.779593
   5020000     16.977853      0.710736
   5040000     17.058367      0.659267
   5060000     17.037856      0.596149
   5080000     17.032350      0.522410
   5100000     17.044308      0.477332
   5120000     17.103643      0.402645
   5140000     17.016671      0.354040
   5160000     16.918976      0.328127
   5180000     16.989666      0.238771
   5200000     17.065227      0.133484
   5220000     17.046520      0.053346
   5240000     16.975393     -0.001128
   5260000     16.815168      0.002334
   5280000     16.810760     -0.072673
   5300000     16.798112     -0.139274
   5320000     16.674495     -0.139075
   5340000     16.784337     -0.284843
   5360000     16.694143     -0.333545
   5380000     16.541058     -0.268665
   5400000     16.465120     -0.264421
   5420000     16.342030     -0.207464
   5440000     16.431547     -0.543502
   5460000     16.380512     -0.585193
   5480000     16.366007     -0.647363
   5500000     16.359695     -0.707235
   5520000     16.330558     -0.746182
   5540000     16.384111     -0.841153
   5560000     16.180616     -0.837229
   5580000     16.140075     -0.839523
   5600000     16.143269     -0.973657
   5620000     16.082648     -0.992721
   5640000     16.031450     -1.054051
   5660000     15.974872     -1.125143
   5680000     15.879254     -1.108384
   5700000     15.883993     -1.218995
   5720000     15.883413     -1.324307
   5740000     15.817422     -1.337734
   5760000     15.815773     -1.410215
   5780000     15.801855     -1.477766
   5800000     15.754637     -1.525222
   5820000     15.674139     -1.570388
   5840000     15.645470     -1.624922
   5860000     15.663728     -1.717264
   5880000     15.504390     -1.681469
   5900000     15.396405     -1.659529
   5920000     15.403783     -1.789755
   5940000     15.355066     -1.850428
   5960000     15.241723     -1.835782
   5980000     15.186912     -1.856845
   6000000     15.207487     -1.973739
