         0      4.000000      0.000000
     20000      4.056720     -0.023586
     40000      4.103171      0.172757
     60000      4.169636      0.186643
     80000      4.258730      0.113935
    100000      4.332286      0.078677
    120000      4.404941      0.208565
    140000      4.467406      0.131135
    160000      4.535330      0.183014
    180000      4.591932      0.236178
    200000      4.684399      0.198166
    220000      4.746822      0.204145
    240000      4.796525     -0.000325
    260000      4.861561      0.017600
    280000      4.918085     -0.024935
    300000      5.000752      0.015992
    320000      5.035776     -0.115128
    340000      5.037855     -0.177432
    360000      5.209190      0.053864
    380000      5.264348      0.013920
    400000      5.293873     -0.205960
    420000      5.380522     -0.177972
    440000      5.434300     -0.212932
    460000      5.479366     -0.301780
    480000      5.572377     -0.285758
    500000      5.680632     -0.215484
    520000      5.736334     -0.275315
    540000      5.763725     -0.369133
    560000      5.756165     -0.525362
    580000      5.771531     -0.632590
    600000      5.828639     -0.692602
    620000      5.891846     -0.736233
    640000      5.938254     -0.767742
    660000      6.010911     -0.797082
    680000      6.054513     -0.830513
    700000      6.000013     -0.985610
    720000      5.915043     -1.086231
    740000      5.906426     -1.174071
    760000      5.919549     -1.244936
    780000      5.919899     -1.300046
    800000      5.897724     -1.355324
    820000      6.097456     -1.396197
    840000      6.016761     -1.484897
    860000      6.027337     -1.568524
    880000      6.034768     -1.627191
    900000      5.964408     -1.695141
    920000      6.002409     -1.747686
    940000      5.989222     -1.825123
    960000      5.927674     -1.884478
    980000      5.985516     -1.953390
   1000000      6.366327     -1.930082
   1020000      6.342346     -2.017044
   1040000      6.271677     -2.110094
   1060000      6.807711     -1.851943
   1080000      6.841823     -1.926343
   1100000      6.936297     -1.901209
   1120000      6.978760     -1.982675
   1140000      6.997345     -2.069514
   1160000      7.066216     -2.095718
   1180000      7.079968     -2.181779
   1200000      7.157294     -2.186354
   1220000      7.203495     -2.210197
   1240000      7.232470     -2.266303
   1260000      7.146541     -2.408089
   1280000      7.152932     -2.482605
   1300000      7.382605     -2.425550
   1320000      7.396010     -2.505359
   1340000      7.479766     -2.526135
   1360000      7.537096     -2.536440
   1380000      7.561960     -2.622389
   1400000      7.619458     -2.627965
   1420000      7.654448     -2.681127
   1440000      7.674137     -2.775341
   1460000      7.739167     -2.763579
   1480000      7.695966     -2.944726
   1500000      7.720352     -3.027786
   1520000      7.814429     -2.978717
   1540000      7.826911     -3.132456
   1560000      7.746796     -3.299402
   1580000      7.853911     -3.297739
   1600000      7.887050     -3.372522
   1620000      7.984745     -3.360924
   1640000      7.996606     -3.445938
   1660000      8.069564     -3.458226
   1680000      8.111147     -3.458158
   1700000      8.131635     -3.535583
   1720000      8.208012     -3.518697
   1740000      8.194682     -3.689962
   1760000      8.154794     -3.811537
   1780000      8.320074     -3.749914
   1800000      8.198094     -3.978652
   1820000      8.197775     -4.062035
   1840000      8.228293     -4.112006
   1860000      8.259876     -4.159430
   1880000      8.430369     -4.139321
   1900000      8.497586     -4.163785
   1920000      8.632229     -4.078351
   1940000      8.659006     -4.167164
   1960000      8.729824     -4.187265
   1980000      8.748397     -4.296798
   2000000      8.702552     -4.432684
   2020000      8.820997     -4.436784
   2040000      8.847752     -4.501204
   2060000      9.050497     -4.316962
   2080000      9.107800     -4.305095
   2100000      9.166978     -4.251165
   2120000      9.216145     -4.383711
   2140000      9.274527     -4.455096
   2160000      9.362807     -4.381209
   2180000      9.349967     -4.584675
   2200000      9.409578     -4.571564
   2220000      9.507243     -4.495062
   2240000      9.532149     -4.563311
   2260000      9.648597     -4.416530
   2280000      9.726242     -4.421236
   2300000      9.798993     -4.436310
   2320000      9.815043     -4.579908
   2340000      9.930572     -4.498821
   2360000      9.989105     -4.509460
   2380000     10.046056     -4.615759
   2400000     10.104583     -4.632162
   2420000     10.160959     -4.674266
   2440000     10.244006     -4.660574
   2460000     10.330580     -4.608671
   2480000     10.369322     -4.767947
   2500000     10.396742     -4.845764
   2520000     10.445708     -4.852621
   2540000     10.457023     -4.971062
   2560000     10.492547     -5.035620
   2580000     10.509022     -5.101075
   2600000     10.579417     -5.115288
   2620000     10.679948     -5.168123
   2640000     10.709158     -5.254013
   2660000     10.792413     -5.220281
   2680000     10.874162     -5.212990
   2700000     10.953479     -5.172336
   2720000     10.844798     -5.489837
   2740000     10.977415     -5.444916
   2760000     10.896529     -5.645134
   2780000     11.052776     -5.590904
   2800000     11.069711     -5.664198
   2820000     11.139817     -5.679701
   2840000     11.271872     -5.624051
   2860000     11.190953     -5.824581
   2880000     11.209174     -5.888928
   2900000     11.264889     -5.921675
   2920000     11.145077     -6.038839
   2940000     11.114054     -6.079276
   2960000     11.286469     -6.116311
   2980000     11.344480     -6.164762
   3000000     11.534392     -6.140294
   3020000     11.650617     -6.112151
   3040000     11.661951     -6.176380
   3060000     11.587254     -6.288075
   3080000     11.588600     -6.364253
   3100000     11.619020     -6.403596
   3120000     11.958924     -6.293523
   3140000     12.012633     -6.341598
   3160000     12.092964     -6.331901
   3180000     12.112394     -6.437640
   3200000     12.119483     -6.504087
   3220000     12.114614     -6.554457
   3240000     12.206469     -6.574184
   3260000     12.152067     -6.670482
   3280000     12.104314     -6.747575
   3300000     12.515825     -6.600951
   3320000     12.562416     -6.637714
   3340000     12.665433     -6.604045
   3360000     12.614356     -6.811133
   3380000     12.571829     -6.920067
   3400000     12.843760     -6.677373
   3420000     12.920887     -6.672981
   3440000     13.004976     -6.648149
   3460000     13.110544     -6.502404
   3480000     13.172289     -6.520575
   3500000     13.241192     -6.505270
   3520000     13.320238     -6.429540
   3540000     13.389407     -6.438719
   3560000     13.469310     -6.502733
   3580000     13.537956     -6.480879
   3600000     13.578248     -6.379074
   3620000     13.652354     -6.420094
   3640000     13.713184     -6.492894
   3660000     13.793251     -6.510476
   3680000     13.869423     -6.574213
   3700000     13.912459     -6.671597
   3720000     13.941945     -6.758786
   3740000     14.032481     -6.746479
   3760000     14.162263     -6.462625
   3780000     14.216395     -6.561462
   3800000     14.292124     -6.603796
   3820000     14.358699     -6.586622
   3840000     14.437813     -6.592309
   3860000     14.482636     -6.654814
   3880000     14.558624     -6.645894
   3900000     14.625957     -6.625670
   3920000     14.652052     -6.774211
   3940000     14.742550     -6.642299
   3960000     14.789386     -6.851782
   3980000     14.861978     -6.870408
   4000000     14.842738     -7.021402
   4020000     14.933461     -7.027217
   4040000     14.993046     -7.068783
   4060000     15.060305     -7.071397
   4080000     15.146991     -7.022955
   4100000     15.169652     -7.145411
   4120000     15.237634     -7.125050
   4140000     15.291090     -7.185790
   4160000     15.309569     -7.250689
   4180000     15.262073     -7.416855
   4200000     15.399834     -7.379722
   4220000     15.436318     -7.445005
   4240000     15.573966     -7.396668
   4260000     15.620318     -7.441262
   4280000     15.646193     -7.523738
   4300000     15.701679     -7.558945
   4320000     15.733988     -7.658550
   4340000     15.719737     -7.773029
   4360000     15.736529     -7.839682
   4380000     15.700147     -7.944585
   4400000     15.695977     -8.009660
   4420000     15.711099     -8.082596
   4440000     15.791548     -8.125109
   4460000     15.849426     -8.148278
   4480000     15.655428     -8.298175
   4500000     15.687455     -8.369754
   4520000     15.695838     -8.439283
   4540000     15.795327     -8.485051
   4560000     15.816143     -8.541039
   4580000     15.702945     -8.604235
   4600000     15.855499     -8.662123
   4620000     15.877961     -8.717932
   4640000     15.713582     -8.796498
   4660000     15.730490     -8.870986
   4680000     15.644994     -8.916604
   4700000     15.712575     -8.982498
   4720000     15.755605     -9.055981
   4740000     15.761848     -9.133514
   4760000     15.809159     -9.188378
   4780000     15.788642     -9.250287
   4800000     15.816224     -9.286244
   4820000     15.809525     -9.370583
   4840000     15.889454     -9.434648
   4860000     15.866956     -9.521356
   4880000     15.851452     -9.574835
   4900000     15.795182     -9.638749
   4920000     15.916351     -9.705615
   4940000     15.891514     -9.771601
   4960000     15.839998     -9.819826
   4980000     15.909140     -9.898700
   5000000     15.961938     -9.977418
   5020000     15.964021    -10.040282
   5040000     16.005722    -10.089897
   5060000     15.847189    -10.194956
   5080000     15.963434    -10.230272
   5100000     15.886097    -10.321273
   5120000     15.813962    -10.376398
   5140000     15.767786    -10.423561
   5160000     15.632566    -10.421113
   5180000     15.917644    -10.560941
   5200000     16.052810    -10.622578
   5220000     15.948627    -10.697693
   5240000     15.979295    -10.760254
   5260000     16.219309    -10.791441
   5280000     16.294578    -10.824068
   5300000     16.153491    -10.960473
   5320000     16.249343    -10.980415
   5340000     16.291309    -11.014715
   5360000     16.346599    -11.050441
   5380000     16.339443    -11.127909
   5400000     16.283964    -11.239698
   5420000     16.292349    -11.305479
   5440000     16.549423    -11.250701
   5460000     16.655520    -11.215189
   5480000     16.714016    -11.227717
   5500000     16.792445    -11.225283
   5520000     16.871044    -11.221673
   5540000     16.914175    -11.274039
   5560000     16.995903    -11.298646
   5580000     17.024790    -11.354905
   5600000     17.076383    -11.376220
   5620000     17.178157    -11.344106
   5640000     17.242767    -11.352163
   5660000     17.306766    -11.327145
   5680000     17.370068    -11.163242
   5700000     17.407920    -11.308714
   5720000     17.417678    -11.606344
   5740000     17.458337    -11.671109
   5760000     17.409027    -11.875145
   5780000     17.510965    -11.832277
   5800000     17.412139    -12.047599
   5820000     17.430554    -12.107843
   5840000     17.432070    -12.201971
   5860000     17.498361    -12.241095
   5880000     17.570683    -12.259318
   5900000     17.588193    -12.327922
   5920000     17.467000    -12.444480
   5940000     17.642774    -12.444877
   5960000     17.761084    -12.434346
   5980000     17.759352    -12.518069
   6000000     17.797591    -12.569603
