         0      4.000000      0.000000
     20000      4.018034     -0.017843
     40000      4.030308      0.026075
     60000      4.050977      0.076708
     80000      4.095801      0.038479
    100000      4.149742     -0.018401
    120000      4.184817      0.017387
    140000      4.217959      0.007395
    160000      4.248982      0.017256
    180000      4.269667      0.085246
    200000      4.311893      0.051064
    220000      4.330448      0.071388
    240000      4.352750      0.106552
    260000      4.392891      0.053143
    280000      4.401185      0.076748
    300000      4.441871     -0.079166
    320000      4.477446      0.043430
    340000      4.502658      0.043942
    360000      4.547138     -0.103021
    380000      4.586053     -0.064514
    400000      4.616701      0.003527
    420000      4.637961      0.072223
    440000      4.682913      0.029448
    460000      4.705154      0.074168
    480000      4.737146      0.018547
    500000      4.747449      0.142061
    520000      4.761877      0.175084
    540000      4.761829      0.220894
    560000      4.829980      0.202055
    580000      4.849923      0.236954
    600000      4.872747      0.235759
    620000      4.864157      0.312914
    640000      4.840425      0.362301
    660000      4.964297      0.267881
    680000      4.996297      0.244281
    700000      5.008367      0.272370
    720000      5.025256      0.305449
    740000      5.043069      0.333992
    760000      5.032324      0.398644
    780000      5.101713      0.351835
    800000      5.119724      0.369907
    820000      5.188567      0.317075
    840000      5.218410      0.306723
    860000      5.238540      0.313985
    880000      5.249650      0.414276
    900000      5.300703      0.319798
    920000      5.348011      0.319459
    940000      5.357181      0.442678
    960000      5.366859      0.501985
    980000      5.415038      0.490318
   1000000      5.441880      0.518763
   1020000      5.466513      0.550650
   1040000      5.483905      0.573731
   1060000      5.530835      0.545782
   1080000      5.548909      0.579533
   1100000      5.548686      0.636217
   1120000      5.505676      0.693877
   1140000      5.584456      0.682559
   1160000      5.588089      0.728285
   1180000      5.684582      0.645946
   1200000      5.745077      0.641182
   1220000      5.746249      0.691865
   1240000      5.803751      0.665428
   1260000      5.835359      0.655962
   1280000      5.835715      0.739970
   1300000      5.862679      0.759783
   1320000      5.891904      0.781802
   1340000      5.921493      0.793420
   1360000      5.889894      0.893149
   1380000      5.838326      0.992209
   1400000      5.903088      0.977931
   1420000      5.908399      1.011994
   1440000      5.946333      1.016222
   1460000      5.970208      1.027431
   1480000      5.894552      1.128711
   1500000      5.972438      1.109821
   1520000      5.957536      1.177462
   1540000      5.992981      1.198507
   1560000      6.026600      1.218769
   1580000      6.077396      1.187915
   1600000      5.822844      1.389863
   1620000      6.159324      1.216016
   1640000      6.197819      1.219879
   1660000      6.241636      1.227028
   1680000      6.235660      1.276825
   1700000      6.280564      1.263062
   1720000      6.302024      1.276738
   1740000      6.293470      1.335360
   1760000      6.260965      1.424201
   1780000      6.268571      1.456663
   1800000      6.370005      1.406687
   1820000      6.407651      1.411967
   1840000      6.443250      1.457106
   1860000      6.469805      1.476476
   1880000      6.534284      1.448762
   1900000      6.539097      1.481494
   1920000      6.586585      1.471101
   1940000      6.638074      1.478770
   1960000      6.702008      1.427529
   1980000      6.657699      1.571863
   2000000      6.695074      1.590700
   2020000      6.740736      1.555987
   2040000      6.763561      1.592271
   2060000      6.783629      1.621496
   2080000      6.794271      1.661329
   2100000      6.807750      1.688645
   2120000      6.891635      1.622675
   2140000      6.968337      1.539870
   2160000      7.000168      1.559941
   2180000      7.013677      1.610921
   2200000      7.031932      1.649895
   2220000      7.065423      1.666804
   2240000      7.065263      1.745457
   2260000      7.071683      1.800419
   2280000      7.077523      1.861234
   2300000      7.118054      1.871646
   2320000      7.135308      1.899429
   2340000      7.142671      1.921701
   2360000      7.224800      1.883643
   2380000      7.196188      1.989320
   2400000      7.204795      2.026368
   2420000      7.213356      2.060235
   2440000      7.221676      2.085331
   2460000      7.249866      2.116740
   2480000      7.264386      2.149817
   2500000      7.321195      2.133345
   2520000      7.188226      2.288538
   2540000      7.266954      2.282128
   2560000      7.262234      2.321393
   2580000      7.295797      2.326213
   2600000      7.259304      2.374346
   2620000      7.366865      2.359336
   2640000      7.364649      2.411509
   2660000      7.368072      2.445512
   2680000      7.354644      2.483749
   2700000      7.352178      2.503474
   2720000      7.323426      2.558655
   2740000      7.301771      2.590700
   2760000      7.262158      2.628457
   2780000      7.225637      2.658069
   2800000      7.179223      2.681288
   2820000      7.192029      2.699117
   2840000      7.164240      2.725557
   2860000      7.203861      2.763206
   2880000      7.321212      2.786325
   2900000      7.580311      2.752248
   2920000      7.570061      2.783556
   2940000      7.644636      2.776904
   2960000      7.676744      2.788395
   2980000      7.739139      2.768757
   3000000      7.775899      2.785768
   3020000      7.796811      2.798058
   3040000      7.826392      2.797868
   3060000      7.750287      2.917308
   3080000      7.767042      2.931138
   3100000      7.822225      2.926337
   3120000      7.876921      2.914840
   3140000      7.868362      2.979458
   3160000      7.863644      3.019715
   3180000      7.884742      3.046481
   3200000      7.877240      3.104827
   3220000      7.852500      3.168589
   3240000      7.843897      3.198908
   3260000      7.802914      3.246915
   3280000      7.941360      3.190217
   3300000      7.959389      3.223891
   3320000      7.922602      3.296584
   3340000      7.948760      3.290783
   3360000      7.957355      3.348653
   3380000      8.006278      3.354800
   3400000      7.964260      3.436043
   3420000      7.990698      3.456020
   3440000      7.877673      3.551645
   3460000      7.873401      3.583651
   3480000      7.845532      3.612995
   3500000      7.814387      3.647301
   3520000      7.808436      3.682951
   3540000      7.788904      3.699731
   3560000      7.840841      3.724734
   3580000      7.731052      3.727360
   3600000      7.801432      3.786835
   3620000      7.842026      3.819852
   3640000      7.861445      3.856619
   3660000      7.880341      3.884370
   3680000      7.764420      3.926508
   3700000      7.729676      3.953434
   3720000      7.777301      4.005214
   3740000      7.751799      4.035362
   3760000      7.787279      4.060104
   3780000      7.794028      4.088962
   3800000      7.805791      4.121785
   3820000      7.688165      4.143574
   3840000      7.589434      4.159941
   3860000      7.545997      4.155680
   3880000      7.551246      4.197913
   3900000      7.542299      4.227274
   3920000      7.621392      4.292527
   3940000      7.633868      4.316357
   3960000      7.637041      4.351308
   3980000      7.722137      4.377259
   4000000      7.697102      4.420954
   4020000      7.737572      4.452759
   4040000      7.681805      4.473484
   4060000      7.717565      4.514509
   4080000      7.700822      4.527160
   4100000      7.703801      4.582897
   4120000      7.656616      4.600769
   4140000      7.556938      4.604512
   4160000      7.572015      4.634617
   4180000      7.589019      4.680764
   4200000      7.579765      4.704473
   4220000      7.648600      4.754161
   4240000      7.687658      4.786602
   4260000      7.722751      4.807714
   4280000      7.597387      4.836848
   4300000      7.649880      4.869170
   4320000      7.671184      4.907352
   4340000      7.608186      4.935837
   4360000      7.626550      4.970689
   4380000      7.626452      4.991335
   4400000      7.585400      5.006750
   4420000      7.613566      5.051560
   4440000      7.577461      5.064781
   4460000      7.513038      5.079812
   4480000      7.552483      5.110777
   4500000      7.639847      5.167295
   4520000      7.601925      5.209776
   4540000      7.593562      5.242878
   4560000      7.533622      5.264552
   4580000      7.625593      5.301355
   4600000      7.526031      5.297670
   4620000      7.481115      5.315181
   4640000      7.433962      5.290744
   4660000      7.476229      5.364372
   4680000      7.453664      5.383943
   4700000      7.450456      5.413730
   4720000      7.436703      5.434227
   4740000      7.429867      5.464601
   4760000      7.399803      5.472640
   4780000      7.388830      5.497484
   4800000      7.336738      5.479149
   4820000      7.328520      5.498061
   4840000      7.374409      5.597382
   4860000      7.330185      5.604934
   4880000      7.265774      5.581628
   4900000      7.296790      5.658819
   4920000      7.283844      5.672445
   4940000      7.263791      5.682603
   4960000      7.164642      5.599257
   4980000      7.138420      5.595849
   5000000      7.314873      5.829880
   5020000      7.326191      5.875989
   5040000      7.421012      5.925319
   5060000      7.411805      5.961561
   5080000      7.497344      5.999735
   5100000      7.449325      6.030290
   5120000      7.425230      6.066132
   5140000      7.328571      6.091528
   5160000      7.443309      6.137187
   5180000      7.468284      6.156569
   5200000      7.335567      6.205157
   5220000      7.360978      6.235033
   5240000      7.407527      6.272728
   5260000      7.350835      6.300635
   5280000      7.260445      6.318416
   5300000      7.184090      6.327875
   5320000      7.183126      6.368008
   5340000      7.171661      6.397482
   5360000      7.205150      6.439404
   5380000      7.160621      6.462655
   5400000      7.115370      6.467788
   5420000      7.118505      6.513080
   5440000      7.044452      6.507031
   5460000      7.061022      6.550649
   5480000      6.977817      6.543073
   5500000      6.964317      6.565798
   5520000      6.815452      6.468893
   5540000      6.838605      6.545370
   5560000      6.910205      6.635057
   5580000      6.822896      6.590379
   5600000      6.910692      6.682411
   5620000      6.899673      6.728807
   5640000      6.904166      6.759957
   5660000      7.102646      6.869267
   5680000      7.007384      6.883887
   5700000      7.015654      6.918195
   5720000      7.011659      6.947993
   5740000      7.051052      6.981683
   5760000      7.019264      7.016097
   5780000      6.926864      7.032704
   5800000      6.911780      7.065672
   5820000      6.839786      7.046070
   5840000      7.024352      7.161313
   5860000      6.842257      7.136694
   5880000      6.957623      7.215457
   5900000      6.933363      7.242618
   5920000      6.943676      7.271071
   5940000      6.975812      7.297869
   5960000      7.007444      7.327877
   5980000      6.867945      7.339935
   6000000      6.855386      7.364704
   6020000      6.861952      7.395797
   6040000      6.878253      7.428325
   6060000      6.909074      7.471559
   6080000      6.923657      7.512040
   6100000      6.807744      7.512165
   6120000      6.797453      7.543110
   6140000      6.807968      7.583055
   6160000      6.776577      7.609425
   6180000      6.791252      7.635719
   6200000      6.612761      7.603926
   6220000      6.551868      7.594975
   6240000      6.505571      7.593058
   6260000      6.483985      7.631136
   6280000      6.431440      7.626902
   6300000      6.434621      7.696918
   6320000      6.440281      7.739703
   6340000      6.422671      7.740281
   6360000      6.440131      7.810794
   6380000      6.445332      7.842701
   6400000      6.428282      7.877734
   6420000      6.428396      7.914259
   6440000      6.282668      7.795216
   6460000      6.338357      7.910780
   6480000      6.319147      7.943533
   6500000      6.312359      7.975996
   6520000      6.225005      7.918286
   6540000      6.189022      7.945435
   6560000      6.182604      7.984741
   6580000      6.109036      7.930249
   6600000      6.091814      7.972913
   6620000      6.063505      7.990548
   6640000      6.026145      8.005143
   6660000      6.011128      8.027300
   6680000      5.990417      8.059398
   6700000      5.911065      8.005713
   6720000      5.878348      7.998596
   6740000      5.829511      7.942729
   6760000      5.794181      7.930434
   6780000      5.772660      7.972395
   6800000      5.737562      7.949255
   6820000      5.725012      7.990735
   6840000      5.682719      7.996606
   6860000      5.665577      8.012180
   6880000      5.625873      7.973671
   6900000      5.602343      8.029239
   6920000      5.579116      8.035947
   6940000      5.580799      8.099108
   6960000      5.528866      8.089132
   6980000      5.522822      8.154495
   7000000      5.496969      8.162667
   7020000      5.459481      8.164966
   7040000      5.428232      8.159041
   7060000      5.443402      8.225840
   7080000      5.404492      8.239661
   7100000      5.410767      8.339886
   7120000      5.403390      8.397202
   7140000      5.367283      8.407410
   7160000      5.324914      8.405705
   7180000      5.311612      8.433592
   7200000      5.312708      8.467629
   7220000      5.265330      8.449656
   7240000      5.214279      8.447386
   7260000      5.227938      8.508289
   7280000      5.260033      8.574370
   7300000      5.143515      8.502960
   7320000      5.123414      8.530548
   7340000      5.116961      8.577127
   7360000      4.980022      8.465606
   7380000      4.953222      8.479710
   7400000      4.906420      8.464784
   7420000      4.894598      8.530242
   7440000      4.888493      8.568218
   7460000      4.845746      8.578147
   7480000      4.819852      8.593499
   7500000      4.763996      8.535236
   7520000      4.755512      8.586206
   7540000      4.746879      8.630952
   7560000      4.715846      8.629552
   7580000      4.726241      8.696398
   7600000      4.694655      8.707107
   7620000      4.693258      8.741733
   7640000      4.685910      8.766030
   7660000      4.644026      8.759058
   7680000      4.615861      8.791472
   7700000      4.612916      8.838241
   7720000      4.538986      8.805184
   7740000      4.619442      8.945120
   7760000      4.634906      9.004372
   7780000      4.655172      9.055884
   7800000      4.622812      9.085438
   7820000      4.595655      9.102541
   7840000      4.536726      9.094115
   7860000      4.527428      9.115760
   7880000      4.522747      9.133529
   7900000      4.452635      9.094215
   7920000      4.413802      9.123514
   7940000      4.409873      9.173249
   7960000      4.425743      9.211651
   7980000      4.420804      9.236697
   8000000      4.438296      9.270018
   8020000      4.277870      9.209398
   8040000      4.317180      9.289688
   8060000      4.335895      9.360946
   8080000      4.286876      9.359969
   8100000      4.260109      9.382567
   8120000      4.306771      9.458869
   8140000      4.305133      9.486814
   8160000      4.286340      9.514887
   8180000      4.192769      9.476804
   8200000      4.247103      9.572049
   8220000      4.262883      9.605604
   8240000      4.258549      9.616625
   8260000      4.151006      9.596357
   8280000      4.153001      9.630696
   8300000      4.105783      9.627668
   8320000      4.067416      9.636164
   8340000      4.024486      9.638148
   8360000      4.006592      9.622395
   8380000      4.033430      9.713555
   8400000      4.018681      9.740303
   8420000      3.979859      9.723145
   8440000      3.975533      9.760215
   8460000      3.948391      9.751695
   8480000      3.958968      9.835638
   8500000      4.040483      9.947529
   8520000      4.012384      9.967072
   8540000      4.001876     10.007659
   8560000      3.980435     10.022819
   8580000      3.955241     10.043142
   8600000      4.036542     10.112035
   8620000      3.986463     10.131600
   8640000      3.842183     10.081947
   8660000      3.805671     10.089638
   8680000      3.772609     10.093691
   8700000      3.802848     10.170592
   8720000      3.757166     10.170916
   8740000      3.732635     10.188122
   8760000      3.691847     10.190066
   8780000      3.654022     10.192836
   8800000      3.636124     10.205729
   8820000      3.666991     10.292988
   8840000      3.626277     10.288872
   8860000      3.692930     10.386705
   8880000      3.726443     10.438749
   8900000      3.555612     10.406935
   8920000      3.517057     10.410131
   8940000      3.549366     10.476416
   8960000      3.527209     10.505074
   8980000      3.577661     10.555269
   9000000      3.527016     10.570302
   9020000      3.457290     10.570085
   9040000      3.378662     10.530829
   9060000      3.348877     10.552667
   9080000      3.282824     10.519482
   9100000      3.326634     10.619598
   9120000      3.327842     10.669554
   9140000      3.276052     10.666178
   9160000      3.255267     10.691031
   9180000      3.165162     10.634906
   9200000      3.148487     10.662842
   9220000      3.100611     10.646626
   9240000      3.043728     10.624402
   9260000      3.023368     10.639476
   9280000      3.001208     10.656623
   9300000      2.998810     10.682583
   9320000      2.973618     10.722584
   9340000      2.942659     10.731177
   9360000      2.915331     10.749438
   9380000      2.915082     10.769337
   9400000      2.864781     10.760896
   9420000      2.864509     10.822971
   9440000      2.852395     10.838336
   9460000      2.897580     10.904179
   9480000      2.868017     10.928646
   9500000      2.821814     10.934530
   9520000      2.761914     10.916326
   9540000      2.748172     10.927708
   9560000      2.770047     10.966825
   9580000      2.723284     10.966599
   9600000      2.770031     11.031617
   9620000      2.727738     11.049728
   9640000      2.720796     11.071073
   9660000      2.689071     11.088801
   9680000      2.699424     11.126715
   9700000      2.654247     11.133513
   9720000      2.781775     11.197189
   9740000      2.434655     10.998927
   9760000      2.325641     10.959537
   9780000      2.363096     11.089005
   9800000      2.330679     11.102712
   9820000      2.352244     11.148224
   9840000      2.264680     11.067457
   9860000      2.279910     11.189676
   9880000      2.248909     11.180314
   9900000      2.256064     11.251810
   9920000      2.228652     11.261683
   9940000      2.269226     11.334926
   9960000      2.103900     11.188837
   9980000      2.162029     11.357038
  10000000      2.151369     11.393492
