         0      4.000000      0.000000
     20000      4.062411     -0.030742
     40000      4.110310     -0.021175
     60000      4.171175     -0.141752
     80000      4.251415     -0.129876
    100000      4.318832     -0.123268
    120000      4.361189     -0.084171
    140000      4.425922     -0.057302
    160000      4.493462     -0.080159
    180000      4.553921     -0.067177
    200000      4.631232     -0.100803
    220000      4.705842     -0.182494
    240000      4.774925     -0.199205
    260000      4.840262     -0.336817
    280000      4.876336     -0.469548
    300000      4.913643     -0.535856
    320000      4.974468     -0.583307
    340000      5.003835     -0.675848
    360000      5.106482     -0.660280
    380000      5.138376     -0.713689
    400000      5.193370     -0.761446
    420000      5.208519     -0.847806
    440000      5.161519     -0.935746
    460000      5.218464     -0.977199
    480000      5.335054     -1.019384
    500000      5.308482     -1.093134
    520000      5.468586     -1.071492
    540000      5.404292     -1.203175
    560000      5.479805     -1.226716
    580000      5.557333     -1.263402
    600000      5.564855     -1.353808
    620000      5.799712     -1.219163
    640000      5.890843     -1.140543
    660000      5.942072     -1.167149
    680000      6.031359     -1.168932
    700000      6.072935     -1.284279
    720000      6.078971     -1.391191
    740000      6.136130     -1.432924
    760000      6.205523     -1.433063
    780000      6.377379     -1.243110
    800000      6.465394     -1.241070
    820000      6.516332     -1.315848
    840000      6.592338     -1.086819
    860000      6.625549     -1.025339
    880000      6.717541     -1.052010
    900000      6.780740     -1.028112
    920000      6.861808     -1.061180
    940000      6.914058     -0.993870
    960000      6.981517     -0.982990
    980000      7.002376     -0.911552
   1000000      7.050184     -0.859619
   1020000      7.079822     -0.796235
   1040000      7.164276     -0.804968
   1060000      7.229676     -0.730538
   1080000      7.253535     -0.646013
   1100000      7.325133     -0.635231
   1120000      7.501881     -0.780158
   1140000      7.573693     -0.770089
   1160000      7.624360     -0.700419
   1180000      7.738506     -0.771392
   1200000      7.797506     -0.784078
   1220000      7.861698     -0.764662
   1240000      7.942505     -0.793587
   1260000      8.018115     -0.890134
   1280000      8.013942     -0.638167
   1300000      8.079530     -0.584977
   1320000      8.129772     -0.590323
   1340000      8.189247     -0.474066
   1360000      8.259948     -0.463744
   1380000      8.357740     -0.485758
   1400000      8.413935     -0.436829
   1420000      8.465348     -0.401349
   1440000      8.542884     -0.384943
   1460000      8.635396     -0.589304
   1480000      8.678697     -0.681898
   1500000      8.771662     -0.669639
   1520000      8.820607     -0.732604
   1540000      8.886246     -0.790330
   1560000      8.934357     -0.833010
   1580000      9.021431     -0.827689
   1600000      9.040049     -0.914178
   1620000      9.090237     -0.932658
   1640000      9.258498     -0.773121
   1660000      9.322042     -0.795587
   1680000      9.384729     -0.811465
   1700000      9.456866     -0.795684
   1720000      9.480258     -0.984718
   1740000      9.561204     -1.031105
   1760000      9.601272     -1.083523
   1780000      9.682579     -1.070309
   1800000      9.750390     -1.063815
   1820000      9.786230     -1.146531
   1840000      9.846465     -1.189186
   1860000      9.876428     -1.241800
   1880000      9.972921     -1.205881
   1900000     10.070729     -1.153248
   1920000     10.119121     -1.186775
   1940000     10.203972     -1.140729
   1960000     10.253247     -1.111244
   1980000     10.325956     -1.097641
   2000000     10.390807     -1.013105
   2020000     10.439691     -1.064549
   2040000     10.501962     -1.186082
   2060000     10.596480     -1.140387
   2080000     10.641050     -0.979787
   2100000     10.728714     -1.062308
   2120000     10.791360     -0.993424
   2140000     10.860302     -1.034978
   2160000     10.908645     -0.991618
   2180000     10.939003     -0.891673
   2200000     10.981634     -0.834918
   2220000     11.005197     -0.730181
   2240000     11.156472     -0.861110
   2260000     11.198206     -0.912403
   2280000     11.265872     -0.931518
   2300000     11.346453     -0.942675
   2320000     11.437933     -0.934466
   2340000     11.509245     -0.892970
   2360000     11.526505     -0.709262
   2380000     11.596390     -0.663240
   2400000     11.695042     -0.725247
   2420000     11.757003     -0.753325
   2440000     11.839386     -0.738769
   2460000     11.874662     -0.646788
   2480000     11.964501     -0.683727
   2500000     12.022836     -0.601137
   2520000     12.031086     -0.495195
   2540000     12.071292     -0.432717
   2560000     12.157297     -0.401042
   2580000     12.178095     -0.283543
   2600000     12.266468     -0.307088
   2620000     12.336365     -0.254000
   2640000     12.401190     -0.234294
   2660000     12.439278     -0.191921
   2680000     12.521488     -0.204792
   2700000     12.640919     -0.325276
   2720000     12.694154     -0.230598
   2740000     12.775022     -0.300113
   2760000     12.838126     -0.244355
   2780000     12.809111      0.034299
   2800000     12.883651      0.043457
   2820000     13.087402     -0.223902
   2840000     13.151542     -0.160299
   2860000     13.204381     -0.135768
   2880000     13.317907     -0.211629
   2900000     13.392406     -0.189441
   2920000     13.471470     -0.287498
   2940000     13.551154     -0.271100
   2960000     13.619938     -0.297462
   2980000     13.672843     -0.263275
   3000000     13.736295     -0.235794
   3020000     13.814458     -0.270701
   3040000     13.861799     -0.246271
   3060000     13.868618     -0.162852
   3080000     13.929964     -0.150835
   3100000     14.058119     -0.199128
   3120000     14.126855     -0.146580
   3140000     14.213422     -0.188815
   3160000     14.243607     -0.084620
   3180000     14.307150     -0.089229
   3200000     14.359032     -0.059743
   3220000     14.409132     -0.027789
   3240000     14.380325      0.095614
   3260000     14.430697      0.153040
   3280000     14.503736      0.183152
   3300000     14.464961      0.315478
   3320000     14.630146      0.258584
   3340000     14.629817      0.349744
   3360000     14.710343      0.348792
   3380000     14.776660      0.352450
   3400000     14.902690      0.233763
   3420000     14.955824      0.274744
   3440000     15.024338      0.200248
   3460000     15.088246      0.165110
   3480000     15.162156      0.193851
   3500000     15.216383      0.200411
   3520000     15.272735      0.323438
   3540000     15.337682      0.254417
   3560000     15.410940      0.316761
   3580000     15.465296      0.379693
   3600000     15.525639      0.308806
   3620000     15.565118      0.279883
   3640000     15.638223      0.336902
   3660000     15.696472      0.226435
   3680000     15.735242      0.163436
   3700000     15.805286      0.155966
   3720000     15.888053      0.226186
   3740000     15.931995      0.335465
   3760000     15.996961      0.372489
   3780000     16.057032      0.419532
   3800000     16.123738      0.476796
   3820000     16.184215      0.530533
   3840000     16.200944      0.604562
   3860000     16.282337      0.626020
   3880000     16.353510      0.645941
   3900000     16.425601      0.629020
   3920000     16.480740      0.554135
   3940000     16.534975      0.615620
   3960000     16.612569      0.686549
   3980000     16.692587      0.640618
   4000000     16.729474      0.786885
   4020000     16.748209      0.847578
   4040000     16.891285      0.783486
   4060000     16.917319      0.897930
   4080000     16.948020      0.942733
   4100000     16.995068      0.965040
   4120000     16.982060      1.016335
   4140000     17.008783      1.074088
   4160000     17.009336      1.130073
   4180000     17.045450      1.224694
   4200000     17.111387      1.280889
   4220000     17.059763      1.371118
   4240000     17.122524      1.418977
   4260000     17.094680      1.505705
   4280000     17.043429      1.579543
   4300000     17.144559      1.628319
   4320000     17.205691      1.687780
   4340000     17.337440      1.671442
   4360000     17.381785      1.729743
   4380000     17.293358      1.864721
   4400000     17.343901      1.908598
   4420000     17.396315      1.957599
   4440000     17.467849      1.958513
   4460000     17.617058      1.972625
   4480000     17.607890      2.053902
   4500000     17.728598      2.025412
   4520000     17.915312      1.780099
   4540000     17.978822      1.798729
   4560000     18.016665      1.877869
   4580000     18.073630      1.908020
   4600000     18.176458      1.809133
   4620000     18.256980      1.708095
   4640000     18.318729      1.687663
   4660000     18.364292      1.627839
   4680000     18.383161      1.574244
   4700000     18.422554      1.540415
   4720000     18.569214      1.665060
   4740000     18.635376      1.697000
   4760000     18.702401      1.710650
   4780000     18.765040      1.776502
   4800000     18.838082      1.869802
   4820000     18.886233      1.959999
   4840000     18.971735      1.811132
   4860000     19.030138      1.793738
   4880000     19.081968      1.865945
   4900000     19.151755      1.895569
   4920000     19.228067      1.832184
   4940000     19.288753      1.828570
   4960000     19.352145      1.695298
   4980000     19.419743      1.615395
   5000000     19.507014      1.642814
   5020000     19.550625      1.604456
   5040000     19.619161      1.614586
   5060000     19.686238      1.594508
   5080000     19.749030      1.548757
   5100000     19.790917      1.548080
   5120000     19.913222      1.878409
   5140000     20.014037      1.730745
   5160000     20.074102      1.730987
   5180000     20.146785      1.586615
   5200000     20.225434      1.691522
   5220000     20.282995      1.594437
   5240000     20.377264      1.629620
   5260000     20.390332      1.486528
   5280000     20.444739      1.462504
   5300000     20.517407      1.456356
   5320000     20.602985      1.496879
   5340000     20.677822      1.529257
   5360000     20.709248      1.474707
   5380000     20.818930      1.541330
   5400000     20.829383      1.373264
   5420000     20.869685      1.302593
   5440000     21.028851      1.494744
   5460000     21.078055      1.530995
   5480000     21.141104      1.464417
   5500000     21.208771      1.447794
   5520000     21.249236      1.340109
   5540000     21.249012      1.120962
   5560000     21.266038      1.040800
   5580000     21.348806      1.042300
   5600000     21.468804      1.158337
   5620000     21.502628      1.034145
   5640000     21.589174      1.025506
   5660000     21.665357      1.067625
   5680000     21.709894      0.985888
   5700000     21.776308      1.038344
   5720000     21.838580      1.063609
   5740000     21.906099      1.042613
   5760000     21.985454      1.081810
   5780000     22.052593      0.902897
   5800000     22.110108      0.906923
   5820000     22.168907      0.976746
   5840000     22.233659      0.943783
   5860000     22.311716      0.828738
   5880000     22.400968      0.846159
   5900000     22.478900      0.848043
   5920000     22.510182      0.705564
   5940000     22.605008      0.737276
   5960000     22.698860      0.796483
   5980000     22.729565      0.698492
   6000000     22.800928      0.681961
