         0      4.000000      0.000000
     20000      4.051851      0.058034
     40000      4.108354      0.006712
     60000      4.167505      0.093650
     80000      4.250908      0.115494
    100000      4.304445      0.080469
    120000      4.370369     -0.002664
    140000      4.448348     -0.047554
    160000      4.502317     -0.152922
    180000      4.564052     -0.198301
    200000      4.633510     -0.188607
    220000      4.755380     -0.054532
    240000      4.816328     -0.208854
    260000      4.893039     -0.160253
    280000      4.931495     -0.267029
    300000      5.027540     -0.243441
    320000      5.067818     -0.284414
    340000      5.134212     -0.221320
    360000      5.204626     -0.163496
    380000      5.170940     -0.523961
    400000      5.233526     -0.532805
    420000      5.278899     -0.615967
    440000      5.430255     -0.475670
    460000      5.518734     -0.432295
    480000      5.491644     -0.662764
    500000      5.617560     -0.617845
    520000      5.667428     -0.683801
    540000      5.727421     -0.710582
    560000      5.827896     -0.591083
    580000      5.898436     -0.627334
    600000      6.015084     -0.500024
    620000      6.073394     -0.548098
    640000      6.141377     -0.480701
    660000      6.201459     -0.537142
    680000      6.238337     -0.724792
    700000      6.393390     -0.516851
    720000      6.455268     -0.544387
    740000      6.507438     -0.577501
    760000      6.585508     -0.577487
    780000      6.688718     -0.482213
    800000      6.764307     -0.437199
    820000      6.829135     -0.354643
    840000      6.884602     -0.342142
    860000      6.934620     -0.630353
    880000      7.021725     -0.613966
    900000      7.084045     -0.593781
    920000      7.138382     -0.630218
    940000      7.241078     -0.515454
    960000      7.311565     -0.533060
    980000      7.367631     -0.529185
   1000000      7.432497     -0.469318
   1020000      7.479676     -0.373072
   1040000      7.562029     -0.500671
   1060000      7.632512     -0.689070
   1080000      7.647941     -0.298850
   1100000      7.697636     -0.236062
   1120000      7.714513     -0.089094
   1140000      7.810627     -0.078518
   1160000      7.910868     -0.076935
   1180000      7.926089      0.025508
   1200000      7.908507      0.191233
   1220000      7.924207      0.254354
   1240000      8.068241      0.160413
   1260000      8.129078      0.250695
   1280000      8.167221      0.302059
   1300000      8.192167      0.374191
   1320000      8.262810      0.327341
   1340000      8.288102      0.425329
   1360000      8.273891      0.586717
   1380000      8.374906      0.581314
   1400000      8.402385      0.671420
   1420000      8.382767      0.780879
   1440000      8.452306      0.786521
   1460000      8.371251      0.952922
   1480000      8.409195      1.011750
   1500000      8.499191      1.069110
   1520000      8.586986      1.072194
   1540000      8.561337      1.178584
   1560000      8.605716      1.228495
   1580000      8.665408      1.254366
   1600000      8.639789      1.350428
   1620000      8.555060      1.456056
   1640000      8.619108      1.502715
   1660000      8.662481      1.549563
   1680000      8.603147      1.628007
   1700000      8.637127      1.695878
   1720000      8.482375      1.747920
   1740000      8.592041      1.790904
   1760000      8.567723      1.849684
   1780000      8.634563      1.939136
   1800000      8.661012      1.985897
   1820000      8.747023      2.055047
   1840000      8.705917      2.135635
   1860000      8.783048      2.202836
   1880000      8.803147      2.251519
   1900000      8.706807      2.320614
   1920000      8.594992      2.354725
   1940000      8.655450      2.409937
   1960000      8.669119      2.477706
   1980000      8.764056      2.540673
   2000000      8.672445      2.617224
   2020000      8.737396      2.675049
   2040000      8.676956      2.748467
   2060000      8.618327      2.814067
   2080000      8.791062      2.878388
   2100000      8.836627      2.930163
   2120000      8.991660      2.960241
   2140000      9.043007      3.004366
   2160000      8.991639      3.115019
   2180000      9.092614      3.133142
   2200000      9.237953      3.112086
   2220000      9.320747      3.141811
   2240000      9.289648      3.233764
   2260000      9.202803      3.341564
   2280000      9.212197      3.387145
   2300000      9.228848      3.459887
   2320000      9.164660      3.534295
   2340000      8.901496      3.771621
   2360000      8.635978      3.855522
   2380000      8.443666      3.951040
   2400000      8.361988      4.010696
   2420000      8.330603      4.078045
   2440000      8.318582      4.135537
   2460000      8.279816      4.176611
   2480000      8.237626      4.219067
   2500000      8.292144      4.313164
   2520000      8.234088      4.372574
   2540000      8.202884      4.432719
   2560000      8.265915      4.506847
   2580000      8.051790      4.487093
   2600000      8.098005      4.575638
   2620000      7.979546      4.596032
   2640000      7.924189      4.632369
   2660000      7.908345      4.699020
   2680000      7.818537      4.708130
   2700000      7.907679      4.840726
   2720000      7.832225      4.876090
   2740000      7.852688      4.959960
   2760000      7.884471      5.067075
   2780000      8.015667      5.160083
   2800000      7.980765      5.217900
   2820000      7.939716      5.276083
   2840000      7.708171      5.250364
   2860000      7.642272      5.275190
   2880000      7.628597      5.354516
   2900000      7.599027      5.418839
   2920000      7.798660      5.604972
   2940000      8.056951      5.675490
   2960000      8.146621      5.708288
   2980000      8.273670      5.693878
   3000000      8.186450      5.802948
   3020000      8.185759      5.861497
   3040000      8.206249      5.929065
   3060000      8.354272      5.962233
   3080000      8.403002      6.005702
   3100000      8.355438      6.116702
   3120000      8.409190      6.189196
   3140000      8.285509      6.284041
   3160000      8.641414      6.210422
   3180000      8.709807      6.189675
   3200000      9.069108      5.904089
   3220000      9.160441      5.893667
   3240000      9.146819      6.006646
   3260000      9.088732      6.204009
   3280000      8.718025      6.601133
   3300000      8.740579      6.670543
   3320000      8.719707      6.739140
   3340000      8.940344      6.667637
   3360000      9.089540      6.622667
   3380000      9.231433      6.523012
   3400000      9.285665      6.593249
   3420000      9.398733      6.511354
   3440000      9.468895      6.522922
   3460000      9.548680      6.507887
   3480000      9.615715      6.526190
   3500000      9.651856      6.591466
   3520000      9.721165      6.645247
   3540000      9.765277      6.580007
   3560000      9.838338      6.743474
   3580000      9.915911      6.726426
   3600000      9.985247      6.676271
   3620000     10.044809      6.706244
   3640000     10.050010      6.686037
   3660000     10.098615      6.400285
   3680000     10.141970      6.376882
   3700000     10.209248      6.387204
   3720000     10.254726      6.361491
   3740000     10.407478      6.571259
   3760000     10.477916      6.525312
   3780000     10.540887      6.532313
   3800000     10.581769      6.479626
   3820000     10.675148      6.554702
   3840000     10.723774      6.582477
   3860000     10.791488      6.633330
   3880000     10.839781      6.704229
   3900000     10.912609      6.592128
   3920000     10.980329      6.623970
   3940000     11.060248      6.609469
   3960000     11.109321      6.674149
   3980000     11.169386      6.519566
   4000000     11.261502      6.602160
   4020000     11.323375      6.642078
   4040000     11.401769      6.530045
   4060000     11.425088      6.418085
   4080000     11.509935      6.814657
   4100000     11.566501      6.830943
   4120000     11.663506      6.773618
   4140000     11.736324      6.525985
   4160000     11.824575      6.525824
   4180000     11.885221      6.543896
   4200000     11.947245      6.576021
   4220000     12.011252      6.496819
   4240000     12.094527      6.565625
   4260000     12.157837      6.617877
   4280000     12.252438      6.688903
   4300000     12.321150      6.614379
   4320000     12.381514      6.590252
   4340000     12.453584      6.614083
   4360000     12.522842      6.640748
   4380000     12.567022      6.700341
   4400000     12.653970      6.589203
   4420000     12.696983      6.576397
   4440000     12.737722      6.501446
   4460000     12.836894      6.599424
   4480000     12.872587      6.641770
   4500000     12.915892      6.676321
   4520000     12.993886      6.679669
   4540000     13.040999      6.735495
   4560000     13.148642      6.407871
   4580000     13.145500      6.758435
   4600000     13.270515      6.575014
   4620000     13.307589      6.580085
   4640000     13.369659      6.796280
   4660000     13.468250      6.629262
   4680000     13.538866      6.584319
   4700000     13.595442      6.597433
   4720000     13.672469      6.686239
   4740000     13.734233      6.717461
   4760000     13.758099      6.904582
   4780000     13.816780      6.916249
   4800000     13.856516      7.015508
   4820000     13.901266      7.064262
   4840000     13.898727      7.179420
   4860000     13.993821      7.198787
   4880000     14.178958      7.014406
   4900000     14.224849      7.092646
   4920000     14.279896      7.108127
   4940000     14.347467      7.128542
   4960000     14.347041      7.255856
   4980000     14.312098      7.366271
   5000000     14.372960      7.391920
   5020000     14.387218      7.425456
   5040000     14.519526      7.426883
   5060000     14.562475      7.461880
   5080000     14.469328      7.617226
   5100000     14.575487      7.632006
   5120000     14.660620      7.631405
   5140000     14.719006      7.664847
   5160000     14.759952      7.702085
   5180000     14.801398      7.756384
   5200000     14.954534      7.727509
   5220000     15.021367      7.753116
   5240000     15.105811      7.763482
   5260000     15.062694      7.903664
   5280000     15.135746      7.937358
   5300000     15.140543      8.000342
   5320000     14.951562      8.122201
   5340000     15.257507      8.073288
   5360000     15.211590      8.185584
   5380000     15.283455      8.237292
   5400000     15.009168      8.464060
   5420000     15.068045      8.528608
   5440000     15.065700      8.600796
   5460000     15.088835      8.663795
   5480000     14.988870      8.732075
   5500000     14.933588      8.811194
   5520000     14.951993      8.878140
   5540000     15.123296      8.938216
   5560000     14.958693      9.006750
   5580000     14.969799      9.099666
   5600000     14.872358      9.140044
   5620000     14.929549      9.227179
   5640000     14.927903      9.302362
   5660000     14.855875      9.360130
   5680000     15.010100      9.446609
   5700000     14.897360      9.510153
   5720000     14.983670      9.597015
   5740000     15.152402      9.651353
   5760000     14.778525      9.688557
   5780000     14.759347      9.753991
   5800000     14.728503      9.826013
   5820000     14.694757      9.866135
   5840000     14.731966      9.964543
   5860000     14.792442     10.062794
   5880000     14.777321     10.133562
   5900000     14.815693     10.223458
   5920000     14.890570     10.294930
   5940000     14.967387     10.365191
   5960000     14.958293     10.441433
   5980000     15.066643     10.502590
   6000000     15.057344     10.568725
