         0      4.000000      0.000000
     20000      4.003255      0.037880
     40000      4.017583      0.025266
     60000      4.028608      0.019985
     80000      4.038348      0.002268
    100000      4.049472      0.029850
    120000      4.071790      0.034083
    140000      4.083401      0.029428
    160000      4.100841      0.037579
    180000      4.115201      0.024145
    200000      4.125585      0.039067
    220000      4.136557      0.062071
    240000      4.145382      0.078339
    260000      4.186067     -0.014820
    280000      4.197547     -0.016246
    300000      4.217757     -0.031336
    320000      4.231075     -0.028673
    340000      4.253170      0.007986
    360000      4.268152      0.003177
    380000      4.286664      0.026397
    400000      4.301253      0.005904
    420000      4.310189      0.023442
    440000      4.330003      0.019739
    460000      4.347371      0.021500
    480000      4.344480      0.060593
    500000      4.358206      0.061997
    520000      4.343994      0.116180
    540000      4.373548      0.098554
    560000      4.380102      0.130769
    580000      4.378081      0.162995
    600000      4.379376      0.181082
    620000      4.383400      0.195237
    640000      4.403807      0.196673
    660000      4.413830      0.194986
    680000      4.419442      0.218670
    700000      4.427755      0.223833
    720000      4.434563      0.237526
    740000      4.436743      0.253001
    760000      4.482895      0.268678
    780000      4.487592      0.289905
    800000      4.552970      0.262567
    820000      4.509306      0.336243
    840000      4.513118      0.349556
    860000      4.537240      0.347000
    880000      4.598980      0.292396
    900000      4.573987      0.352664
    920000      4.584836      0.366123
    940000      4.591823      0.375279
    960000      4.657608      0.340029
    980000      4.681790      0.325583
   1000000      4.676746      0.348593
   1020000      4.645167      0.404353
   1040000      4.697548      0.389122
   1060000      4.693978      0.405809
   1080000      4.688928      0.438654
   1100000      4.692616      0.465759
   1120000      4.713259      0.467781
   1140000      4.736629      0.464211
   1160000      4.749028      0.459716
   1180000      4.744752      0.494414
   1200000      4.769264      0.512241
   1220000      4.776419      0.527886
   1240000      4.786506      0.540544
   1260000      4.767607      0.591353
   1280000      4.747138      0.625219
   1300000      4.781666      0.626090
   1320000      4.801495      0.642662
   1340000      4.805688      0.654093
   1360000      4.846690      0.632441
   1380000      4.787485      0.709149
   1400000      4.863451      0.650895
   1420000      4.884341      0.643803
   1440000      4.919590      0.608277
   1460000      4.933907      0.645320
   1480000      4.961739      0.628067
   1500000      4.953129      0.700087
   1520000      4.967057      0.715449
   1540000      4.967910      0.739842
   1560000      5.007863      0.715378
   1580000      5.004717      0.759981
   1600000      5.015151      0.764169
   1620000      5.045920      0.741327
   1640000      4.982355      0.840214
   1660000      4.998341      0.854718
   1680000      5.012665      0.861564
   1700000      5.028953      0.870001
   1720000      5.042617      0.877955
   1740000      5.055493      0.882290
   1760000      5.067218      0.886635
   1780000      5.071288      0.906826
   1800000      5.080483      0.912247
   1820000      5.083658      0.926552
   1840000      5.096159      0.932047
   1860000      5.109517      0.931698
   1880000      5.125965      0.940187
   1900000      5.145062      0.952761
   1920000      5.164414      0.953825
   1940000      5.175896      0.964241
   1960000      5.228484      0.910062
   1980000      5.239723      0.921584
   2000000      5.259102      0.929214
   2020000      5.227140      1.008310
   2040000      5.236620      1.016699
   2060000      5.290011      0.993822
   2080000      5.323139      0.975582
   2100000      5.341759      0.981090
   2120000      5.300028      1.043666
   2140000      5.326069      1.046934
   2160000      5.323500      1.063782
   2180000      5.345113      1.066926
   2200000      5.366354      1.068673
   2220000      5.393563      1.070932
   2240000      5.401263      1.088706
   2260000      5.439727      1.055576
   2280000      5.455414      1.060216
   2300000      5.462603      1.078256
   2320000      5.471321      1.082464
   2340000      5.479939      1.105523
   2360000      5.482541      1.125407
   2380000      5.494802      1.131890
   2400000      5.492925      1.139706
   2420000      5.510982      1.160320
   2440000      5.497524      1.185330
   2460000      5.532766      1.173723
   2480000      5.594855      1.122492
   2500000      5.595613      1.152641
   2520000      5.617163      1.144033
   2540000      5.557067      1.272578
   2560000      5.579044      1.280715
   2580000      5.569251      1.300905
   2600000      5.562513      1.326758
   2620000      5.573475      1.329644
   2640000      5.568574      1.338775
   2660000      5.562727      1.359046
   2680000      5.559936      1.374530
   2700000      5.550040      1.386492
   2720000      5.674105      1.338566
   2740000      5.769226      1.261106
   2760000      5.772800      1.291039
   2780000      5.794993      1.284701
   2800000      5.808964      1.290768
   2820000      5.822160      1.291023
   2840000      5.830138      1.306066
   2860000      5.834284      1.324477
   2880000      5.863005      1.315057
   2900000      5.873549      1.317548
   2920000      5.880302      1.336891
   2940000      5.893003      1.343423
   2960000      5.911795      1.352804
   2980000      5.814630      1.476614
   3000000      5.831846      1.483043
   3020000      5.877860      1.485960
   3040000      5.877871      1.497320
   3060000      5.888433      1.522734
   3080000      5.889987      1.523053
   3100000      5.865858      1.542825
   3120000      5.849372      1.557799
   3140000      5.863302      1.575547
   3160000      6.007223      1.526501
   3180000      6.050014      1.508443
   3200000      6.055533      1.525233
   3220000      6.058942      1.539038
   3240000      6.072795      1.546855
   3260000      6.059247      1.572554
   3280000      6.082914      1.578927
   3300000      6.086452      1.585577
   3320000      6.123306      1.583597
   3340000      6.113481      1.613512
   3360000      6.135264      1.620901
   3380000      6.187970      1.599402
   3400000      6.206091      1.604795
   3420000      6.213300      1.625501
   3440000      6.243794      1.592232
   3460000      6.252012      1.628079
   3480000      6.254844      1.663427
   3500000      6.253551      1.685368
   3520000      6.264215      1.690791
   3540000      6.295103      1.680907
   3560000      6.307493      1.689974
   3580000      6.327350      1.678781
   3600000      6.343966      1.676996
   3620000      6.330438      1.746575
   3640000      6.307074      1.794539
   3660000      6.321271      1.795665
   3680000      6.323292      1.816204
   3700000      6.369503      1.794383
   3720000      6.375716      1.812351
   3740000      6.390786      1.813118
   3760000      6.424396      1.783572
   3780000      6.354991      1.889862
   3800000      6.348533      1.908131
   3820000      6.450875      1.847027
   3840000      6.493488      1.796232
   3860000      6.515083      1.799866
   3880000      6.489330      1.851885
   3900000      6.514588      1.844991
   3920000      6.489963      1.909791
   3940000      6.502128      1.910033
   3960000      6.509944      1.930232
   3980000      6.521254      1.946724
   4000000      6.470206      2.006418
   4020000      6.482446      2.021770
   4040000      6.523919      2.011814
   4060000      6.543369      2.012467
   4080000      6.537647      2.036854
   4100000      6.564566      2.034603
   4120000      6.590791      2.036239
   4140000      6.591612      2.052762
   4160000      6.610874      2.052677
   4180000      6.640567      2.034858
   4200000      6.651954      2.036850
   4220000      6.669233      2.067118
   4240000      6.681150      2.067648
   4260000      6.687073      2.086643
   4280000      6.698310      2.101217
   4300000      6.693525      2.122149
   4320000      6.695890      2.129166
   4340000      6.700895      2.133467
   4360000      6.710396      2.148220
   4380000      6.688120      2.176422
   4400000      6.687303      2.200128
   4420000      6.704999      2.207191
   4440000      6.710428      2.213115
   4460000      6.694593      2.236104
   4480000      6.746553      2.239090
   4500000      6.779543      2.234343
   4520000      6.804877      2.228087
   4540000      6.835078      2.236066
   4560000      6.865403      2.235285
   4580000      6.867848      2.260030
   4600000      6.874930      2.276603
   4620000      6.880872      2.288606
   4640000      6.896578      2.289285
   4660000      6.922669      2.301355
   4680000      6.921187      2.332975
   4700000      6.872431      2.423581
   4720000      6.897198      2.411953
   4740000      6.900153      2.424730
   4760000      6.869705      2.471825
   4780000      6.874958      2.482976
   4800000      6.896168      2.484948
   4820000      6.905049      2.488768
   4840000      6.911563      2.511712
   4860000      6.941949      2.507725
   4880000      6.957408      2.505648
   4900000      6.986733      2.487973
   4920000      6.997520      2.509708
   4940000      6.985822      2.557952
   4960000      7.006720      2.547409
   4980000      7.015679      2.547356
   5000000      7.039130      2.541100
   5020000      7.055638      2.545579
   5040000      7.061831      2.559451
   5060000      7.076749      2.581403
   5080000      7.087100      2.601587
   5100000      7.116860      2.567265
   5120000      7.141695      2.562739
   5140000      7.158227      2.555034
   5160000      7.181872      2.556792
   5180000      7.187154      2.567734
   5200000      7.193620      2.593448
   5220000      7.202101      2.598319
   5240000      7.224384      2.601761
   5260000      7.272034      2.544863
   5280000      7.293874      2.535376
   5300000      7.303265      2.548334
   5320000      7.317734      2.558534
   5340000      7.318599      2.582527
   5360000      7.344099      2.555141
   5380000      7.363643      2.564326
   5400000      7.377238      2.554830
   5420000      7.383096      2.551566
   5440000      7.400043      2.557006
   5460000      7.419836      2.553553
   5480000      7.434662      2.545628
   5500000      7.446436      2.515091
   5520000      7.467925      2.513317
   5540000      7.485837      2.510557
   5560000      7.495410      2.453763
   5580000      7.503532      2.453503
   5600000      7.527016      2.454969
   5620000      7.545457      2.584199
   5640000      7.561446      2.587180
   5660000      7.582857      2.548196
   5680000      7.589922      2.607472
   5700000      7.613907      2.607525
   5720000      7.633712      2.594444
   5740000      7.641875      2.618702
   5760000      7.639950      2.640912
   5780000      7.657893      2.624995
   5800000      7.674598      2.604543
   5820000      7.694916      2.575173
   5840000      7.708256      2.560481
   5860000      7.721343      2.566626
   5880000      7.729878      2.556726
   5900000      7.740552      2.547702
   5920000      7.755147      2.570744
   5940000      7.779263      2.576088
   5960000      7.794737      2.570444
   5980000      7.798972      2.572865
   6000000      7.814819      2.568723
   6020000      7.836903      2.577145
   6040000      7.851353      2.580737
   6060000      7.873158      2.591758
   6080000      7.876635      2.628031
   6100000      7.890006      2.633050
   6120000      7.898815      2.649755
   6140000      7.891879      2.682089
   6160000      7.904019      2.693038
   6180000      7.900839      2.705283
   6200000      7.937044      2.685044
   6220000      7.969258      2.659998
   6240000      8.001961      2.629956
   6260000      8.017576      2.637433
   6280000      8.023211      2.661674
   6300000      8.032155      2.659445
   6320000      8.070545      2.616969
   6340000      8.091958      2.580283
   6360000      8.102570      2.578826
   6380000      8.120526      2.604888
   6400000      8.132333      2.614423
   6420000      8.144087      2.614228
   6440000      8.155926      2.610133
   6460000      8.172281      2.627228
   6480000      8.187115      2.610789
   6500000      8.200356      2.616446
   6520000      8.200890      2.666535
   6540000      8.218523      2.655858
   6560000      8.229487      2.663213
   6580000      8.241491      2.661538
   6600000      8.258753      2.639715
   6620000      8.271932      2.631313
   6640000      8.272379      2.709924
   6660000      8.303073      2.682233
   6680000      8.325302      2.663452
   6700000      8.333617      2.634811
   6720000      8.343945      2.613040
   6740000      8.346436      2.579578
   6760000      8.373493      2.635913
   6780000      8.380194      2.599956
   6800000      8.398718      2.734172
   6820000      8.416950      2.738971
   6840000      8.427071      2.745307
   6860000      8.432744      2.756651
   6880000      8.442108      2.752878
   6900000      8.473157      2.652844
   6920000      8.492869      2.623604
   6940000      8.511508      2.610727
   6960000      8.519663      2.581948
   6980000      8.537733      2.572065
   7000000      8.553221      2.582943
   7020000      8.563563      2.569241
   7040000      8.566638      2.537251
   7060000      8.588442      2.568677
   7080000      8.598482      2.566478
   7100000      8.613427      2.545289
   7120000      8.626194      2.541151
   7140000      8.644302      2.543231
   7160000      8.652951      2.533466
   7180000      8.666592      2.539087
   7200000      8.683805      2.535421
   7220000      8.700693      2.556670
   7240000      8.722218      2.549949
   7260000      8.735658      2.631944
   7280000      8.746859      2.646906
   7300000      8.752071      2.471804
   7320000      8.774193      2.501447
   7340000      8.791655      2.508956
   7360000      8.807852      2.531767
   7380000      8.823189      2.538749
   7400000      8.832147      2.535242
   7420000      8.860594      2.543273
   7440000      8.883904      2.515224
   7460000      8.894136      2.529577
   7480000      8.912959      2.539686
   7500000      8.922445      2.494743
   7520000      8.928880      2.469325
   7540000      8.957526      2.503698
   7560000      8.975328      2.522682
   7580000      8.971804      2.456315
   7600000      8.985722      2.436966
   7620000      8.986384      2.404150
   7640000      8.999319      2.397470
   7660000      8.993432      2.370656
   7680000      8.982216      2.327997
   7700000      8.999976      2.325178
   7720000      9.003703      2.311448
   7740000      9.026568      2.323852
   7760000      9.096997      2.414306
   7780000      9.121447      2.460222
   7800000      9.139258      2.459173
   7820000      9.154337      2.451341
   7840000      9.161873      2.437548
   7860000      9.164849      2.454478
   7880000      9.190875      2.434528
   7900000      9.206855      2.323420
   7920000      9.220087      2.321698
   7940000      9.233542      2.325371
   7960000      9.236043      2.316039
   7980000      9.249656      2.300440
   8000000      9.299234      2.385378
   8020000      9.318393      2.397671
   8040000      9.316716      2.360661
   8060000      9.326844      2.351545
   8080000      9.343620      2.350022
   8100000      9.353095      2.337772
   8120000      9.386262      2.385537
   8140000      9.403543      2.401945
   8160000      9.413042      2.372816
   8180000      9.423654      2.370870
   8200000      9.446894      2.373690
   8220000      9.443095      2.318229
   8240000      9.464133      2.358049
   8260000      9.484713      2.370078
   8280000      9.499391      2.364627
   8300000      9.512237      2.380935
   8320000      9.523513      2.372629
   8340000      9.534472      2.369702
   8360000      9.550983      2.362765
   8380000      9.560963      2.367151
   8400000      9.563324      2.379503
   8420000      9.574368      2.389982
   8440000      9.613081      2.344375
   8460000      9.598352      2.217817
   8480000      9.633294      2.212670
   8500000      9.675592      2.265900
   8520000      9.659904      2.194905
   8540000      9.695138      2.255437
   8560000      9.717946      2.317048
   8580000      9.734442      2.316919
   8600000      9.749470      2.299898
   8620000      9.760353      2.274176
   8640000      9.775233      2.311890
   8660000      9.794434      2.321568
   8680000      9.799110      2.315058
   8700000      9.822120      2.322213
   8720000      9.833513      2.318943
   8740000      9.835558      2.333437
   8760000      9.859806      2.328059
   8780000      9.874373      2.315759
   8800000      9.880048      2.326084
   8820000      9.902392      2.333249
   8840000      9.914147      2.328499
   8860000      9.930622      2.361584
   8880000      9.930070      2.378167
   8900000      9.955172      2.374705
   8920000      9.964836      2.370821
   8940000      9.981308      2.382166
   8960000      9.990968      2.402030
   8980000      9.996900      2.423272
   9000000     10.016931      2.415353
   9020000     10.027487      2.426517
   9040000     10.041211      2.437266
   9060000     10.061893      2.426782
   9080000     10.060465      2.456734
   9100000     10.078417      2.465771
   9120000     10.110058      2.420635
   9140000     10.131031      2.440892
   9160000     10.140351      2.437617
   9180000     10.160947      2.422131
   9200000     10.184551      2.427902
   9220000     10.202806      2.426774
   9240000     10.225139      2.424444
   9260000     10.223065      2.155917
   9280000     10.234865      2.147817
   9300000     10.251787      2.141839
   9320000     10.255397      2.120351
   9340000     10.247376      2.086791
   9360000     10.271472      2.091054
   9380000     10.276442      2.078136
   9400000     10.275850      2.063383
   9420000     10.325301      2.080453
   9440000     10.335857      2.063241
   9460000     10.343846      2.050414
   9480000     10.340137      2.025345
   9500000     10.360131      2.030995
   9520000     10.358642      2.014485
   9540000     10.393869      2.026565
   9560000     10.383817      1.982188
   9580000     10.386864      1.964626
   9600000     10.403469      1.969806
   9620000     10.379147      1.942503
   9640000     10.412773      1.944707
   9660000     10.426956      1.943328
   9680000     10.454266      1.935768
   9700000     10.462388      1.922402
   9720000     10.448787      1.895179
   9740000     10.469056      1.891662
   9760000     10.481753      1.894704
   9780000     10.471508      1.861918
   9800000     10.475292      1.842170
   9820000     10.489601      1.836000
   9840000     10.526932      1.841909
   9860000     10.552764      1.850129
   9880000     10.559678      1.823258
   9900000     10.547569      1.795994
   9920000     10.523361      1.755425
   9940000     10.529888      1.742990
   9960000     10.543497      1.732205
   9980000     10.556569      1.729635
  10000000     10.568351      1.725235
