         0      4.000000      0.000000
     20000      4.022509     -0.020594
     40000      4.047582     -0.051931
     60000      4.064778     -0.069480
     80000      4.087003     -0.063684
    100000      4.112123     -0.062879
    120000      4.131894      0.065158
    140000      4.142637      0.088330
    160000      4.186325     -0.018320
    180000      4.206752      0.003008
    200000      4.227925      0.060580
    220000      4.250005      0.061706
    240000      4.275503      0.050350
    260000      4.303783      0.075482
    280000      4.332694      0.061877
    300000      4.353795      0.077513
    320000      4.365747      0.173263
    340000      4.393920      0.190359
    360000      4.415701      0.209458
    380000      4.447321      0.207492
    400000      4.466335      0.209401
    420000      4.485023      0.229625
    440000      4.489365      0.277136
    460000      4.474553      0.355210
    480000      4.504526      0.356300
    500000      4.534243      0.360431
    520000      4.502253      0.390112
    540000      4.500690      0.428442
    560000      4.495350      0.435438
    580000      4.616454      0.396834
    600000      4.621550      0.422022
    620000      4.628599      0.452630
    640000      4.674030      0.446344
    660000      4.679658      0.470600
    680000      4.725957      0.467215
    700000      4.739728      0.478385
    720000      4.765705      0.502373
    740000      4.772275      0.516822
    760000      4.744819      0.570349
    780000      4.855641      0.520494
    800000      4.885830      0.517330
    820000      4.925389      0.484100
    840000      4.950691      0.488881
    860000      4.978399      0.465829
    880000      5.004596      0.452916
    900000      5.027001      0.436460
    920000      5.057499      0.454423
    940000      5.089032      0.489577
    960000      5.116165      0.471237
    980000      5.146481      0.448421
   1000000      5.166409      0.404016
   1020000      5.187868      0.430777
   1040000      5.224778      0.479391
   1060000      5.245619      0.437016
   1080000      5.200491      0.737170
   1100000      5.217751      0.748266
   1120000      5.207999      0.820971
   1140000      5.228008      0.830566
   1160000      5.238922      0.863225
   1180000      5.260134      0.874754
   1200000      5.194676      0.966114
   1220000      5.217209      0.983632
   1240000      5.216623      1.020726
   1260000      5.210234      1.045989
   1280000      5.227525      1.064370
   1300000      5.251222      1.094618
   1320000      5.262344      1.115624
   1340000      5.291290      1.137799
   1360000      5.247983      1.177854
   1380000      5.289118      1.200457
   1400000      5.294792      1.232743
   1420000      5.312599      1.254781
   1440000      5.353122      1.278161
   1460000      5.341256      1.296841
   1480000      5.325822      1.327263
   1500000      5.356727      1.356297
   1520000      5.327617      1.391129
   1540000      5.355146      1.420846
   1560000      5.407537      1.421834
   1580000      5.461909      1.412359
   1600000      5.459971      1.447640
   1620000      5.482986      1.451371
   1640000      5.493440      1.479421
   1660000      5.534050      1.461598
   1680000      5.548993      1.510872
   1700000      5.555498      1.549156
   1720000      5.576081      1.557973
   1740000      5.605684      1.550213
   1760000      5.632079      1.534601
   1780000      5.657973      1.567940
   1800000      5.665272      1.605619
   1820000      5.571209      1.750901
   1840000      5.573325      1.768583
   1860000      5.603726      1.782717
   1880000      5.653008      1.769375
   1900000      5.659552      1.796560
   1920000      5.634064      1.864750
   1940000      5.657321      1.886172
   1960000      5.679644      1.898295
   1980000      5.681473      1.934340
   2000000      5.720332      1.927454
   2020000      5.765677      1.916223
   2040000      5.695666      2.014453
   2060000      5.701794      2.035137
   2080000      5.742986      2.031874
   2100000      5.750548      2.060746
   2120000      5.753590      2.087544
   2140000      5.751590      2.113308
   2160000      5.756894      2.132158
   2180000      5.778361      2.151400
   2200000      5.794026      2.172073
   2220000      5.822209      2.190602
   2240000      5.822939      2.212807
   2260000      5.815181      2.237873
   2280000      5.823292      2.270354
   2300000      5.954454      2.221680
   2320000      5.967063      2.252892
   2340000      5.917287      2.313724
   2360000      5.939017      2.339100
   2380000      5.977187      2.354513
   2400000      5.944426      2.399934
   2420000      5.950065      2.431203
   2440000      5.989285      2.432154
   2460000      5.983583      2.467614
   2480000      5.918169      2.509561
   2500000      5.945172      2.534758
   2520000      5.927183      2.558639
   2540000      5.909540      2.586230
   2560000      5.886029      2.624731
   2580000      5.895025      2.648443
   2600000      5.874901      2.663171
   2620000      5.859206      2.681798
   2640000      5.860937      2.694715
   2660000      5.868288      2.725136
   2680000      5.861817      2.764560
   2700000      5.793960      2.757132
   2720000      5.798937      2.794803
   2740000      5.886543      2.854091
   2760000      5.876514      2.891339
   2780000      5.864361      2.915200
   2800000      5.870778      2.934956
   2820000      5.849679      2.961075
   2840000      5.823539      2.983604
   2860000      5.835360      3.014455
   2880000      5.814520      3.030912
   2900000      5.848026      3.061779
   2920000      5.808932      3.075505
   2940000      5.846665      3.126213
   2960000      5.933372      3.156328
   2980000      5.949329      3.176479
   3000000      6.086313      3.141570
   3020000      6.107395      3.153231
   3040000      6.116159      3.170550
   3060000      6.145675      3.160686
   3080000      6.192913      3.163179
   3100000      6.203157      3.191877
   3120000      6.226967      3.208578
   3140000      6.245103      3.226566
   3160000      6.260865      3.260654
   3180000      6.287104      3.253692
   3200000      6.273916      3.349459
   3220000      6.294221      3.368307
   3240000      6.349348      3.356174
   3260000      6.332635      3.431911
   3280000      6.308078      3.487038
   3300000      6.381420      3.461867
   3320000      6.464488      3.417597
   3340000      6.508406      3.387862
   3360000      6.510977      3.441150
   3380000      6.528300      3.468388
   3400000      6.527461      3.515916
   3420000      6.545370      3.526298
   3440000      6.556563      3.538316
   3460000      6.578549      3.555380
   3480000      6.621429      3.519247
   3500000      6.649664      3.518708
   3520000      6.636709      3.605092
   3540000      6.656571      3.618033
   3560000      6.674394      3.616897
   3580000      6.670432      3.691677
   3600000      6.678193      3.712813
   3620000      6.685866      3.746317
   3640000      6.703895      3.763090
   3660000      6.709682      3.803066
   3680000      6.710855      3.831285
   3700000      6.787748      3.784118
   3720000      6.769779      3.866894
   3740000      6.768217      3.908648
   3760000      6.776690      3.919773
   3780000      6.783343      3.938720
   3800000      6.789800      3.963840
   3820000      6.857528      3.945554
   3840000      6.923248      3.897506
   3860000      6.975564      3.835171
   3880000      6.992232      3.853527
   3900000      7.024670      3.849739
   3920000      7.049237      3.850690
   3940000      7.071261      3.860531
   3960000      7.100823      3.860595
   3980000      7.137171      3.867256
   4000000      7.162534      3.845233
   4020000      7.185164      3.886717
   4040000      7.167983      3.985778
   4060000      7.194129      3.998507
   4080000      7.208470      4.023848
   4100000      7.199638      4.055105
   4120000      7.221980      4.063842
   4140000      7.279014      4.034800
   4160000      7.291048      4.046674
   4180000      7.325763      4.047486
   4200000      7.328635      4.083141
   4220000      7.366101      4.074026
   4240000      7.386650      4.077917
   4260000      7.417018      4.068729
   4280000      7.438687      4.074941
   4300000      7.449355      4.075465
   4320000      7.486052      4.090924
   4340000      7.508134      4.081293
   4360000      7.536214      4.071784
   4380000      7.560932      4.063329
   4400000      7.512385      4.259479
   4420000      7.507992      4.298502
   4440000      7.520759      4.322543
   4460000      7.515513      4.349891
   4480000      7.526482      4.366340
   4500000      7.578792      4.359745
   4520000      7.586071      4.384322
   4540000      7.613713      4.399234
   4560000      7.608447      4.443753
   4580000      7.630981      4.468276
   4600000      7.633271      4.485794
   4620000      7.664710      4.495668
   4640000      7.690234      4.503310
   4660000      7.701718      4.521107
   4680000      7.747504      4.508686
   4700000      7.759111      4.514838
   4720000      7.761243      4.557618
   4740000      7.744212      4.620795
   4760000      7.797354      4.598978
   4780000      7.765013      4.669519
   4800000      7.737339      4.707168
   4820000      7.747840      4.722127
   4840000      7.747322      4.743249
   4860000      7.727997      4.771829
   4880000      7.726793      4.798833
   4900000      7.717611      4.841064
   4920000      7.832231      4.821441
   4940000      7.850741      4.854166
   4960000      7.854549      4.879510
   4980000      7.883514      4.891999
   5000000      7.783438      4.958377
   5020000      7.781298      4.981434
   5040000      7.802820      4.999517
   5060000      7.832752      5.012440
   5080000      7.820728      5.038585
   5100000      7.818651      5.060487
   5120000      7.837550      5.082799
   5140000      7.835504      5.112810
   5160000      7.774588      5.145794
   5180000      7.809013      5.171532
   5200000      7.826702      5.189695
   5220000      7.846295      5.213945
   5240000      7.841220      5.244929
   5260000      7.828170      5.276646
   5280000      7.809295      5.295047
   5300000      7.810928      5.328499
   5320000      7.811867      5.346354
   5340000      7.819681      5.379013
   5360000      7.800712      5.396956
   5380000      7.806552      5.418288
   5400000      7.790851      5.441244
   5420000      7.762114      5.456300
   5440000      7.762848      5.479941
   5460000      7.744518      5.495161
   5480000      7.706435      5.503667
   5500000      7.658945      5.498412
   5520000      7.619230      5.492202
   5540000      7.637631      5.543206
   5560000      7.926042      5.629580
   5580000      7.910641      5.643266
   5600000      7.920621      5.671444
   5620000      7.957226      5.663397
   5640000      7.755444      5.763120
   5660000      7.740939      5.779497
   5680000      7.654677      5.770554
   5700000      7.630120      5.785351
   5720000      7.594163      5.807746
   5740000      7.587783      5.851009
   5760000      7.590507      5.877056
   5780000      7.624850      5.923716
   5800000      7.730578      5.978885
   5820000      7.729461      5.997713
   5840000      7.720557      6.025741
   5860000      7.702998      6.043501
   5880000      7.797786      6.057125
   5900000      7.792822      6.076480
   5920000      7.803269      6.089795
   5940000      7.834155      6.111861
   5960000      7.854173      6.139768
   5980000      7.901518      6.151706
   6000000      7.914858      6.185766
   6020000      7.937256      6.202193
   6040000      7.941601      6.223797
   6060000      7.969811      6.229131
   6080000      7.967121      6.270695
   6100000      7.972366      6.298403
   6120000      7.983198      6.307199
   6140000      7.920348      6.368737
   6160000      7.918709      6.384375
   6180000      7.949307      6.411823
   6200000      7.967698      6.421451
   6220000      7.881885      6.491920
   6240000      7.881461      6.520540
   6260000      7.893386      6.546264
   6280000      7.971482      6.552252
   6300000      7.965660      6.575194
   6320000      7.952974      6.608313
   6340000      7.943803      6.634412
   6360000      7.988022      6.651812
   6380000      7.972097      6.683618
   6400000      7.996578      6.706658
   6420000      7.997609      6.729425
   6440000      7.976600      6.752119
   6460000      7.978764      6.776403
   6480000      8.036388      6.783762
   6500000      7.989582      6.827274
   6520000      8.019959      6.838367
   6540000      8.037134      6.864022
   6560000      8.015221      6.903885
   6580000      8.070924      6.917733
   6600000      8.140190      6.927051
   6620000      8.144561      6.944519
   6640000      8.061030      7.013179
   6660000      8.034921      7.039240
   6680000      8.047360      7.062646
   6700000      7.987657      7.094652
   6720000      8.009818      7.126427
   6740000      8.051859      7.141595
   6760000      8.137396      7.129015
   6780000      8.147009      7.140591
   6800000      8.133562      7.181615
   6820000      8.158637      7.191005
   6840000      8.147235      7.241559
   6860000      8.170240      7.248544
   6880000      8.187444      7.277181
   6900000      8.205481      7.291914
   6920000      8.251069      7.284677
   6940000      8.274332      7.280175
   6960000      8.273774      7.304198
   6980000      8.290534      7.313695
   7000000      8.289940      7.344608
   7020000      8.318910      7.349610
   7040000      8.336311      7.365392
   7060000      8.374119      7.357368
   7080000      8.380592      7.387798
   7100000      8.337290      7.457463
   7120000      8.317627      7.503817
   7140000      8.338662      7.517162
   7160000      8.353151      7.530951
   7180000      8.378017      7.565905
   7200000      8.436124      7.576008
   7220000      8.484984      7.558742
   7240000      8.527180      7.531665
   7260000      8.543079      7.539318
   7280000      8.563765      7.560591
   7300000      8.569007      7.597148
   7320000      8.598266      7.594853
   7340000      8.634435      7.578499
   7360000      8.654565      7.595190
   7380000      8.665824      7.630015
   7400000      8.692245      7.634514
   7420000      8.706327      7.661691
   7440000      8.738310      7.662826
   7460000      8.727966      7.723082
   7480000      8.805507      7.653308
   7500000      8.839611      7.627814
   7520000      8.868190      7.608724
   7540000      8.896035      7.575594
   7560000      8.908217      7.539918
   7580000      8.920344      7.486601
   7600000      8.943799      7.450208
   7620000      8.968776      7.444833
   7640000      8.950548      7.358063
   7660000      9.012484      7.382592
   7680000      9.020554      7.362055
   7700000      9.025175      7.323384
   7720000      9.068947      7.346896
   7740000      9.109974      7.384062
   7760000      9.144085      7.390531
   7780000      9.156179      7.383321
   7800000      9.179792      7.386497
   7820000      9.195055      7.376688
   7840000      9.206004      7.363120
   7860000      9.240254      7.389876
   7880000      9.269260      7.370385
   7900000      9.289501      7.324924
   7920000      9.298006      7.285003
   7940000      9.305340      7.280302
   7960000      9.321121      7.270499
   7980000      9.328704      7.253290
   8000000      9.345916      7.244359
   8020000      9.397118      7.258191
   8040000      9.435849      7.275287
   8060000      9.412229      7.209476
   8080000      9.446446      7.200620
   8100000      9.432687      7.162720
   8120000      9.420623      7.141552
   8140000      9.607734      7.294208
   8160000      9.646232      7.355018
   8180000      9.672641      7.350572
   8200000      9.691517      7.341843
   8220000      9.719109      7.391068
   8240000      9.730239      7.261667
   8260000      9.749272      7.241334
   8280000      9.784630      7.270976
   8300000      9.805922      7.258470
   8320000      9.831451      7.297640
   8340000      9.850326      7.277525
   8360000      9.823639      7.122994
   8380000      9.868299      7.148460
   8400000      9.884192      7.147320
   8420000      9.925373      7.156669
   8440000      9.953990      7.179060
   8460000      9.978290      7.176546
   8480000      9.992283      7.124420
   8500000     10.004597      7.100086
   8520000     10.011771      7.088009
   8540000     10.093263      7.163888
   8560000     10.124273      7.172749
   8580000     10.130697      7.145872
   8600000     10.181066      7.173599
   8620000     10.191052      7.143708
   8640000     10.218601      7.129643
   8660000     10.243199      7.111869
   8680000     10.272277      7.141063
   8700000     10.288088      7.094314
   8720000     10.319618      7.108626
   8740000     10.333660      7.074423
   8760000     10.352728      7.068762
   8780000     10.378230      7.076799
   8800000     10.397319      7.071354
   8820000     10.421394      7.048331
   8840000     10.449287      7.059967
   8860000     10.468808      7.035010
   8880000     10.501522      7.060813
   8900000     10.526362      7.032838
   8920000     10.550791      7.044221
   8940000     10.537404      6.960183
   8960000     10.558317      6.953102
   8980000     10.586598      6.945414
   9000000     10.596450      6.926357
   9020000     10.629574      6.922791
   9040000     10.680325      6.950217
   9060000     10.694852      6.926892
   9080000     10.722654      6.937695
   9100000     10.747477      6.938882
   9120000     10.769985      6.946803
   9140000     10.780865      6.886600
   9160000     10.812621      6.894625
   9180000     10.835286      6.919693
   9200000     10.864340      6.924370
   9220000     10.884710      6.872107
   9240000     10.912366      6.880565
   9260000     10.937567      6.881229
   9280000     10.959529      6.861754
   9300000     10.978830      6.827891
   9320000     10.987595      6.788903
   9340000     11.018107      6.803463
   9360000     11.052101      6.814824
   9380000     11.078819      6.823782
   9400000     11.077269      6.918122
   9420000     11.119281      6.912122
   9440000     11.136130      6.949471
   9460000     11.184252      6.921405
   9480000     11.202036      6.953233
   9500000     11.253987      6.907812
   9520000     11.268552      6.953696
   9540000     11.303712      6.928590
   9560000     11.329470      6.834406
   9580000     11.350632      6.780874
   9600000     11.376727      6.762972
   9620000     11.397042      6.739343
   9640000     11.395835      6.684564
   9660000     11.452660      6.721297
   9680000     11.488543      6.750512
   9700000     11.504288      6.705707
   9720000     11.521581      6.687660
   9740000     11.547199      6.696131
   9760000     11.550724      6.663154
   9780000     11.566964      6.644911
   9800000     11.581532      6.631376
   9820000     11.616831      6.618288
   9840000     11.679177      6.668534
   9860000     11.704031      6.677576
   9880000     11.731268      6.679451
   9900000     11.765680      6.709791
   9920000     11.787569      6.693950
   9940000     11.811405      6.705947
   9960000     11.838358      6.711337
   9980000     11.871728      6.693562
  10000000     11.900135      6.730998
