         0      4.000000      0.000000
     20000      4.013840     -0.203095
     40000      4.089181     -0.197183
     60000      4.135868     -0.253296
     80000      4.247745     -0.206155
    100000      4.309547     -0.206302
    120000      4.369098     -0.238986
    140000      4.431881     -0.228437
    160000      4.485492     -0.320997
    180000      4.570963     -0.269915
    200000      4.638472     -0.244496
    220000      4.702384     -0.286360
    240000      4.766808     -0.348154
    260000      4.850131     -0.275354
    280000      4.909097     -0.230605
    300000      4.988382     -0.203408
    320000      5.053723     -0.215001
    340000      5.106097     -0.204955
    360000      5.172926     -0.268261
    380000      5.251219     -0.164855
    400000      5.323728     -0.196198
    420000      5.385523     -0.265229
    440000      5.431451     -0.410144
    460000      5.510327     -0.398209
    480000      5.586227     -0.409369
    500000      5.673732     -0.413653
    520000      5.755075     -0.426469
    540000      5.853137     -0.372743
    560000      5.918152     -0.356571
    580000      5.976528     -0.337145
    600000      6.054747     -0.394537
    620000      6.124801     -0.368122
    640000      6.198239     -0.254333
    660000      6.279315     -0.386979
    680000      6.326734     -0.335962
    700000      6.355185     -0.282534
    720000      6.467126     -0.388672
    740000      6.524171     -0.380330
    760000      6.594115     -0.484673
    780000      6.639657     -0.378205
    800000      6.686175     -0.347907
    820000      6.738855     -0.340230
    840000      6.810326     -0.272304
    860000      6.888907     -0.333664
    880000      6.977041     -0.399832
    900000      7.023220     -0.285453
    920000      7.090156     -0.256080
    940000      7.057395     -0.085014
    960000      7.121252     -0.050579
    980000      7.165632     -0.007969
   1000000      7.362056     -0.150454
   1020000      7.393795     -0.037131
   1040000      7.418728      0.035623
   1060000      7.519302      0.038385
   1080000      7.637681     -0.028954
   1100000      7.692667      0.014696
   1120000      7.713113      0.080145
   1140000      7.861962     -0.152823
   1160000      7.911043     -0.023737
   1180000      7.991655     -0.009939
   1200000      8.076722     -0.038753
   1220000      8.120833      0.045401
   1240000      8.168788      0.107785
   1260000      8.237132      0.148489
   1280000      8.328305      0.136329
   1300000      8.404938      0.138000
   1320000      8.464523      0.161219
   1340000      8.518858      0.208830
   1360000      8.603212      0.166184
   1380000      8.657657      0.211498
   1400000      8.724599      0.225005
   1420000      8.750087      0.383209
   1440000      8.770296      0.462080
   1460000      8.781131      0.520075
   1480000      8.795651      0.582495
   1500000      8.733075      0.662165
   1520000      8.854228      0.693097
   1540000      8.942912      0.703092
   1560000      8.882421      0.820508
   1580000      9.017122      0.816467
   1600000      9.101068      0.812593
   1620000      9.066986      0.943872
   1640000      9.106563      1.009542
   1660000      9.150554      1.075598
   1680000      9.182638      1.157856
   1700000      9.266733      1.194124
   1720000      9.322450      1.250989
   1740000      9.465964      1.217019
   1760000      9.393164      1.369650
   1780000      9.457851      1.381663
   1800000      9.374513      1.518756
   1820000      9.402588      1.577784
   1840000      9.524195      1.582582
   1860000      9.556860      1.642489
   1880000      9.572623      1.696338
   1900000      9.575755      1.764547
   1920000      9.766961      1.717827
   1940000      9.815564      1.768126
   1960000      9.857180      1.805605
   1980000      9.777224      1.997539
   2000000      9.896256      1.970550
   2020000      9.934210      2.069019
   2040000      9.944047      2.161409
   2060000      9.964989      2.242875
   2080000     10.025905      2.257179
   2100000      9.995074      2.358214
   2120000      9.797026      2.511998
   2140000      9.834485      2.591802
   2160000      9.797000      2.664530
   2180000      9.903387      2.726168
   2200000      9.936544      2.793529
   2220000      9.923507      2.868391
   2240000      9.851942      2.934632
   2260000      9.852796      3.007285
   2280000      9.860280      3.071939
   2300000      9.839464      3.124687
   2320000      9.821485      3.188362
   2340000      9.753241      3.215932
   2360000      9.747261      3.281343
   2380000      9.896769      3.368818
   2400000      9.889506      3.414903
   2420000      9.840520      3.495160
   2440000      9.701406      3.541490
   2460000      9.673060      3.622062
   2480000      9.569884      3.635818
   2500000      9.434556      3.592491
   2520000      9.402437      3.658743
   2540000      9.294435      3.607586
   2560000      9.220267      3.623727
   2580000      9.154899      3.671154
   2600000      9.118333      3.751734
   2620000      9.092183      3.823441
   2640000      9.033455      3.850152
   2660000      8.915867      3.744301
   2680000      8.852388      3.829816
   2700000      8.783074      3.805226
   2720000      8.722376      3.842466
   2740000      8.638002      3.810773
   2760000      8.577734      3.819464
   2780000      8.511625      3.805184
   2800000      8.446854      3.831992
   2820000      8.397130      3.707633
   2840000      8.300498      3.803968
   2860000      8.237691      3.845410
   2880000      8.172176      3.914298
   2900000      8.137700      3.999188
   2920000      8.032214      3.930023
   2940000      7.973365      3.956492
   2960000      7.892423      3.970540
   2980000      7.845429      3.906672
   3000000      7.825245      3.832110
   3020000      7.832436      3.763811
   3040000      7.691129      3.794608
   3060000      7.619625      3.808295
   3080000      7.546786      3.789963
   3100000      7.473997      3.810045
   3120000      7.428078      3.777959
   3140000      7.364671      3.763477
   3160000      7.293141      3.736872
   3180000      7.216513      3.764465
   3200000      7.161252      3.710596
   3220000      7.105515      3.642747
   3240000      7.080888      3.582817
   3260000      7.000672      3.572917
   3280000      6.938841      3.561946
   3300000      6.860049      3.512851
   3320000      6.807598      3.484220
   3340000      6.750022      3.402482
   3360000      6.708880      3.359922
   3380000      6.670853      3.299574
   3400000      6.583478      3.339366
   3420000      6.487617      3.422240
   3440000      6.398695      3.404909
   3460000      6.366577      3.275392
   3480000      6.289596      3.252301
   3500000      6.218462      3.241005
   3520000      6.124921      3.266039
   3540000      6.025747      3.356397
   3560000      5.952430      3.421899
   3580000      5.897757      3.392747
   3600000      5.853481      3.343575
   3620000      5.764713      3.447809
   3640000      5.676582      3.452305
   3660000      5.604814      3.425918
   3680000      5.564020      3.375099
   3700000      5.475732      3.455818
   3720000      5.399629      3.505792
   3740000      5.341043      3.574784
   3760000      5.260478      3.600152
   3780000      5.225968      3.665771
   3800000      5.123988      3.609718
   3820000      5.040344      3.487483
   3840000      4.982424      3.566166
   3860000      4.873006      3.548122
   3880000      4.820570      3.594279
   3900000      4.750590      3.530600
   3920000      4.694024      3.573755
   3940000      4.626476      3.563595
   3960000      4.569743      3.533839
   3980000      4.496851      3.723988
   4000000      4.406357      3.680896
   4020000      4.331729      3.601944
   4040000      4.262663      3.550122
   4060000      4.187688      3.647336
   4080000      4.131782      3.708513
   4100000      4.084904      3.770158
   4120000      4.021880      3.741913
   4140000      3.972635      3.642498
   4160000      3.896404      3.651492
   4180000      3.839013      3.693800
   4200000      3.779777      3.655322
   4220000      3.712495      3.666139
   4240000      3.636077      3.725338
   4260000      3.578233      3.632373
   4280000      3.512526      3.594038
   4300000      3.423033      3.523966
   4320000      3.372593      3.548460
   4340000      3.311805      3.597017
   4360000      3.261075      3.589068
   4380000      3.199107      3.584758
   4400000      3.112626      3.468390
   4420000      3.083533      3.303746
   4440000      3.012544      3.278011
   4460000      2.983632      3.181591
   4480000      2.933718      3.100563
   4500000      2.841530      3.095226
   4520000      2.778700      3.086160
   4540000      2.711491      3.135343
   4560000      2.661889      3.098431
   4580000      2.603245      3.153390
   4600000      2.499647      3.114656
   4620000      2.427357      3.176675
   4640000      2.379675      3.137770
   4660000      2.312820      3.172380
   4680000      2.234930      3.195548
   4700000      2.187907      3.276425
   4720000      2.115748      3.299094
   4740000      2.051639      3.368679
   4760000      1.992621      3.383496
   4780000      1.927031      3.384543
   4800000      1.843496      3.364234
   4820000      1.762799      3.366069
   4840000      1.726040      3.480711
   4860000      1.687983      3.523740
   4880000      1.636661      3.557327
   4900000      1.509620      3.475218
   4920000      1.472742      3.569933
   4940000      1.470352      3.647957
   4960000      1.355705      3.651428
   4980000      1.280208      3.667890
   5000000      1.193565      3.617178
   5020000      1.113638      3.601952
   5040000      1.067530      3.624595
   5060000      0.968898      3.556417
   5080000      0.915188      3.644899
   5100000      0.910876      3.738362
   5120000      0.831954      3.778399
   5140000      0.762901      3.799352
   5160000      0.673058      3.807663
   5180000      0.622993      3.847337
   5200000      0.620042      3.922913
   5220000      0.528931      3.935106
   5240000      0.529230      4.041639
   5260000      0.463159      4.079563
   5280000      0.358077      4.055797
   5300000      0.419388      4.189574
   5320000      0.343031      4.239134
   5340000      0.323360      4.290571
   5360000      0.386539      4.393205
   5380000      0.190457      4.388284
   5400000      0.148780      4.445860
   5420000      0.015641      4.385908
   5440000     -0.032017      4.453433
   5460000     -0.129644      4.406225
   5480000     -0.187312      4.406923
   5500000     -0.192758      4.573936
   5520000     -0.332532      4.401749
   5540000     -0.397732      4.407278
   5560000     -0.457170      4.412164
   5580000     -0.517127      4.345092
   5600000     -0.598111      4.608557
   5620000     -0.659895      4.597658
   5640000     -0.701880      4.725120
   5660000     -0.773497      4.731011
   5680000     -0.649936      4.968447
   5700000     -0.648358      5.054966
   5720000     -0.644893      5.123070
   5740000     -0.790837      5.150138
   5760000     -0.849998      5.204589
   5780000     -0.833889      5.288273
   5800000     -0.763709      5.383411
   5820000     -0.798176      5.458878
   5840000     -0.792354      5.543170
   5860000     -0.958912      5.560561
   5880000     -0.962309      5.633380
   5900000     -1.012225      5.686625
   5920000     -1.038462      5.727743
   5940000     -1.073868      5.774770
   5960000     -1.143162      5.808437
   5980000     -1.219539      5.867969
   6000000     -1.194517      5.979365
