         0      4.000000      0.000000
     20000      4.043707      0.076150
     40000      4.120891      0.067122
     60000      4.176693     -0.006833
     80000      4.252905      0.134422
    100000      4.286055      0.262161
    120000      4.375712      0.235985
    140000      4.401134      0.335251
    160000      4.534568      0.252490
    180000      4.630214      0.145410
    200000      4.709186      0.172688
    220000      4.772186      0.101411
    240000      4.832016      0.191332
    260000      4.892462      0.122699
    280000      4.977448      0.264755
    300000      5.050448      0.228436
    320000      5.118989      0.251130
    340000      5.201805      0.302101
    360000      5.257674      0.320136
    380000      5.277267      0.630361
    400000      5.344212      0.643464
    420000      5.404130      0.669104
    440000      5.458756      0.728147
    460000      5.545051      0.705263
    480000      5.590126      0.637826
    500000      5.645053      0.608042
    520000      5.698274      0.852665
    540000      5.777081      0.831339
    560000      5.823916      0.904211
    580000      5.897922      0.942939
    600000      5.975200      0.849384
    620000      6.036368      0.832462
    640000      6.092932      0.930333
    660000      6.150666      0.981481
    680000      6.156903      1.150685
    700000      6.281580      0.893385
    720000      6.343173      0.980986
    740000      6.406174      0.955070
    760000      6.482796      0.963931
    780000      6.557174      0.966909
    800000      6.626993      1.022285
    820000      6.724425      0.825244
    840000      6.787414      0.791089
    860000      6.862555      0.750933
    880000      6.899505      0.651497
    900000      6.965332      0.614665
    920000      7.025353      0.539176
    940000      7.079353      0.533941
    960000      7.218141      0.905751
    980000      7.284385      0.897923
   1000000      7.362849      0.860745
   1020000      7.419259      0.936901
   1040000      7.413560      1.119732
   1060000      7.460230      1.151880
   1080000      7.490711      1.270084
   1100000      7.587891      1.271958
   1120000      7.641933      1.356220
   1140000      7.666466      1.433412
   1160000      7.833245      1.345391
   1180000      7.946315      1.270774
   1200000      8.001985      1.193101
   1220000      8.067411      1.260404
   1240000      8.135663      1.286141
   1260000      8.222756      1.224433
   1280000      8.294487      1.229627
   1300000      8.341997      1.266337
   1320000      8.377365      1.338583
   1340000      8.475339      1.258972
   1360000      8.539069      1.273169
   1380000      8.604330      1.246944
   1400000      8.680849      1.216940
   1420000      8.751299      1.208471
   1440000      8.806236      1.129176
   1460000      8.882655      1.272619
   1480000      8.931635      1.360457
   1500000      8.983944      1.413332
   1520000      8.999127      1.524042
   1540000      9.119145      1.461643
   1560000      9.178632      1.466525
   1580000      9.221052      1.545011
   1600000      9.292893      1.474222
   1620000      9.381823      1.515932
   1640000      9.445356      1.525547
   1660000      9.505652      1.539081
   1680000      9.553916      1.602565
   1700000      9.616997      1.646138
   1720000      9.672072      1.711230
   1740000      9.745907      1.604776
   1760000      9.811414      1.697968
   1780000      9.915370      1.582997
   1800000      9.916140      1.853004
   1820000      9.960274      1.876671
   1840000     10.074529      1.816758
   1860000     10.165151      1.758163
   1880000     10.221395      1.810119
   1900000     10.251806      1.886096
   1920000     10.348499      1.815822
   1940000     10.445114      1.716758
   1960000     10.509994      1.513475
   1980000     10.571058      1.468866
   2000000     10.589152      1.364508
   2020000     10.653471      1.355392
   2040000     10.746595      1.498648
   2060000     10.839806      1.843091
   2080000     10.918921      1.836356
   2100000     10.983663      1.810474
   2120000     11.038887      1.791428
   2140000     11.059218      2.121133
   2160000     11.143707      2.017421
   2180000     11.205696      2.077790
   2200000     11.271305      2.147327
   2220000     11.315289      2.222088
   2240000     11.326732      2.298403
   2260000     11.370313      2.323556
   2280000     11.573536      2.168016
   2300000     11.638607      2.166113
   2320000     11.724778      2.109166
   2340000     11.780067      2.180386
   2360000     11.860143      2.141268
   2380000     11.901766      2.182550
   2400000     11.960041      2.142360
   2420000     12.021065      2.122661
   2440000     12.076708      2.114416
   2460000     12.152506      2.186667
   2480000     12.178606      2.305000
   2500000     12.252306      2.343177
   2520000     12.324418      2.281957
   2540000     12.306670      2.415916
   2560000     12.320312      2.692558
   2580000     12.430279      2.627608
   2600000     12.480476      2.658583
   2620000     12.533949      2.768692
   2640000     12.545257      2.855421
   2660000     12.660956      2.809340
   2680000     12.728025      2.814360
   2700000     12.782221      2.837874
   2720000     12.821668      2.889125
   2740000     12.842942      2.989117
   2760000     12.979616      2.890359
   2780000     13.005421      2.972203
   2800000     13.099901      2.962475
   2820000     13.210223      2.752969
   2840000     13.274645      2.815224
   2860000     13.349666      2.794896
   2880000     13.427546      2.743085
   2900000     13.480058      2.728015
   2920000     13.526936      2.722626
   2940000     13.586673      2.639078
   2960000     13.675515      2.658090
   2980000     13.734253      2.620441
   3000000     13.794518      3.069889
   3020000     13.852658      3.071112
   3040000     13.927089      3.036423
   3060000     13.889796      3.272823
   3080000     14.022888      3.161255
   3100000     14.016084      3.309509
   3120000     14.023426      3.392153
   3140000     14.130349      3.411297
   3160000     14.318186      3.114683
   3180000     14.355833      3.108550
   3200000     14.450684      3.192495
   3220000     14.459969      3.422109
   3240000     14.563413      3.344815
   3260000     14.619970      3.315730
   3280000     14.678148      3.410227
   3300000     14.742263      3.393046
   3320000     14.795765      3.453623
   3340000     14.867189      3.387062
   3360000     14.922223      3.266518
   3380000     14.928175      3.163686
   3400000     14.999410      3.147504
   3420000     15.156196      3.387411
   3440000     15.242284      3.360935
   3460000     15.295230      3.335070
   3480000     15.366838      3.466325
   3500000     15.435503      3.488541
   3520000     15.512872      3.452821
   3540000     15.545116      3.607224
   3560000     15.607069      3.417217
   3580000     15.703349      3.535826
   3600000     15.770833      3.542442
   3620000     15.804110      3.646249
   3640000     15.845285      3.686199
   3660000     15.908765      3.683045
   3680000     15.937564      3.737208
   3700000     15.996915      3.755333
   3720000     15.974247      3.849991
   3740000     16.088878      3.844152
   3760000     16.227187      3.817118
   3780000     16.345099      3.710473
   3800000     16.388603      3.770729
   3820000     16.494949      3.681339
   3840000     16.558010      3.665197
   3860000     16.626688      3.670684
   3880000     16.670142      3.824002
   3900000     16.664534      4.011288
   3920000     16.679927      4.088418
   3940000     16.772426      4.060069
   3960000     16.878637      4.036404
   3980000     16.922310      4.059702
   4000000     16.956591      4.095124
   4020000     17.054150      4.065593
   4040000     17.171437      4.023093
   4060000     17.218787      4.084992
   4080000     17.271491      4.136200
   4100000     17.377252      4.090353
   4120000     17.431863      4.121275
   4140000     17.455781      4.195945
   4160000     17.473435      4.289791
   4180000     17.592944      4.223110
   4200000     17.663611      4.225044
   4220000     17.704173      4.292294
   4240000     17.764384      4.319939
   4260000     17.771048      4.440629
   4280000     17.793799      4.487508
   4300000     17.903437      4.486550
   4320000     17.930150      4.596236
   4340000     17.965340      4.658359
   4360000     17.988809      4.719869
   4380000     17.981902      4.796736
   4400000     18.264965      4.583194
   4420000     18.309694      4.662339
   4440000     18.343203      4.765631
   4460000     18.370760      4.848226
   4480000     18.444507      4.836139
   4500000     18.488178      4.931973
   4520000     18.524336      4.979634
   4540000     18.608063      4.956266
   4560000     18.598086      5.131610
   4580000     18.501998      5.315604
   4600000     18.485592      5.394006
   4620000     18.509446      5.449083
   4640000     18.419959      5.532068
   4660000     18.422740      5.632609
   4680000     18.552890      5.669648
   4700000     18.625728      5.701521
   4720000     18.677631      5.753373
   4740000     18.712691      5.807527
   4760000     18.715891      5.885296
   4780000     18.749710      5.941627
   4800000     18.839636      5.967024
   4820000     18.794026      6.059982
   4840000     18.746664      6.159913
   4860000     18.730330      6.242233
   4880000     18.676289      6.292837
   4900000     18.728791      6.356964
   4920000     18.914328      6.359798
   4940000     18.991236      6.366618
   4960000     19.127020      6.322581
   4980000     18.964109      6.568054
   5000000     18.840822      6.654606
   5020000     18.771361      6.707651
   5040000     18.818200      6.769556
   5060000     18.947859      6.828170
   5080000     18.960652      6.882802
   5100000     18.970229      6.947613
   5120000     19.109087      6.964983
   5140000     19.049730      7.057689
   5160000     19.289548      6.964421
   5180000     19.274465      7.059853
   5200000     19.422670      7.020646
   5220000     19.483068      7.052163
   5240000     19.586521      7.031612
   5260000     19.498600      7.168150
   5280000     19.596956      7.217615
   5300000     19.756575      7.155530
   5320000     19.830617      7.175592
   5340000     19.904331      7.125161
   5360000     19.925618      7.259286
   5380000     19.987531      7.283489
   5400000     20.037457      7.323261
   5420000     20.092199      7.323024
   5440000     20.117410      7.436900
   5460000     20.143025      7.510412
   5480000     20.215414      7.531323
   5500000     20.248527      7.594203
   5520000     20.314114      7.604391
   5540000     20.367577      7.655352
   5560000     20.383390      7.755415
   5580000     20.410627      7.830894
   5600000     20.354919      7.943247
   5620000     20.351610      8.009788
   5640000     20.394203      8.064561
   5660000     20.380336      8.159005
   5680000     20.406527      8.227070
   5700000     20.455700      8.273680
   5720000     20.392050      8.386169
   5740000     20.541821      8.391512
   5760000     20.553420      8.472257
   5780000     20.622322      8.505392
   5800000     20.646838      8.544833
   5820000     20.638625      8.636986
   5840000     20.578066      8.727491
   5860000     20.611006      8.786033
   5880000     20.789489      8.767256
   5900000     20.864225      8.790387
   5920000     20.757429      8.954178
   5940000     20.845946      8.970020
   5960000     20.916155      8.984190
   5980000     20.968480      9.011246
   6000000     20.999766      9.059258
