         0      4.000000      0.000000
     20000      4.015783     -0.008258
     40000      4.031125     -0.006486
     60000      4.042405     -0.001563
     80000      4.051715      0.008490
    100000      4.062784      0.008209
    120000      4.075637      0.001773
    140000      4.084721      0.006148
    160000      4.094086     -0.023228
    180000      4.107633     -0.014518
    200000      4.119016     -0.003877
    220000      4.131025      0.016170
    240000      4.146135      0.004673
    260000      4.156573      0.004748
    280000      4.172147     -0.004323
    300000      4.181783     -0.000853
    320000      4.189187      0.001689
    340000      4.202837     -0.003130
    360000      4.208450     -0.020004
    380000      4.221200     -0.034713
    400000      4.235795     -0.028997
    420000      4.241229     -0.044616
    440000      4.250160     -0.065614
    460000      4.253488     -0.074346
    480000      4.264862     -0.094762
    500000      4.275779     -0.106281
    520000      4.282448     -0.110395
    540000      4.303222     -0.091029
    560000      4.318637     -0.101712
    580000      4.331259     -0.089565
    600000      4.341658     -0.073649
    620000      4.350810     -0.050564
    640000      4.369089     -0.025919
    660000      4.385019     -0.021705
    680000      4.396692     -0.034153
    700000      4.410090     -0.029406
    720000      4.418010     -0.020760
    740000      4.427291     -0.022268
    760000      4.441275     -0.020587
    780000      4.451712     -0.016659
    800000      4.458269     -0.009725
    820000      4.466439     -0.002064
    840000      4.473091      0.007217
    860000      4.482462      0.009338
    880000      4.490963      0.004184
    900000      4.494243      0.010937
    920000      4.499808      0.012450
    940000      4.509234      0.022311
    960000      4.517842      0.041267
    980000      4.535042      0.041904
   1000000      4.550280      0.060223
   1020000      4.560081      0.062025
   1040000      4.578780      0.052154
   1060000      4.585834      0.068421
   1080000      4.592958      0.081969
   1100000      4.607779      0.087534
   1120000      4.621216      0.089006
   1140000      4.619801      0.100347
   1160000      4.621386      0.115108
   1180000      4.642822      0.100511
   1200000      4.652135      0.107658
   1220000      4.658265      0.116877
   1240000      4.668159      0.114093
   1260000      4.677600      0.136583
   1280000      4.679765      0.155143
   1300000      4.688800      0.168011
   1320000      4.684767      0.194498
   1340000      4.696919      0.200141
   1360000      4.703401      0.209067
   1380000      4.716724      0.210984
   1400000      4.732749      0.204857
   1420000      4.752292      0.207469
   1440000      4.755798      0.212847
   1460000      4.767756      0.219814
   1480000      4.774278      0.228298
   1500000      4.782998      0.238660
   1520000      4.806921      0.231211
   1540000      4.810800      0.236455
   1560000      4.831119      0.223819
   1580000      4.846365      0.226117
   1600000      4.854529      0.233013
   1620000      4.863318      0.211474
   1640000      4.875193      0.207003
   1660000      4.891109      0.217680
   1680000      4.904635      0.222287
   1700000      4.910298      0.234945
   1720000      4.918959      0.228507
   1740000      4.929393      0.221486
   1760000      4.950827      0.243353
   1780000      4.964846      0.247560
   1800000      4.966993      0.270429
   1820000      4.980435      0.246600
   1840000      4.993473      0.256257
   1860000      5.003603      0.247386
   1880000      5.011614      0.268624
   1900000      5.024653      0.262610
   1920000      5.040801      0.266131
   1940000      5.051076      0.246971
   1960000      5.063366      0.257375
   1980000      5.071814      0.254984
   2000000      5.080315      0.260246
   2020000      5.088981      0.270941
   2040000      5.102461      0.259216
   2060000      5.116007      0.249835
   2080000      5.126939      0.239349
   2100000      5.135713      0.234568
   2120000      5.149293      0.235799
   2140000      5.161452      0.230611
   2160000      5.168367      0.228692
   2180000      5.177455      0.239983
   2200000      5.186608      0.243759
   2220000      5.194491      0.236971
   2240000      5.198443      0.219061
   2260000      5.216071      0.225614
   2280000      5.231402      0.231305
   2300000      5.240567      0.226073
   2320000      5.256883      0.222320
   2340000      5.261162      0.221095
   2360000      5.272227      0.225118
   2380000      5.284663      0.220817
   2400000      5.294587      0.216923
   2420000      5.307410      0.211349
   2440000      5.322338      0.212670
   2460000      5.338765      0.268142
   2480000      5.349318      0.296463
   2500000      5.368159      0.292030
   2520000      5.376858      0.292578
   2540000      5.392109      0.295126
   2560000      5.400430      0.309612
   2580000      5.406963      0.316074
   2600000      5.420946      0.301462
   2620000      5.429527      0.309804
   2640000      5.441087      0.321108
   2660000      5.447537      0.322316
   2680000      5.463200      0.312408
   2700000      5.467649      0.318696
   2720000      5.479061      0.364019
   2740000      5.484790      0.382084
   2760000      5.492468      0.393967
   2780000      5.504859      0.389007
   2800000      5.520843      0.386985
   2820000      5.533326      0.388241
   2840000      5.542505      0.405785
   2860000      5.555066      0.405296
   2880000      5.570608      0.394548
   2900000      5.587504      0.359140
   2920000      5.600851      0.375787
   2940000      5.604647      0.372036
   2960000      5.614748      0.369395
   2980000      5.626570      0.346810
   3000000      5.635931      0.327830
   3020000      5.652663      0.320268
   3040000      5.663556      0.326330
   3060000      5.677591      0.332348
   3080000      5.692716      0.336316
   3100000      5.706453      0.346099
   3120000      5.711593      0.324283
   3140000      5.722987      0.311540
   3160000      5.738468      0.298339
   3180000      5.754498      0.302964
   3200000      5.767492      0.301390
   3220000      5.766038      0.277287
   3240000      5.777660      0.283685
   3260000      5.779305      0.278457
   3280000      5.798099      0.288070
   3300000      5.807280      0.280780
   3320000      5.819210      0.291572
   3340000      5.822303      0.290303
   3360000      5.833878      0.289574
   3380000      5.850141      0.294092
   3400000      5.861772      0.300473
   3420000      5.878062      0.311149
   3440000      5.884504      0.315681
   3460000      5.895315      0.304382
   3480000      5.905394      0.306684
   3500000      5.916765      0.295028
   3520000      5.925665      0.294967
   3540000      5.941060      0.292727
   3560000      5.945253      0.293633
   3580000      5.957458      0.293044
   3600000      5.973862      0.302461
   3620000      5.977287      0.269514
   3640000      5.990761      0.274430
   3660000      6.004641      0.272446
   3680000      6.012388      0.263752
   3700000      6.016573      0.255126
   3720000      6.027989      0.263256
   3740000      6.039631      0.262301
   3760000      6.053042      0.253977
   3780000      6.070449      0.269922
   3800000      6.084358      0.252970
   3820000      6.092265      0.243781
   3840000      6.109588      0.257220
   3860000      6.121551      0.261633
   3880000      6.132040      0.263187
   3900000      6.150161      0.283981
   3920000      6.158670      0.287035
   3940000      6.177407      0.279801
   3960000      6.185152      0.289766
   3980000      6.195469      0.286545
   4000000      6.210243      0.288430
   4020000      6.215974      0.293407
   4040000      6.227359      0.284996
   4060000      6.239285      0.289312
   4080000      6.250742      0.316660
   4100000      6.254963      0.322464
   4120000      6.259833      0.334985
   4140000      6.262114      0.339488
   4160000      6.288538      0.329713
   4180000      6.306241      0.316085
   4200000      6.315604      0.313093
   4220000      6.328937      0.315557
   4240000      6.342146      0.319103
   4260000      6.356495      0.310284
   4280000      6.371562      0.315859
   4300000      6.384252      0.316960
   4320000      6.392262      0.325976
   4340000      6.405795      0.322328
   4360000      6.410924      0.309153
   4380000      6.418769      0.309904
   4400000      6.432679      0.317049
   4420000      6.450327      0.332624
   4440000      6.459715      0.362293
   4460000      6.467973      0.360366
   4480000      6.479792      0.372849
   4500000      6.489678      0.370648
   4520000      6.502955      0.369933
   4540000      6.513898      0.374517
   4560000      6.522855      0.373520
   4580000      6.537744      0.396995
   4600000      6.553936      0.388015
   4620000      6.565749      0.377705
   4640000      6.574284      0.379152
   4660000      6.581575      0.390733
   4680000      6.584609      0.408452
   4700000      6.595640      0.400160
   4720000      6.607423      0.382405
   4740000      6.620585      0.390346
   4760000      6.623350      0.408936
   4780000      6.634059      0.407353
   4800000      6.644015      0.418519
   4820000      6.658831      0.422126
   4840000      6.674326      0.412662
   4860000      6.675771      0.420647
   4880000      6.690911      0.432413
   4900000      6.692850      0.442769
   4920000      6.700198      0.440945
   4940000      6.722103      0.441038
   4960000      6.731674      0.447586
   4980000      6.744469      0.438757
   5000000      6.718320      0.497883
   5020000      6.733322      0.504306
   5040000      6.736503      0.519290
   5060000      6.745961      0.521443
   5080000      6.748664      0.529586
   5100000      6.757429      0.544191
   5120000      6.768550      0.538885
   5140000      6.757101      0.554650
   5160000      6.788004      0.543139
   5180000      6.805434      0.557434
   5200000      6.818318      0.558881
   5220000      6.828947      0.568395
   5240000      6.840256      0.569254
   5260000      6.843164      0.575367
   5280000      6.861699      0.571075
   5300000      6.867097      0.583144
   5320000      6.886657      0.592949
   5340000      6.887361      0.607385
   5360000      6.904336      0.598878
   5380000      6.921525      0.598999
   5400000      6.936231      0.607420
   5420000      6.942719      0.619017
   5440000      6.943336      0.633222
   5460000      6.945014      0.647750
   5480000      6.954477      0.648629
   5500000      6.956075      0.655146
   5520000      6.971339      0.663874
   5540000      6.962569      0.673546
   5560000      6.972794      0.676685
   5580000      6.993647      0.674236
   5600000      7.002737      0.680247
   5620000      7.002457      0.693895
   5640000      7.013255      0.700744
   5660000      7.020757      0.702594
   5680000      7.002188      0.731455
   5700000      7.003294      0.741765
   5720000      7.007651      0.744441
   5740000      6.990542      0.769988
   5760000      7.005482      0.776575
   5780000      7.002374      0.792233
   5800000      7.009194      0.800839
   5820000      7.008574      0.811096
   5840000      7.018066      0.818602
   5860000      7.023903      0.830505
   5880000      7.026460      0.839677
   5900000      7.020106      0.850694
   5920000      7.011268      0.866411
   5940000      7.021625      0.881613
   5960000      7.038643      0.883108
   5980000      7.044465      0.893834
   6000000      7.042910      0.906451
   6020000      7.046817      0.917182
   6040000      7.072836      0.921736
   6060000      7.053837      0.940099
   6080000      7.058856      0.952475
   6100000      7.062942      0.960075
   6120000      7.069546      0.974181
   6140000      7.067689      0.993030
   6160000      7.096947      0.996795
   6180000      7.099285      1.007046
   6200000      7.095015      1.024099
   6220000      7.092489      1.036238
   6240000      7.094242      1.043874
   6260000      7.111085      1.050257
   6280000      7.122219      1.060040
   6300000      7.123767      1.067549
   6320000      7.109273      1.084575
   6340000      7.096864      1.097556
   6360000      7.093741      1.107368
   6380000      7.109764      1.123555
   6400000      7.115872      1.127711
   6420000      7.123969      1.137866
   6440000      7.105763      1.153844
   6460000      7.103190      1.168181
   6480000      7.100800      1.179328
   6500000      7.096776      1.195744
   6520000      7.094471      1.206538
   6540000      7.092237      1.210687
   6560000      7.078676      1.224110
   6580000      7.070738      1.228670
   6600000      7.073811      1.244859
   6620000      7.069274      1.255921
   6640000      7.089116      1.264939
   6660000      7.084636      1.281989
   6680000      7.093950      1.293606
   6700000      7.131864      1.296658
   6720000      7.136968      1.307865
   6740000      7.149475      1.307959
   6760000      7.148204      1.321003
   6780000      7.145271      1.331867
   6800000      7.151322      1.346562
   6820000      7.153607      1.356486
   6840000      7.159686      1.367152
   6860000      7.157682      1.376380
   6880000      7.179914      1.383046
   6900000      7.156419      1.400978
   6920000      7.195727      1.403593
   6940000      7.197575      1.416236
   6960000      7.209194      1.423103
   6980000      7.214131      1.430088
   7000000      7.205251      1.447713
   7020000      7.222384      1.450538
   7040000      7.239081      1.456898
   7060000      7.241614      1.464843
   7080000      7.247853      1.470556
   7100000      7.265763      1.474024
   7120000      7.281358      1.474095
   7140000      7.287247      1.487112
   7160000      7.282154      1.513277
   7180000      7.273743      1.527352
   7200000      7.269966      1.551632
   7220000      7.275402      1.557523
   7240000      7.287193      1.562789
   7260000      7.299959      1.561499
   7280000      7.288302      1.585044
   7300000      7.308562      1.587431
   7320000      7.313631      1.607983
   7340000      7.315073      1.613226
   7360000      7.313820      1.630633
   7380000      7.331796      1.632786
   7400000      7.347873      1.639300
   7420000      7.352652      1.656711
   7440000      7.355961      1.660153
   7460000      7.350424      1.674998
   7480000      7.344875      1.687177
   7500000      7.343723      1.692189
   7520000      7.344907      1.705489
   7540000      7.338514      1.708717
   7560000      7.334337      1.723932
   7580000      7.336814      1.731294
   7600000      7.347429      1.743001
   7620000      7.361206      1.753595
   7640000      7.353730      1.768816
   7660000      7.377308      1.773531
   7680000      7.392024      1.780967
   7700000      7.408100      1.785257
   7720000      7.409369      1.792521
   7740000      7.419505      1.795962
   7760000      7.380912      1.827777
   7780000      7.398011      1.832326
   7800000      7.368117      1.854536
   7820000      7.360599      1.864734
   7840000      7.359141      1.880901
   7860000      7.353032      1.889923
   7880000      7.363594      1.900745
   7900000      7.356086      1.915277
   7920000      7.315894      1.930833
   7940000      7.308075      1.939756
   7960000      7.308723      1.944592
   7980000      7.301099      1.957096
   8000000      7.300060      1.974373
   8020000      7.286759      1.981833
   8040000      7.302641      1.999612
   8060000      7.317630      2.008970
   8080000      7.317130      2.020701
   8100000      7.308573      2.023554
   8120000      7.337494      2.033672
   8140000      7.336776      2.051555
   8160000      7.333784      2.055930
   8180000      7.334226      2.069841
   8200000      7.343574      2.083612
   8220000      7.337898      2.092064
   8240000      7.354632      2.105492
   8260000      7.352488      2.119928
   8280000      7.344411      2.131870
   8300000      7.352413      2.138120
   8320000      7.362100      2.148968
   8340000      7.377324      2.148520
   8360000      7.376357      2.168793
   8380000      7.375720      2.175945
   8400000      7.367747      2.188015
   8420000      7.377827      2.202633
   8440000      7.375787      2.219756
   8460000      7.369582      2.230584
   8480000      7.368002      2.240484
   8500000      7.362412      2.254890
   8520000      7.375777      2.257453
   8540000      7.402869      2.265206
   8560000      7.402649      2.276946
   8580000      7.400157      2.287770
   8600000      7.396137      2.303793
   8620000      7.409938      2.302963
   8640000      7.415812      2.313647
   8660000      7.398425      2.334718
   8680000      7.401199      2.351603
   8700000      7.420861      2.355502
   8720000      7.417282      2.370585
   8740000      7.420048      2.372866
   8760000      7.404104      2.391872
   8780000      7.401585      2.402536
   8800000      7.409489      2.411601
   8820000      7.406450      2.419260
   8840000      7.432298      2.427108
   8860000      7.373310      2.452347
   8880000      7.372293      2.463812
   8900000      7.352255      2.462104
   8920000      7.336624      2.474333
   8940000      7.324945      2.479362
   8960000      7.318479      2.491779
   8980000      7.307477      2.494958
   9000000      7.279601      2.488730
   9020000      7.271517      2.494410
   9040000      7.263511      2.508473
   9060000      7.271542      2.516429
   9080000      7.270959      2.535424
   9100000      7.274089      2.536500
   9120000      7.250821      2.539126
   9140000      7.254022      2.555819
   9160000      7.246351      2.572420
   9180000      7.230893      2.583124
   9200000      7.235072      2.604695
   9220000      7.230019      2.614765
   9240000      7.211395      2.607518
   9260000      7.233718      2.638234
   9280000      7.233049      2.650555
   9300000      7.232514      2.656614
   9320000      7.199846      2.649605
   9340000      7.185701      2.658899
   9360000      7.184279      2.664475
   9380000      7.171710      2.667387
   9400000      7.172789      2.689230
   9420000      7.167977      2.689190
   9440000      7.159471      2.704363
   9460000      7.149402      2.705627
   9480000      7.153167      2.719453
   9500000      7.145868      2.729506
   9520000      7.119879      2.729415
   9540000      7.112638      2.744495
   9560000      7.124061      2.757830
   9580000      7.122909      2.770983
   9600000      7.128833      2.785226
   9620000      7.133578      2.790835
   9640000      7.131711      2.806671
   9660000      7.126764      2.821123
   9680000      7.121673      2.832515
   9700000      7.113410      2.840513
   9720000      7.112211      2.856791
   9740000      7.095174      2.856227
   9760000      7.098271      2.878572
   9780000      7.071783      2.876628
   9800000      7.054818      2.880818
   9820000      7.049000      2.880548
   9840000      7.051380      2.897428
   9860000      7.057537      2.914436
   9880000      7.048730      2.912114
   9900000      7.039875      2.917432
   9920000      7.024396      2.913797
   9940000      7.027548      2.926728
   9960000      7.017444      2.927500
   9980000      7.005415      2.934098
  10000000      6.989754      2.935940
