         0      4.000000      0.000000
     20000      4.015803     -0.014667
     40000      4.027931      0.015718
     60000      4.045663     -0.008487
     80000      4.063972     -0.021650
    100000      4.078599     -0.035192
    120000      4.092968     -0.049431
    140000      4.104612     -0.061629
    160000      4.129367     -0.037533
    180000      4.147181     -0.040194
    200000      4.156773     -0.028906
    220000      4.171128     -0.035490
    240000      4.182597     -0.042194
    260000      4.195147     -0.067887
    280000      4.212158     -0.059062
    300000      4.226420     -0.063080
    320000      4.232630     -0.090353
    340000      4.256627     -0.073481
    360000      4.277748     -0.047075
    380000      4.272129      0.149252
    400000      4.305553      0.122484
    420000      4.314195      0.144645
    440000      4.327780      0.157654
    460000      4.341976      0.178239
    480000      4.353189      0.193319
    500000      4.378405      0.179184
    520000      4.391199      0.187752
    540000      4.403013      0.223377
    560000      4.413530      0.232134
    580000      4.443970      0.228843
    600000      4.462963      0.215639
    620000      4.476604      0.227787
    640000      4.482354      0.255628
    660000      4.496429      0.269379
    680000      4.513980      0.265770
    700000      4.526052      0.268827
    720000      4.544683      0.264512
    740000      4.559950      0.258370
    760000      4.577566      0.253147
    780000      4.594404      0.249301
    800000      4.606935      0.260592
    820000      4.645659      0.169176
    840000      4.659541      0.154066
    860000      4.674816      0.138069
    880000      4.694857      0.132660
    900000      4.709578      0.127249
    920000      4.721687      0.106632
    940000      4.749219      0.124680
    960000      4.767380      0.139251
    980000      4.781845      0.139058
   1000000      4.794073      0.150481
   1020000      4.809849      0.154693
   1040000      4.826038      0.126450
   1060000      4.840766      0.144265
   1080000      4.853007      0.177949
   1100000      4.862785      0.208696
   1120000      4.891065      0.136163
   1140000      4.904569      0.109195
   1160000      4.923685      0.110283
   1180000      4.943707      0.123607
   1200000      4.963025      0.106169
   1220000      4.983495      0.116742
   1240000      4.950261     -0.040685
   1260000      4.990530     -0.031361
   1280000      5.030361      0.025321
   1300000      5.041958      0.024625
   1320000      5.053876      0.016383
   1340000      5.069831      0.005760
   1360000      5.088036      0.024329
   1380000      5.104200      0.027856
   1400000      5.121042      0.022111
   1420000      5.126766     -0.007972
   1440000      5.138446     -0.037948
   1460000      5.143120     -0.052631
   1480000      5.150578     -0.080902
   1500000      5.207553      0.037230
   1520000      5.214129     -0.053202
   1540000      5.232562     -0.047020
   1560000      5.256988      0.014192
   1580000      5.245057     -0.116121
   1600000      5.293267     -0.071929
   1620000      5.304035     -0.083624
   1640000      5.322727     -0.083765
   1660000      5.350544     -0.077674
   1680000      5.365180     -0.073603
   1700000      5.384390     -0.068432
   1720000      5.408390     -0.047124
   1740000      5.417509     -0.019876
   1760000      5.436658     -0.054391
   1780000      5.442756     -0.092115
   1800000      5.441478     -0.124190
   1820000      5.478167     -0.045163
   1840000      5.496486     -0.042027
   1860000      5.507004     -0.043208
   1880000      5.522856     -0.063021
   1900000      5.528046     -0.102462
   1920000      5.527598     -0.135599
   1940000      5.512808     -0.185324
   1960000      5.538471     -0.194049
   1980000      5.557648     -0.201572
   2000000      5.592058     -0.188675
   2020000      5.607635     -0.201208
   2040000      5.626657     -0.186970
   2060000      5.635293     -0.187353
   2080000      5.646044     -0.197905
   2100000      5.676104     -0.165104
   2120000      5.696040     -0.181322
   2140000      5.737062     -0.097934
   2160000      5.751025     -0.093056
   2180000      5.763742     -0.095903
   2200000      5.769936     -0.172545
   2220000      5.806562     -0.076797
   2240000      5.823808     -0.085214
   2260000      5.829182     -0.101335
   2280000      5.847095     -0.099810
   2300000      5.863984     -0.097169
   2320000      5.872298     -0.113429
   2340000      5.880509     -0.165065
   2360000      5.902673     -0.102801
   2380000      5.920786     -0.116416
   2400000      5.935387     -0.111601
   2420000      5.946327     -0.127712
   2440000      5.940455     -0.146934
   2460000      5.986150     -0.021021
   2480000      6.009619     -0.055811
   2500000      6.028240     -0.058081
   2520000      6.045753     -0.053087
   2540000      6.067381     -0.038923
   2560000      6.077454      0.005521
   2580000      6.088832      0.014547
   2600000      6.117676     -0.041730
   2620000      6.120551     -0.116076
   2640000      6.143701     -0.013138
   2660000      6.162726      0.015710
   2680000      6.183312      0.014214
   2700000      6.201482      0.022913
   2720000      6.218328      0.023946
   2740000      6.232235      0.021565
   2760000      6.246596      0.024002
   2780000      6.262460      0.034324
   2800000      6.276962      0.041047
   2820000      6.285048      0.056711
   2840000      6.300644      0.062799
   2860000      6.316335      0.062248
   2880000      6.339472      0.049007
   2900000      6.363801      0.037280
   2920000      6.378697      0.052964
   2940000      6.394112      0.048278
   2960000      6.411487      0.035659
   2980000      6.423421      0.049414
   3000000      6.431645      0.084914
   3020000      6.432160      0.134506
   3040000      6.423550      0.187525
   3060000      6.422127      0.210655
   3080000      6.453031      0.213490
   3100000      6.465935      0.216371
   3120000      6.476589      0.226486
   3140000      6.469663      0.254335
   3160000      6.478330      0.274074
   3180000      6.490980      0.285489
   3200000      6.486618      0.302280
   3220000      6.518270      0.304500
   3240000      6.541272      0.313294
   3260000      6.495244      0.354100
   3280000      6.541007      0.342038
   3300000      6.548034      0.358138
   3320000      6.551400      0.373839
   3340000      6.529574      0.399142
   3360000      6.523114      0.416288
   3380000      6.542817      0.423123
   3400000      6.544441      0.432175
   3420000      6.550488      0.445335
   3440000      6.533959      0.476145
   3460000      6.505920      0.494040
   3480000      6.488968      0.504139
   3500000      6.483482      0.514460
   3520000      6.482882      0.525840
   3540000      6.515991      0.543174
   3560000      6.531020      0.558992
   3580000      6.536657      0.574773
   3600000      6.578110      0.584305
   3620000      6.604282      0.592911
   3640000      6.602117      0.613682
   3660000      6.605788      0.624277
   3680000      6.638214      0.629974
   3700000      6.647410      0.636487
   3720000      6.640192      0.665631
   3740000      6.639696      0.675673
   3760000      6.646782      0.688072
   3780000      6.680881      0.679400
   3800000      6.695892      0.680870
   3820000      6.674766      0.722631
   3840000      6.646191      0.756160
   3860000      6.663882      0.761613
   3880000      6.686892      0.775702
   3900000      6.672398      0.801683
   3920000      6.660792      0.821233
   3940000      6.619731      0.833734
   3960000      6.654285      0.848693
   3980000      6.610976      0.876131
   4000000      6.591997      0.883134
   4020000      6.562749      0.878284
   4040000      6.562201      0.899725
   4060000      6.756619      0.890870
   4080000      6.771065      0.906232
   4100000      6.807670      0.910663
   4120000      6.813360      0.933809
   4140000      6.786302      0.959806
   4160000      6.780788      0.981278
   4180000      6.772896      0.998036
   4200000      6.758004      1.023594
   4220000      6.745634      1.038853
   4240000      6.752076      1.059351
   4260000      6.792220      1.051757
   4280000      6.799738      1.068149
   4300000      6.776249      1.092437
   4320000      6.789228      1.101548
   4340000      6.835156      1.093653
   4360000      6.840157      1.108701
   4380000      6.821753      1.143074
   4400000      6.844976      1.161224
   4420000      6.863756      1.162232
   4440000      6.856583      1.184887
   4460000      6.815814      1.207753
   4480000      6.860904      1.212656
   4500000      6.825806      1.245403
   4520000      6.836016      1.255307
   4540000      6.833139      1.266775
   4560000      6.863655      1.268820
   4580000      6.859849      1.285348
   4600000      6.874647      1.297278
   4620000      6.868606      1.309205
   4640000      6.864119      1.337311
   4660000      6.855220      1.354358
   4680000      6.882002      1.355387
   4700000      6.881954      1.368854
   4720000      6.857641      1.394248
   4740000      6.913509      1.388502
   4760000      6.854412      1.430312
   4780000      6.828110      1.453252
   4800000      6.882870      1.472278
   4820000      6.911386      1.479015
   4840000      6.936091      1.489913
   4860000      6.946588      1.501730
   4880000      6.855216      1.549858
   4900000      6.848674      1.560379
   4920000      6.823971      1.578858
   4940000      6.830163      1.599928
   4960000      6.831724      1.613675
   4980000      6.853162      1.626678
   5000000      6.854829      1.638755
   5020000      6.866118      1.653143
   5040000      6.866632      1.671736
   5060000      6.885059      1.685063
   5080000      6.912017      1.692272
   5100000      6.914504      1.714641
   5120000      6.898248      1.739296
   5140000      6.871759      1.753322
   5160000      6.885362      1.765141
   5180000      6.900543      1.779734
   5200000      6.914016      1.785703
   5220000      6.909817      1.803015
   5240000      6.890671      1.824152
   5260000      6.890591      1.838012
   5280000      6.846901      1.858567
   5300000      6.834965      1.866469
   5320000      6.838808      1.880527
   5340000      6.841566      1.901767
   5360000      6.848642      1.920170
   5380000      6.843209      1.930695
   5400000      6.889999      1.945863
   5420000      6.812353      1.954828
   5440000      6.799701      1.966064
   5460000      6.804422      1.989526
   5480000      6.832400      2.013932
   5500000      6.845041      2.028839
   5520000      6.852400      2.041829
   5540000      6.890615      2.051979
   5560000      6.932791      2.055021
   5580000      6.881973      2.099345
   5600000      6.882892      2.115218
   5620000      6.887403      2.128227
   5640000      6.887156      2.139224
   5660000      6.870512      2.156630
   5680000      6.875706      2.176518
   5700000      6.916918      2.190405
   5720000      6.870971      2.219474
   5740000      6.920174      2.227861
   5760000      6.892769      2.253603
   5780000      6.886819      2.263872
   5800000      6.898035      2.279732
   5820000      6.909255      2.294722
   5840000      6.914852      2.311277
   5860000      6.945306      2.315827
   5880000      6.936059      2.338883
   5900000      6.943881      2.361715
   5920000      6.956770      2.366481
   5940000      6.968685      2.380692
   5960000      6.972485      2.394468
   5980000      6.952531      2.422918
   6000000      6.975348      2.429851
   6020000      6.980995      2.430427
   6040000      6.991042      2.440891
   6060000      7.018444      2.429786
   6080000      7.013520      2.445468
   6100000      7.065480      2.404000
   6120000      6.996450      2.484755
   6140000      6.998178      2.500381
   6160000      6.997153      2.510202
   6180000      6.998022      2.523367
   6200000      7.011401      2.535474
   6220000      7.015781      2.554764
   6240000      6.974821      2.578271
   6260000      6.979429      2.598875
   6280000      7.031229      2.605097
   6300000      7.096151      2.587704
   6320000      7.118770      2.587791
   6340000      7.124138      2.598586
   6360000      7.130504      2.618769
   6380000      7.143689      2.600701
   6400000      7.102451      2.671297
   6420000      7.156139      2.664238
   6440000      7.163704      2.674681
   6460000      7.173723      2.686204
   6480000      7.197592      2.679037
   6500000      7.204677      2.691652
   6520000      7.219886      2.699705
   6540000      7.230604      2.709039
   6560000      7.198783      2.751922
   6580000      7.238656      2.741051
   6600000      7.223708      2.770220
   6620000      7.229444      2.779962
   6640000      7.234700      2.791907
   6660000      7.232651      2.808800
   6680000      7.241976      2.823088
   6700000      7.270588      2.812384
   6720000      7.268766      2.836127
   6740000      7.261679      2.864892
   6760000      7.273993      2.863619
   6780000      7.180807      2.940886
   6800000      7.139641      2.966048
   6820000      7.131416      2.980715
   6840000      7.106337      2.985426
   6860000      7.130646      3.014215
   6880000      7.145886      3.029114
   6900000      7.136461      3.040354
   6920000      7.083926      3.057312
   6940000      7.135767      3.075103
   6960000      7.140111      3.086541
   6980000      7.291996      3.078000
   7000000      7.283680      3.099080
   7020000      7.299099      3.117597
   7040000      7.305010      3.131638
   7060000      7.282690      3.155558
   7080000      7.314618      3.165924
   7100000      7.290685      3.183210
   7120000      7.279935      3.194126
   7140000      7.239587      3.210932
   7160000      7.272782      3.241980
   7180000      7.294643      3.254430
   7200000      7.331809      3.276374
   7220000      7.336534      3.286025
   7240000      7.352638      3.301518
   7260000      7.361059      3.311488
   7280000      7.343778      3.335106
   7300000      7.401867      3.336968
   7320000      7.419202      3.347439
   7340000      7.442064      3.360745
   7360000      7.433001      3.387226
   7380000      7.406605      3.409954
   7400000      7.389248      3.418378
   7420000      7.517075      3.399878
   7440000      7.498282      3.425911
   7460000      7.511719      3.442457
   7480000      7.490322      3.446214
   7500000      7.610587      3.425117
   7520000      7.621820      3.437325
   7540000      7.610858      3.458959
   7560000      7.631823      3.461104
   7580000      7.644291      3.474591
   7600000      7.619923      3.512260
   7620000      7.580749      3.543587
   7640000      7.595932      3.556563
   7660000      7.687437      3.528279
   7680000      7.727285      3.504695
   7700000      7.731484      3.523017
   7720000      7.777002      3.466046
   7740000      7.803521      3.439697
   7760000      7.813982      3.469836
   7780000      7.813835      3.512228
   7800000      7.834538      3.498912
   7820000      7.847606      3.499459
   7840000      7.875459      3.484306
   7860000      7.888432      3.462362
   7880000      7.900046      3.458533
   7900000      7.880323      3.574646
   7920000      7.905116      3.583674
   7940000      7.914098      3.593010
   7960000      7.906689      3.628557
   7980000      7.933542      3.625984
   8000000      7.961968      3.606806
   8020000      7.989220      3.583553
   8040000      7.999989      3.589896
   8060000      8.016370      3.598640
   8080000      8.032968      3.589761
   8100000      8.054419      3.555573
   8120000      8.076131      3.562710
   8140000      8.103894      3.568045
   8160000      8.132991      3.538848
   8180000      8.159445      3.502666
   8200000      8.173181      3.532084
   8220000      8.180205      3.547855
   8240000      8.193348      3.408658
   8260000      8.145769      3.728309
   8280000      8.193862      3.675555
   8300000      8.200264      3.697131
   8320000      8.218042      3.694536
   8340000      8.237019      3.694555
   8360000      8.247049      3.697499
   8380000      8.266320      3.685424
   8400000      8.276309      3.686853
   8420000      8.285523      3.698139
   8440000      8.305783      3.688992
   8460000      8.318265      3.667374
   8480000      8.321346      3.724891
   8500000      8.329296      3.740762
   8520000      8.347866      3.735648
   8540000      8.361507      3.738494
   8560000      8.364925      3.765879
   8580000      8.370270      3.781203
   8600000      8.394918      3.779490
   8620000      8.407344      3.791475
   8640000      8.417818      3.817508
   8660000      8.450315      3.802870
   8680000      8.465506      3.809675
   8700000      8.489007      3.791100
   8720000      8.487465      3.832656
   8740000      8.486160      3.859328
   8760000      8.493474      3.868642
   8780000      8.514801      3.864480
   8800000      8.558090      3.838534
   8820000      8.579187      3.849286
   8840000      8.593700      3.862780
   8860000      8.610778      3.859354
   8880000      8.617131      3.871885
   8900000      8.630128      3.878038
   8920000      8.634776      3.893563
   8940000      8.655930      3.898369
   8960000      8.701993      3.810476
   8980000      8.681264      3.917868
   9000000      8.685015      3.956839
   9020000      8.683773      3.983579
   9040000      8.702493      3.980956
   9060000      8.708941      3.999046
   9080000      8.715039      4.012107
   9100000      8.713321      4.029465
   9120000      8.717405      4.042924
   9140000      8.752073      4.033589
   9160000      8.780863      4.016567
   9180000      8.795100      4.024428
   9200000      8.794994      4.054008
   9220000      8.813691      4.059685
   9240000      8.856105      4.015060
   9260000      8.893157      3.913808
   9280000      8.903670      3.909517
   9300000      8.911603      3.893768
   9320000      8.938643      3.898147
   9340000      8.945248      3.871651
   9360000      8.970135      3.935613
   9380000      8.981427      3.935376
   9400000      9.003867      3.928673
   9420000      9.015777      3.897646
   9440000      9.020445      3.877639
   9460000      9.037938      3.973487
   9480000      9.037565      4.032748
   9500000      9.059628      4.010013
   9520000      9.070280      4.047786
   9540000      9.088587      4.058242
   9560000      9.100335      4.059696
   9580000      9.111295      4.085699
   9600000      9.131105      4.087609
   9620000      9.137497      4.101942
   9640000      9.166366      4.088569
   9660000      9.190834      4.052762
   9680000      9.191808      4.100581
   9700000      9.221316      4.063467
   9720000      9.220062      4.120963
   9740000      9.239773      4.098725
   9760000      9.252609      4.113966
   9780000      9.259835      4.104748
   9800000      9.274853      4.101871
   9820000      9.284387      4.103103
   9840000      9.299521      4.117738
   9860000      9.306702      4.117418
   9880000      9.318163      4.147641
   9900000      9.325460      4.180690
   9920000      9.335725      4.168859
   9940000      9.354021      4.147702
   9960000      9.362242      4.246475
   9980000      9.353624      4.285157
  10000000      9.373783      4.287858
