         0      4.000000      0.000000
     20000      4.044077     -0.053982
     40000      4.094957     -0.092553
     60000      4.100323     -0.210801
     80000      4.235377     -0.171171
    100000      4.286592     -0.244923
    120000      4.310752     -0.304163
    140000      4.408725     -0.275219
    160000      4.409416     -0.408834
    180000      4.457896     -0.433158
    200000      4.617178     -0.301044
    220000      4.646379     -0.352346
    240000      4.701054     -0.357244
    260000      4.867779     -0.216634
    280000      4.932805     -0.241758
    300000      5.002710     -0.283099
    320000      5.069297     -0.310431
    340000      5.118843     -0.353675
    360000      5.183787     -0.375030
    380000      5.227773     -0.430773
    400000      5.349728     -0.365573
    420000      5.423085     -0.393444
    440000      5.500707     -0.384282
    460000      5.555997     -0.455387
    480000      5.612548     -0.492310
    500000      5.699811     -0.464812
    520000      5.798724     -0.413038
    540000      5.848939     -0.395339
    560000      5.914374     -0.462971
    580000      5.979495     -0.577931
    600000      5.976960     -0.717286
    620000      6.077200     -0.681679
    640000      6.047056     -0.823214
    660000      6.061419     -0.915875
    680000      6.169215     -0.914882
    700000      6.193671     -0.988532
    720000      6.296381     -0.971724
    740000      6.270492     -1.115112
    760000      6.385428     -1.097674
    780000      6.439469     -1.139715
    800000      6.500848     -1.169348
    820000      6.578658     -1.165860
    840000      6.639628     -1.194032
    860000      6.740934     -1.159559
    880000      6.783505     -1.252688
    900000      6.764131     -1.345382
    920000      6.724300     -1.476289
    940000      6.733609     -1.562148
    960000      6.671578     -1.644147
    980000      6.788045     -1.675812
   1000000      6.695279     -1.768276
   1020000      6.782125     -1.826089
   1040000      6.735254     -1.925501
   1060000      6.827095     -1.965939
   1080000      6.872403     -2.006367
   1100000      6.814927     -2.105533
   1120000      6.765402     -2.179314
   1140000      6.728830     -2.265137
   1160000      6.780118     -2.330541
   1180000      6.872042     -2.417198
   1200000      6.766880     -2.503765
   1220000      6.858429     -2.541971
   1240000      6.866166     -2.614344
   1260000      7.072266     -2.581872
   1280000      7.186843     -2.574725
   1300000      7.259242     -2.563632
   1320000      7.299615     -2.690639
   1340000      7.282972     -2.820591
   1360000      7.363892     -2.844575
   1380000      7.438453     -2.853446
   1400000      7.425971     -2.998255
   1420000      7.563071     -2.951053
   1440000      7.528144     -3.106661
   1460000      7.568348     -3.163692
   1480000      7.525178     -3.259078
   1500000      7.573649     -3.325930
   1520000      7.604917     -3.395769
   1540000      7.590516     -3.475169
   1560000      7.609004     -3.539725
   1580000      7.707326     -3.587201
   1600000      7.838759     -3.581206
   1620000      7.873725     -3.608764
   1640000      7.888347     -3.717992
   1660000      7.945804     -3.762039
   1680000      7.883536     -3.885381
   1700000      7.890801     -3.952972
   1720000      8.009591     -3.970828
   1740000      8.033378     -4.030313
   1760000      7.872586     -4.167561
   1780000      7.733989     -4.220570
   1800000      7.763939     -4.283814
   1820000      7.909785     -4.379327
   1840000      7.834421     -4.472579
   1860000      7.781582     -4.523332
   1880000      7.701630     -4.540624
   1900000      7.687940     -4.613550
   1920000      7.648551     -4.693888
   1940000      7.640302     -4.768981
   1960000      7.726030     -4.880254
   1980000      7.807731     -4.965877
   2000000      7.808187     -5.038497
   2020000      7.848972     -5.099106
   2040000      7.924560     -5.164377
   2060000      7.909331     -5.236280
   2080000      7.937232     -5.293043
   2100000      7.910218     -5.366620
   2120000      7.902946     -5.436981
   2140000      7.879194     -5.492690
   2160000      7.864292     -5.558327
   2180000      7.902317     -5.643029
   2200000      7.923256     -5.696641
   2220000      7.872303     -5.771023
   2240000      7.889357     -5.829613
   2260000      7.889645     -5.894998
   2280000      7.988423     -5.973311
   2300000      7.873822     -6.067345
   2320000      7.910268     -6.129257
   2340000      7.895088     -6.199780
   2360000      7.825585     -6.267011
   2380000      7.896669     -6.331191
   2400000      7.866453     -6.410633
   2420000      7.844274     -6.491677
   2440000      7.908825     -6.555458
   2460000      7.961907     -6.613268
   2480000      8.073718     -6.671874
   2500000      8.132817     -6.699328
   2520000      8.105194     -6.782435
   2540000      8.107482     -6.843511
   2560000      8.155484     -6.884412
   2580000      8.150076     -6.943210
   2600000      8.225886     -7.016330
   2620000      8.293037     -7.076508
   2640000      8.390801     -7.105953
   2660000      8.425497     -7.160429
   2680000      8.349850     -7.252616
   2700000      8.530226     -7.262455
   2720000      8.401772     -7.388273
   2740000      8.403198     -7.452258
   2760000      8.366630     -7.498147
   2780000      8.338329     -7.538319
   2800000      8.663862     -7.582822
   2820000      8.732760     -7.608035
   2840000      8.806515     -7.673723
   2860000      8.762278     -7.734621
   2880000      8.861149     -7.770972
   2900000      8.874189     -7.835006
   2920000      8.981097     -7.870156
   2940000      9.035645     -7.910266
   2960000      9.110075     -7.909176
   2980000      9.095612     -8.034251
   3000000      9.228741     -7.991342
   3020000      9.215532     -8.113267
   3040000      9.214178     -8.178980
   3060000      9.370820     -8.122167
   3080000      9.473716     -8.089894
   3100000      9.394685     -8.307413
   3120000      9.444098     -8.343010
   3140000      9.544309     -8.364205
   3160000      9.538263     -8.443502
   3180000      9.518162     -8.526128
   3200000      9.532529     -8.592655
   3220000      9.629658     -8.630949
   3240000      9.637953     -8.715383
   3260000      9.818936     -8.665570
   3280000      9.852326     -8.707851
   3300000      9.873547     -8.786540
   3320000      9.927220     -8.824382
   3340000      9.880590     -8.960176
   3360000      9.907747     -9.002304
   3380000     10.070754     -8.972714
   3400000     10.126767     -9.009228
   3420000     10.194150     -9.045580
   3440000     10.202033     -9.128570
   3460000     10.204747     -9.222093
   3480000     10.233985     -9.283732
   3500000     10.258614     -9.360259
   3520000     10.275074     -9.427559
   3540000     10.312341     -9.490161
   3560000     10.305939     -9.584784
   3580000     10.324862     -9.645059
   3600000     10.487222     -9.624270
   3620000     10.537289     -9.692280
   3640000     10.561243     -9.757110
   3660000     10.716426     -9.667498
   3680000     10.788117     -9.634570
   3700000     10.886444     -9.519975
   3720000     10.954708     -9.473758
   3740000     11.048147     -9.575069
   3760000     11.066605     -9.638237
   3780000     11.200581     -9.553556
   3800000     11.272478     -9.491772
   3820000     11.295495     -9.334910
   3840000     11.335604     -9.290195
   3860000     11.435816     -9.307696
   3880000     11.491097     -9.263934
   3900000     11.522362     -9.196316
   3920000     11.555476     -9.153436
   3940000     11.662022     -9.208237
   3960000     11.755626     -9.218511
   3980000     11.811844     -9.110267
   4000000     11.890437     -9.176659
   4020000     11.953770     -9.170262
   4040000     12.013913     -9.198896
   4060000     12.064036     -9.219849
   4080000     12.094847     -8.999515
   4100000     12.140820     -8.954475
   4120000     12.180243     -8.918447
   4140000     12.292907     -8.930472
   4160000     12.303682     -8.851256
   4180000     12.400611     -8.866100
   4200000     12.418126     -8.788098
   4220000     12.506995     -8.803342
   4240000     12.563724     -8.757536
   4260000     12.683250     -8.824225
   4280000     12.761605     -8.791144
   4300000     12.803041     -8.736453
   4320000     12.831190     -8.663190
   4340000     12.974887     -8.746958
   4360000     13.012673     -8.679494
   4380000     13.111418     -8.696065
   4400000     13.190828     -8.762637
   4420000     13.247866     -8.703273
   4440000     13.292025     -8.621607
   4460000     13.322750     -8.527725
   4480000     13.346696     -8.437544
   4500000     13.471101     -8.466307
   4520000     13.627208     -8.611311
   4540000     13.685975     -8.633758
   4560000     13.748670     -8.670214
   4580000     13.834252     -8.580322
   4600000     13.908964     -8.558249
   4620000     13.942872     -8.500993
   4640000     13.997490     -8.467547
   4660000     14.056297     -8.465693
   4680000     14.151783     -8.452991
   4700000     14.190907     -8.363113
   4720000     14.218154     -8.319119
   4740000     14.313531     -8.331292
   4760000     14.343973     -8.262665
   4780000     14.337867     -8.168154
   4800000     14.538944     -8.359070
   4820000     14.512967     -8.126168
   4840000     14.635325     -8.213454
   4860000     14.690338     -8.215128
   4880000     14.748585     -8.189884
   4900000     14.726143     -8.064425
   4920000     14.854233     -8.095310
   4940000     14.923960     -8.082685
   4960000     14.989465     -8.047184
   4980000     15.088248     -8.091744
   5000000     15.161523     -8.085172
   5020000     15.216658     -8.001965
   5040000     15.271485     -7.948837
   5060000     15.327367     -7.905628
   5080000     15.392331     -7.869823
   5100000     15.473294     -7.880141
   5120000     15.541176     -7.851541
   5140000     15.531679     -7.754284
   5160000     15.544355     -7.718169
   5180000     15.654926     -7.707057
   5200000     15.657588     -7.599949
   5220000     15.736223     -7.578278
   5240000     15.741639     -7.476528
   5260000     15.741804     -7.399833
   5280000     15.849341     -7.379324
   5300000     15.872250     -7.304770
   5320000     16.020075     -7.357663
   5340000     15.967206     -7.247687
   5360000     15.960380     -7.166141
   5380000     16.135078     -7.172217
   5400000     16.248652     -7.214308
   5420000     16.323185     -7.213050
   5440000     16.373407     -7.181581
   5460000     16.464913     -7.293611
   5480000     16.526358     -7.245938
   5500000     16.615634     -7.233897
   5520000     16.681377     -7.189827
   5540000     16.734986     -7.159636
   5560000     16.778785     -7.084318
   5580000     16.849139     -7.053869
   5600000     16.934506     -7.066420
   5620000     16.999305     -7.048571
   5640000     17.061511     -7.029389
   5660000     17.136053     -7.041282
   5680000     17.215867     -7.064343
   5700000     17.279928     -7.056293
   5720000     17.352971     -7.062441
   5740000     17.376511     -6.877911
   5760000     17.477710     -7.109473
   5780000     17.535090     -7.155620
   5800000     17.617537     -7.132789
   5820000     17.674226     -7.135693
   5840000     17.732408     -7.182187
   5860000     17.785366     -7.320686
   5880000     17.860046     -7.321524
   5900000     17.916279     -7.334245
   5920000     17.967022     -7.439940
   5940000     18.042291     -7.369625
   5960000     18.115826     -7.421018
   5980000     18.172153     -7.414950
   6000000     18.249250     -7.503893
