         0      4.000000      0.000000
     20000      4.044137     -0.019199
     40000      4.089180     -0.074360
     60000      4.177560      0.158817
     80000      4.230992      0.164289
    100000      4.215501      0.406055
    120000      4.331021      0.296878
    140000      4.333371      0.427610
    160000      4.455208      0.341273
    180000      4.523478      0.323766
    200000      4.542392      0.404550
    220000      4.597193      0.470845
    240000      4.667163      0.480587
    260000      4.715075      0.515829
    280000      4.815148      0.276428
    300000      4.883036      0.360422
    320000      4.947355      0.274518
    340000      5.018128      0.336686
    360000      5.075418      0.330563
    380000      5.144201      0.288170
    400000      5.215233      0.301437
    420000      5.300761      0.156452
    440000      5.358179      0.190525
    460000      5.427148      0.241547
    480000      5.507381      0.187799
    500000      5.569278      0.139252
    520000      5.624836      0.167643
    540000      5.685098      0.165790
    560000      5.755846     -0.081007
    580000      5.813503     -0.120497
    600000      5.864588     -0.057448
    620000      5.925279     -0.025961
    640000      5.986176     -0.094922
    660000      6.051107      0.051091
    680000      6.119467      0.129622
    700000      6.184730      0.173637
    720000      6.267615      0.151478
    740000      6.279794      0.366319
    760000      6.487225      0.235559
    780000      6.525278     -0.013003
    800000      6.548441     -0.158513
    820000      6.678856      0.086943
    840000      6.712017     -0.052316
    860000      6.771486     -0.106786
    880000      6.781425     -0.185755
    900000      6.675993     -0.334925
    920000      6.814149     -0.320895
    940000      6.859089     -0.357783
    960000      6.866858     -0.406646
    980000      6.995154     -0.378843
   1000000      7.018135     -0.445799
   1020000      7.113495     -0.447917
   1040000      7.223218     -0.420273
   1060000      7.262800     -0.494094
   1080000      7.310107     -0.557649
   1100000      7.321445     -0.630542
   1120000      7.347367     -0.677536
   1140000      7.566636     -0.479138
   1160000      7.606516     -0.554557
   1180000      7.303059     -0.865410
   1200000      7.426398     -0.903406
   1220000      7.486060     -0.942388
   1240000      7.481710     -1.006895
   1260000      7.749347     -0.908862
   1280000      7.774606     -0.962092
   1300000      7.803607     -1.078205
   1320000      7.948361     -1.018171
   1340000      8.043861     -0.963300
   1360000      8.096320     -0.964576
   1380000      8.150248     -0.980402
   1400000      7.920465     -1.422649
   1420000      8.147132     -1.251924
   1440000      8.203840     -1.252125
   1460000      8.244031     -1.383797
   1480000      8.123110     -1.622801
   1500000      8.239734     -1.603722
   1520000      8.506370     -1.382777
   1540000      8.598470     -1.328195
   1560000      8.585962     -1.493167
   1580000      8.686333     -1.484331
   1600000      8.753851     -1.442165
   1620000      8.816959     -1.518639
   1640000      8.799847     -1.667484
   1660000      8.950031     -1.544871
   1680000      8.868227     -1.782410
   1700000      8.877620     -1.862192
   1720000      8.982827     -1.858051
   1740000      8.993596     -1.943943
   1760000      8.811163     -2.170004
   1780000      9.058257     -2.075127
   1800000      9.086242     -2.151444
   1820000      9.137736     -2.204215
   1840000      9.186794     -2.251481
   1860000      9.149020     -2.355207
   1880000      9.073146     -2.456700
   1900000      9.033743     -2.508947
   1920000      9.271679     -2.466828
   1940000      9.139719     -2.625803
   1960000      9.289112     -2.636367
   1980000      9.365165     -2.683518
   2000000      9.502521     -2.637005
   2020000      9.540865     -2.686000
   2040000      9.715900     -2.567822
   2060000      9.838409     -2.622230
   2080000      9.935866     -2.628327
   2100000      9.889419     -2.800230
   2120000      9.993565     -2.784027
   2140000      9.862565     -2.976711
   2160000      9.974963     -2.981163
   2180000     10.025627     -3.040840
   2200000      9.930564     -3.135365
   2220000     10.225428     -3.011612
   2240000     10.320041     -3.026533
   2260000     10.410394     -2.979509
   2280000     10.355837     -3.168795
   2300000     10.430009     -3.184366
   2320000     10.528634     -3.133312
   2340000     10.528576     -3.239668
   2360000     10.602124     -3.245378
   2380000     10.513639     -3.439006
   2400000     10.707534     -3.327316
   2420000     10.608563     -3.552367
   2440000     10.849346     -3.411001
   2460000     10.955812     -3.332007
   2480000     10.870976     -3.628893
   2500000     10.959856     -3.556963
   2520000     11.024064     -3.640900
   2540000     11.095870     -3.555633
   2560000     11.123444     -3.646493
   2580000     11.102550     -3.819572
   2600000     11.173949     -3.814977
   2620000     11.311661     -3.755070
   2640000     11.381764     -3.728819
   2660000     11.410781     -3.806384
   2680000     11.449542     -3.890601
   2700000     11.433955     -4.036179
   2720000     11.527594     -4.047228
   2740000     11.503737     -4.145727
   2760000     11.462252     -4.256379
   2780000     11.715461     -4.134147
   2800000     11.837245     -4.024691
   2820000     11.908004     -4.021357
   2840000     11.966712     -4.096759
   2860000     12.025966     -4.127575
   2880000     12.090474     -4.136668
   2900000     12.170467     -4.062244
   2920000     12.230080     -4.059324
   2940000     12.294993     -4.082966
   2960000     12.270053     -4.326935
   2980000     12.045074     -4.784103
   3000000     11.996525     -4.897500
   3020000     12.033548     -5.043048
   3040000     12.159345     -4.942614
   3060000     12.178767     -5.064706
   3080000     12.130602     -5.178401
   3100000     12.258364     -5.058109
   3120000     12.388521     -5.084527
   3140000     12.421538     -5.189997
   3160000     12.493212     -5.196831
   3180000     12.523758     -5.255792
   3200000     12.536367     -5.353191
   3220000     12.520659     -5.444467
   3240000     12.353980     -5.625634
   3260000     12.528316     -5.612181
   3280000     12.522365     -5.695553
   3300000     12.576873     -5.752247
   3320000     12.617485     -5.810457
   3340000     12.686593     -5.816429
   3360000     12.852771     -5.768925
   3380000     12.775025     -5.950864
   3400000     12.969725     -5.868514
   3420000     12.835790     -6.112681
   3440000     12.897449     -6.131389
   3460000     12.971511     -6.144685
   3480000     13.048047     -6.186218
   3500000     12.928278     -6.365393
   3520000     12.915968     -6.425541
   3540000     13.046888     -6.433010
   3560000     12.997706     -6.528785
   3580000     12.809119     -6.659702
   3600000     13.026915     -6.635432
   3620000     13.041561     -6.724076
   3640000     12.925556     -6.915055
   3660000     13.064313     -6.922194
   3680000     13.010874     -7.024133
   3700000     12.954928     -7.104630
   3720000     13.384934     -6.931205
   3740000     13.652117     -6.628588
   3760000     13.639846     -6.725323
   3780000     13.680816     -6.893765
   3800000     13.784548     -6.893129
   3820000     13.828874     -6.915498
   3840000     13.787147     -7.070214
   3860000     13.894537     -7.043236
   3880000     14.038604     -6.970507
   3900000     14.199763     -6.805440
   3920000     14.265022     -6.796585
   3940000     14.220564     -7.034007
   3960000     14.055629     -7.278774
   3980000     14.173192     -7.290656
   4000000     14.036521     -7.459314
   4020000     14.345230     -7.311722
   4040000     14.584928     -6.771657
   4060000     14.671958     -6.954535
   4080000     14.570039     -7.134549
   4100000     14.618230     -6.823166
   4120000     14.588525     -6.962919
   4140000     14.502874     -7.216834
   4160000     14.515120     -7.411521
   4180000     14.594202     -7.415479
   4200000     14.681349     -7.323840
   4220000     14.530505     -7.700812
   4240000     14.554480     -7.756918
   4260000     14.501000     -7.644326
   4280000     14.570711     -7.831548
   4300000     14.402479     -8.222055
   4320000     14.596620     -8.113942
   4340000     14.719420     -7.996038
   4360000     14.839497     -7.987208
   4380000     14.793997     -8.241879
   4400000     15.007285     -8.026969
   4420000     15.066843     -8.150542
   4440000     14.750669     -8.483003
   4460000     14.812694     -8.583598
   4480000     14.669976     -8.695177
   4500000     14.909294     -8.652104
   4520000     14.846413     -8.773456
   4540000     15.054140     -8.739540
   4560000     15.093076     -8.785123
   4580000     15.150905     -8.823643
   4600000     15.221571     -8.857855
   4620000     15.291034     -8.890177
   4640000     15.339906     -8.933842
   4660000     15.528453     -8.814601
   4680000     15.520339     -8.929466
   4700000     15.654265     -8.858205
   4720000     15.574111     -9.077466
   4740000     15.555700     -9.153245
   4760000     15.707366     -9.120254
   4780000     15.738298     -9.142066
   4800000     15.741278     -9.233236
   4820000     15.867270     -9.210390
   4840000     15.828941     -9.312061
   4860000     15.942065     -9.310557
   4880000     15.905058     -9.398736
   4900000     16.244012     -9.121047
   4920000     16.286538     -9.181848
   4940000     16.370475     -9.168744
   4960000     16.461692     -9.165177
   4980000     16.364040     -9.412095
   5000000     16.486925     -9.409176
   5020000     16.571881     -9.416923
   5040000     16.642875     -9.395323
   5060000     16.674709     -9.481527
   5080000     16.689278     -9.561532
   5100000     16.683277     -9.634834
   5120000     16.837439     -9.552971
   5140000     16.881969     -9.642989
   5160000     16.886335     -9.734406
   5180000     16.933587     -9.699995
   5200000     17.033644     -9.731302
   5220000     17.225090     -9.575763
   5240000     17.255669     -9.647337
   5260000     17.381078     -9.593909
   5280000     17.483059     -9.616172
   5300000     17.538306     -9.648106
   5320000     17.598269     -9.643813
   5340000     17.637120     -9.685061
   5360000     17.728770     -9.641050
   5380000     17.795239     -9.638930
   5400000     17.834744     -9.645249
   5420000     17.924443     -9.549123
   5440000     17.840390     -9.825309
   5460000     17.996778     -9.673221
   5480000     17.997616     -9.829819
   5500000     18.068771     -9.833919
   5520000     18.200012     -9.683048
   5540000     18.305012     -9.444279
   5560000     18.377466     -9.436124
   5580000     18.401326     -9.674317
   5600000     18.475625     -9.637714
   5620000     18.547080     -9.648076
   5640000     18.606761     -9.602221
   5660000     18.655319     -9.688783
   5680000     18.717526     -9.693169
   5700000     18.720916     -9.794264
   5720000     18.763126     -9.828639
   5740000     18.834535     -9.814094
   5760000     18.969349     -9.850604
   5780000     19.030223     -9.867577
   5800000     19.080642     -9.729706
   5820000     19.164794     -9.758064
   5840000     19.227376     -9.602575
   5860000     19.329266     -9.749529
   5880000     19.407591     -9.809751
   5900000     19.479564     -9.755343
   5920000     19.542351     -9.785600
   5940000     19.589280     -9.971073
   5960000     19.697309     -9.842763
   5980000     19.777810     -9.690384
   6000000     19.831982     -9.682140
