0.8656968
1.0274768
1.1415564
1.2322378
1.3081828
1.3737209
1.4314030
1.4828894
1.5293365
1.5715893
1.6102882
1.6459330
1.6789224
1.7095805
1.7381753
1.7649307
1.7900363
1.8136544
1.8359245
1.8569682
1.8768913
1.8957874
1.9137390
1.9308195
1.9470943
1.9626223
1.9774563
1.9916441
2.0052288
2.0182498
2.0307429
2.0427407
2.0542734
2.0653682
2.0760506
2.0863439
2.0962695
2.1058474
2.1150961
2.1240327
2.1326732
2.1410324
2.1491241
2.1569612
2.1645560
2.1719195
2.1790626
2.1859951
2.1927264
2.1992653
2.2056200
2.2117983
2.2178078
2.2236551
2.2293470
2.2348897
2.2402890
2.2455505
2.2506795
2.2556809
2.2605596
2.2653201
2.2699667
2.2745034
2.2789342
2.2832627
2.2874925
2.2916270
2.2956694
