2.7634046
3.1890955
3.4562016
3.6590177
3.8239176
3.9630199
4.0831502
4.1886243
4.2823847
4.3665457
4.4426877
4.5120278
4.5755263
4.6339554
4.6879465
4.7380226
4.7846224
4.8281171
4.8688241
4.9070165
4.9429313
4.9767750
5.0087290
5.0389532
5.0675893
5.0947633
5.1205878
5.1451639
5.1685825
5.1909254
5.2122670
5.2326747
5.2522098
5.2709282
5.2888811
5.3061154
5.3226742
5.3385972
5.3539207
5.3686787
5.3829022
5.3966203
5.4098597
5.4226455
5.4350008
5.4469473
5.4585052
5.4696933
5.4805294
5.4910298
5.5012103
5.5110852
5.5206683
5.5299725
5.5390098
5.5477917
5.5563289
5.5646316
5.5727095
5.5805715
5.5882264
5.5956821
5.6029465
5.6100269
5.6169302
5.6236631
5.6302317
5.6366421
5.6429000
5.6490107
5.6549795
5.6608112
5.6665105
5.6720819
5.6775298
5.6828581
5.6880708
5.6931716
