1.5712074
1.8348827
2.0077988
2.1416052
2.2518835
2.3459566
2.4279976
2.5006651
2.5657828
2.6246681
2.6783106
2.7274761
2.7727719
2.8146886
2.8536293
2.8899296
2.9238722
2.9556977
2.9856125
3.0137953
3.0404016
3.0655679
3.0894144
3.1120474
3.1335617
3.1540420
3.1735642
3.1921967
3.2100011
3.2270336
3.2433448
3.2589812
3.2739849
3.2883949
3.3022465
3.3155724
3.3284029
3.3407656
3.3526863
3.3641887
3.3752951
3.3860258
3.3964000
3.4064355
3.4161490
3.4255559
3.4346707
3.4435071
3.4520779
3.4603950
3.4684696
3.4763124
3.4839334
3.4913419
3.4985469
3.5055566
3.5123790
3.5190217
3.5254916
3.5317956
3.5379400
3.5439308
3.5497738
3.5554744
3.5610379
3.5664691
3.5717728
3.5769534
3.5820153
3.5869624
3.5917987
3.5965279
3.6011535
