3.6958618
4.2817891
4.6343022
4.8976970
5.1094655
5.2864891
5.4381762
5.5704337
5.6872653
5.7915336
5.8853681
5.9704011
6.0479146
6.1189354
6.1842991
6.2446950
6.3006989
6.3527961
6.4013998
6.4468642
6.4894955
6.5295596
6.5672891
6.6028885
6.6365382
6.6683983
6.6986114
6.7273049
6.7545931
6.7805790
6.8053553
6.8290061
6.8516078
6.8732298
6.8939353
6.9137824
6.9328241
6.9511091
6.9686822
6.9855846
7.0018546
7.0175273
7.0326354
7.0472092
7.0612768
7.0748644
7.0879964
7.1006955
7.1129829
7.1248785
7.1364010
7.1475676
7.1583948
7.1688980
7.1790915
7.1889889
7.1986031
7.2079461
7.2170292
7.2258634
7.2344586
7.2428245
7.2509702
7.2589044
7.2666352
7.2741704
7.2815174
7.2886830
7.2956741
7.3024969
7.3091575
7.3156616
7.3220146
7.3282219
7.3342883
7.3402187
7.3460176
7.3516892
7.3572379
7.3626675
7.3679818
